12.01449100 77.02805300 143.90001000
12.01449100 77.02805300 143.90001000
12.01449100 77.02805300 143.90001000
12.01449100 77.02805300 143.90001000
12.01449100 77.02805300 143.90001000
12.01449100 77.02805300 144.20000000
12.01449100 77.02805300 144.20000000
12.01449100 77.02805300 144.20000000
12.01449100 77.02805300 144.20000000
12.01449100 77.02805300 144.20000000
12.01449100 77.02805300 144.20000000
12.01449100 77.02805300 144.20000000
12.01449100 77.02805300 144.20000000
12.01449100 77.02805300 144.20000000
12.01449100 77.02805300 144.20000000
12.01449100 77.02805300 144.30000000
12.01449100 77.02805300 144.30000000
12.01449100 77.02805300 144.30000000
12.01449100 77.02805300 144.30000000
12.01449100 77.02805300 144.30000000
12.01449100 77.02805300 144.30000000
12.01449100 77.02805300 144.30000000
12.01449100 77.02805300 144.30000000
12.01449100 77.02805300 144.30000000
12.01449000 77.02805300 144.30000000
12.01449000 77.02805300 144.30000000
12.01449000 77.02805300 144.30000000
12.01449000 77.02805300 144.30000000
12.01449000 77.02805300 144.30000000
12.01449000 77.02805300 144.30000000
12.01449000 77.02805300 144.30000000
12.01449000 77.02805300 144.30000000
12.01449000 77.02805300 144.30000000
12.01449000 77.02805300 144.30000000
12.01449000 77.02805300 144.30000000
12.01449000 77.02805300 143.80000000
12.01449000 77.02805300 143.80000000
12.01449000 77.02805300 143.80000000
12.01449000 77.02805300 143.80000000
12.01449000 77.02805300 143.80000000
12.01449000 77.02805300 143.80000000
12.01449000 77.02805300 143.80000000
12.01449000 77.02805300 143.80000000
12.01449000 77.02804600 143.80000000
12.01449000 77.02804600 143.60001000
12.01449000 77.02804600 143.60001000
12.01449000 77.02804600 143.60001000
12.01449000 77.02804600 143.60001000
12.01449000 77.02804600 143.60001000
12.01449000 77.02804600 143.60001000
12.01449000 77.02804600 143.60001000
12.01449000 77.02804600 143.60001000
12.01449000 77.02804600 143.60001000
12.01449100 77.02804600 143.60001000
12.01449100 77.02804600 143.40001000
12.01449100 77.02804600 143.40001000
12.01449100 77.02804600 143.40001000
12.01449100 77.02804600 143.40001000
12.01449100 77.02804600 143.40001000
12.01449100 77.02804600 143.40001000
12.01449100 77.02804600 143.40001000
12.01449100 77.02804600 143.40001000
12.01449100 77.02804600 143.40001000
12.01449100 77.02804600 143.40001000
12.01449100 77.02804600 143.30000000
12.01449100 77.02804600 143.30000000
12.01449100 77.02804600 143.30000000
12.01449100 77.02804600 143.30000000
12.01449100 77.02804600 143.30000000
12.01449100 77.02804600 143.30000000
12.01449100 77.02804600 143.30000000
12.01449100 77.02804600 143.30000000
12.01449100 77.02804600 143.30000000
12.01449100 77.02803800 143.30000000
12.01449100 77.02803800 143.20000000
12.01449100 77.02803800 143.20000000
12.01449100 77.02803800 143.20000000
12.01449100 77.02803800 143.20000000
12.01449100 77.02803800 143.20000000
12.01449100 77.02803800 143.20000000
12.01449100 77.02803800 143.20000000
12.01449100 77.02803800 143.20000000
12.01449100 77.02803800 143.20000000
12.01449200 77.02803800 143.20000000
12.01449200 77.02803800 143.20000000
12.01449200 77.02803800 143.20000000
12.01449200 77.02803800 143.20000000
12.01449200 77.02803800 143.20000000
12.01449200 77.02803800 143.20000000
12.01449200 77.02803800 143.20000000
12.01449200 77.02803800 143.20000000
12.01449200 77.02803800 143.20000000
12.01449200 77.02803800 143.20000000
12.01449300 77.02803000 143.20000000
12.01449300 77.02803000 142.90001000
12.01449300 77.02803000 142.90001000
12.01449300 77.02803000 142.90001000
12.01449300 77.02803000 142.90001000
12.01449300 77.02803000 142.90001000
12.01449300 77.02803000 142.90001000
12.01449300 77.02803000 142.90001000
12.01449300 77.02803000 142.90001000
12.01449300 77.02803000 142.90001000
12.01449500 77.02803000 142.90001000
12.01449500 77.02803000 142.80000000
12.01449500 77.02803000 142.80000000
12.01449500 77.02803000 142.80000000
12.01449500 77.02803000 142.80000000
12.01449500 77.02803000 142.80000000
12.01449500 77.02803000 142.80000000
12.01449500 77.02803000 142.80000000
12.01449500 77.02803000 142.80000000
12.01449500 77.02803000 142.80000000
12.01449500 77.02803000 142.70000000
12.01449500 77.02803000 142.70000000
12.01449500 77.02803000 142.70000000
12.01449500 77.02803000 142.70000000
12.01449500 77.02803000 142.70000000
12.01449500 77.02803000 142.70000000
12.01449500 77.02803000 142.70000000
12.01449500 77.02803000 142.70000000
12.01449500 77.02803000 142.70000000
12.01449600 77.02803000 142.70000000
12.01449600 77.02803000 142.60001000
12.01449600 77.02803000 142.60001000
12.01449600 77.02803000 142.60001000
12.01449600 77.02803000 142.60001000
12.01449600 77.02803000 142.60001000
12.01449600 77.02803000 142.60001000
12.01449600 77.02803000 142.60001000
12.01449600 77.02803000 142.60001000
12.01449600 77.02803000 142.60001000
12.01449700 77.02802300 142.60001000
12.01449700 77.02802300 142.40001000
12.01449700 77.02802300 142.40001000
12.01449700 77.02802300 142.40001000
12.01449700 77.02802300 142.40001000
12.01449700 77.02802300 142.40001000
12.01449700 77.02802300 142.40001000
12.01449700 77.02802300 142.40001000
12.01449700 77.02802300 142.40001000
12.01449700 77.02802300 142.40001000
12.01449700 77.02801500 142.40001000
12.01449700 77.02801500 142.30000000
12.01449700 77.02801500 142.30000000
12.01449700 77.02801500 142.30000000
12.01449700 77.02801500 142.30000000
12.01449700 77.02801500 142.30000000
12.01449700 77.02801500 142.30000000
12.01449700 77.02801500 142.30000000
12.01449700 77.02801500 142.30000000
12.01449700 77.02801500 142.30000000
12.01449900 77.02801500 142.30000000
12.01449900 77.02801500 142.20000000
12.01449900 77.02801500 142.20000000
12.01449900 77.02801500 142.20000000
12.01449900 77.02801500 142.20000000
12.01449900 77.02801500 142.20000000
12.01449900 77.02801500 142.20000000
12.01449900 77.02801500 142.20000000
12.01449900 77.02801500 142.20000000
12.01449900 77.02801500 142.20000000
12.01449900 77.02801500 142.20000000
12.01449900 77.02801500 142.20000000
12.01449900 77.02801500 142.20000000
12.01449900 77.02801500 142.20000000
12.01449900 77.02801500 142.20000000
12.01449900 77.02801500 142.20000000
12.01449900 77.02801500 142.20000000
12.01449900 77.02801500 142.20000000
12.01449900 77.02801500 142.20000000
12.01449900 77.02801500 142.20000000
12.01450000 77.02801500 142.20000000
12.01450000 77.02801500 142.00000000
12.01450000 77.02801500 142.00000000
12.01450000 77.02801500 142.00000000
12.01450000 77.02801500 142.00000000
12.01450000 77.02801500 142.00000000
12.01450000 77.02801500 142.00000000
12.01450000 77.02801500 142.00000000
12.01450000 77.02801500 142.00000000
12.01450000 77.02800800 142.00000000
12.01450000 77.02800800 141.90001000
12.01450000 77.02800800 141.90001000
12.01450000 77.02800800 141.90001000
12.01450000 77.02800800 141.90001000
12.01450000 77.02800800 141.90001000
12.01450000 77.02800800 141.90001000
12.01450000 77.02800800 141.90001000
12.01450000 77.02800800 141.90001000
12.01450000 77.02800800 141.90001000
12.01449900 77.02800000 141.90001000
12.01449900 77.02800000 141.70000000
12.01449900 77.02800000 141.70000000
12.01449900 77.02800000 141.70000000
12.01449900 77.02800000 141.70000000
12.01449900 77.02800000 141.70000000
12.01449900 77.02800000 141.70000000
12.01449900 77.02800000 141.70000000
12.01449900 77.02800000 141.70000000
12.01449900 77.02800000 141.70000000
12.01449900 77.02800000 141.70000000
12.01449900 77.02800000 141.80000000
12.01449900 77.02800000 141.80000000
12.01449900 77.02800000 141.80000000
12.01449900 77.02800000 141.80000000
12.01449900 77.02800000 141.80000000
12.01449900 77.02800000 141.80000000
12.01449900 77.02800000 141.80000000
12.01449900 77.02800000 141.80000000
12.01449900 77.02800000 141.80000000
12.01449300 77.02800800 141.80000000
12.01449300 77.02800800 141.70000000
12.01449300 77.02800800 141.70000000
12.01449300 77.02800800 141.70000000
12.01449300 77.02800800 141.70000000
12.01449300 77.02800800 141.70000000
12.01449300 77.02800800 141.70000000
12.01449300 77.02800800 141.70000000
12.01449300 77.02800800 141.70000000
12.01449300 77.02800800 141.70000000
12.01448700 77.02800000 141.70000000
12.01448700 77.02800000 141.30000000
12.01448700 77.02800000 141.30000000
12.01448700 77.02800000 141.30000000
12.01448700 77.02800000 141.30000000
12.01448700 77.02800000 141.30000000
12.01448700 77.02800000 141.30000000
12.01448700 77.02800000 141.30000000
12.01448700 77.02800000 141.30000000
12.01448700 77.02800000 141.30000000
12.01448000 77.02800800 141.30000000
12.01448000 77.02800800 141.00000000
12.01448000 77.02800800 141.00000000
12.01448000 77.02800800 141.00000000
12.01448000 77.02800800 141.00000000
12.01448000 77.02800800 141.00000000
12.01448000 77.02800800 141.00000000
12.01448000 77.02800800 141.00000000
12.01448000 77.02800800 141.00000000
12.01448000 77.02800800 141.00000000
12.01447000 77.02801500 141.00000000
12.01447000 77.02801500 141.40001000
12.01447000 77.02801500 141.40001000
12.01447000 77.02801500 141.40001000
12.01447000 77.02801500 141.40001000
12.01447000 77.02801500 141.40001000
12.01447000 77.02801500 141.40001000
12.01447000 77.02801500 141.40001000
12.01447000 77.02801500 141.40001000
12.01447000 77.02801500 141.40001000
12.01446800 77.02801500 141.40001000
12.01446800 77.02801500 141.30000000
12.01446800 77.02801500 141.30000000
12.01446800 77.02801500 141.30000000
12.01446800 77.02801500 141.30000000
12.01446800 77.02801500 141.30000000
12.01446800 77.02801500 141.30000000
12.01446800 77.02801500 141.30000000
12.01446800 77.02801500 141.30000000
12.01446400 77.02801500 141.30000000
12.01446400 77.02801500 141.60001000
12.01446400 77.02801500 141.60001000
12.01446400 77.02801500 141.60001000
12.01446400 77.02801500 141.60001000
12.01446400 77.02801500 141.60001000
12.01446400 77.02801500 141.60001000
12.01446400 77.02801500 141.60001000
12.01446400 77.02801500 141.60001000
12.01446400 77.02801500 141.60001000
12.01445100 77.02801500 141.60001000
12.01445100 77.02801500 141.40001000
12.01445100 77.02801500 141.40001000
12.01445100 77.02801500 141.40001000
12.01445100 77.02801500 141.40001000
12.01445100 77.02801500 141.40001000
12.01445100 77.02801500 141.40001000
12.01445100 77.02801500 141.40001000
12.01445100 77.02801500 141.40001000
12.01445100 77.02801500 141.40001000
12.01444400 77.02801500 141.40001000
12.01444400 77.02801500 141.20000000
12.01444400 77.02801500 141.20000000
12.01444400 77.02801500 141.20000000
12.01444400 77.02801500 141.20000000
12.01444400 77.02801500 141.20000000
12.01444400 77.02801500 141.20000000
12.01444400 77.02801500 141.20000000
12.01444400 77.02801500 141.20000000
12.01444400 77.02801500 141.20000000
12.01444700 77.02800800 141.20000000
12.01444700 77.02800800 139.90001000
12.01444700 77.02800800 139.90001000
12.01444700 77.02800800 139.90001000
12.01444700 77.02800800 139.90001000
12.01444700 77.02800800 139.90001000
12.01444700 77.02800800 139.90001000
12.01444700 77.02800800 139.90001000
12.01444700 77.02800800 139.90001000
12.01444700 77.02800800 139.90001000
12.01444300 77.02800000 139.90001000
12.01444300 77.02800000 140.00000000
12.01444300 77.02800000 140.00000000
12.01444300 77.02800000 140.00000000
12.01444300 77.02800000 140.00000000
12.01444300 77.02800000 140.00000000
12.01444300 77.02800000 140.00000000
12.01444300 77.02800000 140.00000000
12.01444300 77.02800000 140.00000000
12.01444300 77.02800000 140.00000000
12.01444200 77.02800000 140.00000000
12.01444200 77.02800000 141.20000000
12.01444200 77.02800000 141.20000000
12.01444200 77.02800000 141.20000000
12.01444200 77.02800000 141.20000000
12.01444200 77.02800000 141.20000000
12.01444200 77.02800000 141.20000000
12.01444200 77.02800000 141.20000000
12.01444200 77.02800000 141.20000000
12.01444200 77.02800000 141.20000000
12.01444000 77.02800000 141.20000000
12.01444000 77.02800000 141.40001000
12.01444000 77.02800000 141.40001000
12.01444000 77.02800000 141.40001000
12.01444000 77.02800000 141.40001000
12.01444000 77.02800000 141.40001000
12.01444000 77.02800000 141.40001000
12.01444000 77.02800000 141.40001000
12.01444000 77.02800000 141.40001000
12.01443400 77.02800000 141.40001000
12.01443400 77.02800000 141.20000000
12.01443400 77.02800000 141.20000000
12.01443400 77.02800000 141.20000000
12.01443400 77.02800000 141.20000000
12.01443400 77.02800000 141.20000000
12.01443400 77.02800000 141.20000000
12.01443400 77.02800000 141.20000000
12.01443400 77.02800000 141.20000000
12.01443400 77.02800000 141.20000000
12.01442900 77.02800800 141.20000000
12.01442900 77.02800800 141.10001000
12.01442900 77.02800800 141.10001000
12.01442900 77.02800800 141.10001000
12.01442900 77.02800800 141.10001000
12.01442900 77.02800800 141.10001000
12.01442900 77.02800800 141.10001000
12.01442900 77.02800800 141.10001000
12.01442900 77.02800800 141.10001000
12.01442900 77.02800800 141.10001000
12.01442900 77.02800000 141.10001000
12.01442900 77.02800000 141.60001000
12.01442900 77.02800000 141.60001000
12.01442900 77.02800000 141.60001000
12.01442900 77.02800000 141.60001000
12.01442900 77.02800000 141.60001000
12.01442900 77.02800000 141.60001000
12.01442900 77.02800000 141.60001000
12.01442900 77.02800000 141.60001000
12.01442900 77.02800000 141.60001000
12.01442100 77.02800800 141.60001000
12.01442100 77.02800800 141.90001000
12.01442100 77.02800800 141.90001000
12.01442100 77.02800800 141.90001000
12.01442100 77.02800800 141.90001000
12.01442100 77.02800800 141.90001000
12.01442100 77.02800800 141.90001000
12.01442100 77.02800800 141.90001000
12.01442100 77.02800800 141.90001000
12.01442100 77.02800800 141.90001000
12.01441700 77.02800800 141.90001000
12.01441700 77.02800800 143.70000000
12.01441700 77.02800800 143.70000000
12.01441700 77.02800800 143.70000000
12.01441700 77.02800800 143.70000000
12.01441700 77.02800800 143.70000000
12.01441700 77.02800800 143.70000000
12.01441700 77.02800800 143.70000000
12.01441700 77.02800800 143.70000000
12.01441700 77.02800800 143.70000000
12.01441000 77.02800000 143.70000000
12.01441000 77.02800000 143.70000000
12.01441000 77.02800000 143.70000000
12.01441000 77.02800000 143.70000000
12.01441000 77.02800000 143.70000000
12.01441000 77.02800000 143.70000000
12.01441000 77.02800000 143.70000000
12.01441000 77.02800000 143.70000000
12.01441000 77.02800000 143.70000000
12.01441000 77.02800000 143.70000000
12.01440800 77.02800000 143.70000000
12.01440800 77.02800000 143.30000000
12.01440800 77.02800000 143.30000000
12.01440800 77.02800000 143.30000000
12.01440800 77.02800000 143.30000000
12.01440800 77.02800000 143.30000000
12.01440800 77.02800000 143.30000000
12.01440800 77.02800000 143.30000000
12.01440800 77.02800000 143.30000000
12.01440800 77.02800000 143.30000000
12.01439700 77.02800000 143.30000000
12.01439700 77.02800000 144.70000000
12.01439700 77.02800000 144.70000000
12.01439700 77.02800000 144.70000000
12.01439700 77.02800000 144.70000000
12.01439700 77.02800000 144.70000000
12.01439700 77.02800000 144.70000000
12.01439700 77.02800000 144.70000000
12.01439700 77.02800000 144.70000000
12.01439700 77.02800000 144.70000000
12.01439100 77.02800000 144.70000000
12.01439100 77.02800000 145.50000000
12.01439100 77.02800000 145.50000000
12.01439100 77.02800000 145.50000000
12.01439100 77.02800000 145.50000000
12.01439100 77.02800000 145.50000000
12.01439100 77.02800000 145.50000000
12.01439100 77.02800000 145.50000000
12.01439100 77.02800000 145.50000000
12.01439000 77.02800000 145.50000000
12.01439000 77.02800000 145.20000000
12.01439000 77.02800000 145.20000000
12.01439000 77.02800000 145.20000000
12.01439000 77.02800000 145.20000000
12.01439000 77.02800000 145.20000000
12.01439000 77.02800000 145.20000000
12.01439000 77.02800000 145.20000000
12.01439000 77.02800000 145.20000000
12.01439000 77.02800000 145.20000000
12.01438500 77.02799200 145.20000000
12.01438500 77.02799200 145.20000000
12.01438500 77.02799200 145.20000000
12.01438500 77.02799200 145.20000000
12.01438500 77.02799200 145.20000000
12.01438500 77.02799200 145.20000000
12.01438500 77.02799200 145.20000000
12.01438500 77.02799200 145.20000000
12.01438500 77.02799200 145.20000000
12.01438500 77.02799200 145.20000000
12.01438100 77.02799200 145.20000000
12.01438100 77.02799200 145.90001000
12.01438100 77.02799200 145.90001000
12.01438100 77.02799200 145.90001000
12.01438100 77.02799200 145.90001000
12.01438100 77.02799200 145.90001000
12.01438100 77.02799200 145.90001000
12.01438100 77.02799200 145.90001000
12.01438100 77.02799200 145.90001000
12.01438100 77.02799200 145.90001000
12.01437400 77.02798500 145.90001000
12.01437400 77.02798500 146.40001000
12.01437400 77.02798500 146.40001000
12.01437400 77.02798500 146.40001000
12.01437400 77.02798500 146.40001000
12.01437400 77.02798500 146.40001000
12.01437400 77.02798500 146.40001000
12.01437400 77.02798500 146.40001000
12.01437400 77.02798500 146.40001000
12.01437400 77.02798500 146.40001000
12.01436900 77.02798500 146.40001000
12.01436900 77.02798500 146.80000000
12.01436900 77.02798500 146.80000000
12.01436900 77.02798500 146.80000000
12.01436900 77.02798500 146.80000000
12.01436900 77.02798500 146.80000000
12.01436900 77.02798500 146.80000000
12.01436900 77.02798500 146.80000000
12.01436900 77.02798500 146.80000000
12.01436900 77.02798500 146.80000000
12.01436400 77.02798500 146.80000000
12.01436400 77.02798500 147.50000000
12.01436400 77.02798500 147.50000000
12.01436400 77.02798500 147.50000000
12.01436400 77.02798500 147.50000000
12.01436400 77.02798500 147.50000000
12.01436400 77.02798500 147.50000000
12.01436400 77.02798500 147.50000000
12.01436400 77.02798500 147.50000000
12.01436400 77.02798500 147.50000000
12.01435500 77.02799200 147.50000000
12.01435500 77.02799200 149.30000000
12.01435500 77.02799200 149.30000000
12.01435500 77.02799200 149.30000000
12.01435500 77.02799200 149.30000000
12.01435500 77.02799200 149.30000000
12.01435500 77.02799200 149.30000000
12.01435500 77.02799200 149.30000000
12.01435500 77.02799200 149.30000000
12.01435500 77.02799200 149.30000000
12.01434900 77.02799200 149.30000000
12.01434900 77.02799200 149.90001000
12.01434900 77.02799200 149.90001000
12.01434900 77.02799200 149.90001000
12.01434900 77.02799200 149.90001000
12.01434900 77.02799200 149.90001000
12.01434900 77.02799200 149.90001000
12.01434900 77.02799200 149.90001000
12.01434900 77.02799200 149.90001000
12.01434900 77.02799200 149.90001000
12.01434200 77.02799200 149.90001000
12.01434200 77.02799200 149.90001000
12.01434200 77.02799200 149.90001000
12.01434200 77.02799200 149.90001000
12.01434200 77.02799200 149.90001000
12.01434200 77.02799200 149.90001000
12.01434200 77.02799200 149.90001000
12.01434200 77.02799200 149.90001000
12.01434200 77.02799200 149.90001000
12.01434000 77.02798500 149.90001000
12.01434000 77.02798500 149.50000000
12.01434000 77.02798500 149.50000000
12.01434000 77.02798500 149.50000000
12.01434000 77.02798500 149.50000000
12.01434000 77.02798500 149.50000000
12.01434000 77.02798500 149.50000000
12.01434000 77.02798500 149.50000000
12.01434000 77.02798500 149.50000000
12.01434000 77.02798500 149.50000000
12.01433800 77.02798500 149.50000000
12.01433800 77.02798500 149.20000000
12.01433800 77.02798500 149.20000000
12.01433800 77.02798500 149.20000000
12.01433800 77.02798500 149.20000000
12.01433800 77.02798500 149.20000000
12.01433800 77.02798500 149.20000000
12.01433800 77.02798500 149.20000000
12.01433800 77.02798500 149.20000000
12.01433800 77.02798500 149.20000000
12.01433400 77.02798500 149.20000000
12.01433400 77.02798500 149.20000000
12.01433400 77.02798500 149.20000000
12.01433400 77.02798500 149.20000000
12.01433400 77.02798500 149.20000000
12.01433400 77.02798500 149.20000000
12.01433400 77.02798500 149.20000000
12.01433400 77.02798500 149.20000000
12.01433400 77.02798500 149.20000000
12.01433400 77.02798500 149.20000000
12.01433000 77.02798500 149.20000000
12.01433000 77.02798500 149.10001000
12.01433000 77.02798500 149.10001000
12.01433000 77.02798500 149.10001000
12.01433000 77.02798500 149.10001000
12.01433000 77.02798500 149.10001000
12.01433000 77.02798500 149.10001000
12.01433000 77.02798500 149.10001000
12.01433000 77.02798500 149.10001000
12.01433000 77.02798500 149.10001000
12.01432400 77.02798500 149.10001000
12.01432400 77.02798500 149.00000000
12.01432400 77.02798500 149.00000000
12.01432400 77.02798500 149.00000000
12.01432400 77.02798500 149.00000000
12.01432400 77.02798500 149.00000000
12.01432400 77.02798500 149.00000000
12.01432400 77.02798500 149.00000000
12.01432400 77.02798500 149.00000000
12.01432400 77.02798500 149.00000000
12.01432200 77.02798500 149.00000000
12.01432200 77.02798500 148.30000000
12.01432200 77.02798500 148.30000000
12.01432200 77.02798500 148.30000000
12.01432200 77.02798500 148.30000000
12.01432200 77.02798500 148.30000000
12.01432200 77.02798500 148.30000000
12.01432200 77.02798500 148.30000000
12.01432200 77.02798500 148.30000000
12.01432000 77.02798500 148.30000000
12.01432000 77.02798500 148.00000000
12.01432000 77.02798500 148.00000000
12.01432000 77.02798500 148.00000000
12.01432000 77.02798500 148.00000000
12.01432000 77.02798500 148.00000000
12.01432000 77.02798500 148.00000000
12.01432000 77.02798500 148.00000000
12.01432000 77.02798500 148.00000000
12.01432000 77.02798500 148.00000000
12.01431700 77.02798500 148.00000000
12.01431700 77.02798500 147.50000000
12.01431700 77.02798500 147.50000000
12.01431700 77.02798500 147.50000000
12.01431700 77.02798500 147.50000000
12.01431700 77.02798500 147.50000000
12.01431700 77.02798500 147.50000000
12.01431700 77.02798500 147.50000000
12.01431700 77.02798500 147.50000000
12.01431700 77.02798500 147.50000000
12.01431000 77.02797700 147.50000000
12.01431000 77.02797700 147.30000000
12.01431000 77.02797700 147.30000000
12.01431000 77.02797700 147.30000000
12.01431000 77.02797700 147.30000000
12.01431000 77.02797700 147.30000000
12.01431000 77.02797700 147.30000000
12.01431000 77.02797700 147.30000000
12.01431000 77.02797700 147.30000000
12.01431000 77.02797700 147.30000000
12.01430300 77.02797700 147.30000000
12.01430300 77.02797700 146.50000000
12.01430300 77.02797700 146.50000000
12.01430300 77.02797700 146.50000000
12.01430300 77.02797700 146.50000000
12.01430300 77.02797700 146.50000000
12.01430300 77.02797700 146.50000000
12.01430300 77.02797700 146.50000000
12.01430300 77.02797700 146.50000000
12.01430300 77.02797700 146.50000000
12.01430100 77.02797700 146.50000000
12.01430100 77.02797700 146.80000000
12.01430100 77.02797700 146.80000000
12.01430100 77.02797700 146.80000000
12.01430100 77.02797700 146.80000000
12.01430100 77.02797700 146.80000000
12.01430100 77.02797700 146.80000000
12.01430100 77.02797700 146.80000000
12.01430100 77.02797700 146.80000000
12.01430100 77.02797700 146.80000000
12.01429700 77.02797700 146.80000000
12.01429700 77.02797700 147.90001000
12.01429700 77.02797700 147.90001000
12.01429700 77.02797700 147.90001000
12.01429700 77.02797700 147.90001000
12.01429700 77.02797700 147.90001000
12.01429700 77.02797700 147.90001000
12.01429700 77.02797700 147.90001000
12.01429700 77.02797700 147.90001000
12.01429700 77.02797700 147.90001000
12.01429600 77.02797700 147.90001000
12.01429600 77.02797700 146.70000000
12.01429600 77.02797700 146.70000000
12.01429600 77.02797700 146.70000000
12.01429600 77.02797700 146.70000000
12.01429600 77.02797700 146.70000000
12.01429600 77.02797700 146.70000000
12.01429600 77.02797700 146.70000000
12.01429600 77.02797700 146.70000000
12.01429600 77.02797700 146.70000000
12.01429600 77.02797700 146.70000000
12.01429600 77.02797700 146.80000000
12.01429600 77.02797700 146.80000000
12.01429600 77.02797700 146.80000000
12.01429600 77.02797700 146.80000000
12.01429600 77.02797700 146.80000000
12.01429600 77.02797700 146.80000000
12.01429600 77.02797700 146.80000000
12.01429600 77.02797700 146.80000000
12.01429700 77.02797700 146.80000000
12.01429700 77.02797700 147.30000000
12.01429700 77.02797700 147.30000000
12.01429700 77.02797700 147.30000000
12.01429700 77.02797700 147.30000000
12.01429700 77.02797700 147.30000000
12.01429700 77.02797700 147.30000000
12.01429700 77.02797700 147.30000000
12.01429700 77.02797700 147.30000000
12.01429700 77.02797700 147.30000000
12.01429600 77.02797700 147.30000000
12.01429600 77.02797700 147.10001000
12.01429600 77.02797700 147.10001000
12.01429600 77.02797700 147.10001000
12.01429600 77.02797700 147.10001000
12.01429600 77.02797700 147.10001000
12.01429600 77.02797700 147.10001000
12.01429600 77.02797700 147.10001000
12.01429600 77.02797700 147.10001000
12.01429600 77.02797700 147.10001000
12.01429700 77.02798500 147.10001000
12.01429700 77.02798500 146.10001000
12.01429700 77.02798500 146.10001000
12.01429700 77.02798500 146.10001000
12.01429700 77.02798500 146.10001000
12.01429700 77.02798500 146.10001000
12.01429700 77.02798500 146.10001000
12.01429700 77.02798500 146.10001000
12.01429700 77.02798500 146.10001000
12.01429700 77.02798500 146.10001000
12.01429600 77.02798500 146.10001000
12.01429600 77.02798500 146.60001000
12.01429600 77.02798500 146.60001000
12.01429600 77.02798500 146.60001000
12.01429600 77.02798500 146.60001000
12.01429600 77.02798500 146.60001000
12.01429600 77.02798500 146.60001000
12.01429600 77.02798500 146.60001000
12.01429600 77.02798500 146.60001000
12.01429600 77.02798500 146.60001000
12.01429700 77.02799200 146.60001000
12.01429700 77.02799200 145.70000000
12.01429700 77.02799200 145.70000000
12.01429700 77.02799200 145.70000000
12.01429700 77.02799200 145.70000000
12.01429700 77.02799200 145.70000000
12.01429700 77.02799200 145.70000000
12.01429700 77.02799200 145.70000000
12.01429700 77.02799200 145.70000000
12.01429700 77.02799200 145.70000000
12.01429600 77.02800000 145.70000000
12.01429600 77.02800000 145.40001000
12.01429600 77.02800000 145.40001000
12.01429600 77.02800000 145.40001000
12.01429600 77.02800000 145.40001000
12.01429600 77.02800000 145.40001000
12.01429600 77.02800000 145.40001000
12.01429600 77.02800000 145.40001000
12.01429600 77.02800000 145.40001000
12.01429600 77.02800000 145.40001000
12.01429600 77.02800000 145.40001000
12.01429600 77.02800000 144.70000000
12.01429600 77.02800000 144.70000000
12.01429600 77.02800000 144.70000000
12.01429600 77.02800000 144.70000000
12.01429600 77.02800000 144.70000000
12.01429600 77.02800000 144.70000000
12.01429600 77.02800000 144.70000000
12.01429600 77.02800000 144.70000000
12.01429600 77.02800000 144.70000000
12.01429600 77.02800800 144.70000000
12.01429600 77.02800800 144.50000000
12.01429600 77.02800800 144.50000000
12.01429600 77.02800800 144.50000000
12.01429600 77.02800800 144.50000000
12.01429600 77.02800800 144.50000000
12.01429600 77.02800800 144.50000000
12.01429600 77.02800800 144.50000000
12.01429600 77.02800800 144.50000000
12.01429600 77.02800800 144.50000000
12.01429600 77.02801500 144.50000000
12.01429600 77.02801500 143.70000000
12.01429600 77.02801500 143.70000000
12.01429600 77.02801500 143.70000000
12.01429600 77.02801500 143.70000000
12.01429600 77.02801500 143.70000000
12.01429600 77.02801500 143.70000000
12.01429600 77.02801500 143.70000000
12.01429600 77.02801500 143.70000000
12.01429600 77.02801500 143.70000000
12.01429600 77.02801500 142.40001000
12.01429600 77.02801500 142.40001000
12.01429600 77.02801500 142.40001000
12.01429600 77.02801500 142.40001000
12.01429600 77.02801500 142.40001000
12.01429600 77.02801500 142.40001000
12.01429600 77.02801500 142.40001000
12.01429600 77.02801500 142.40001000
12.01429600 77.02801500 142.40001000
12.01429600 77.02801500 142.40001000
12.01429600 77.02801500 142.60001000
12.01429600 77.02801500 142.60001000
12.01429600 77.02801500 142.60001000
12.01429600 77.02801500 142.60001000
12.01429600 77.02801500 142.60001000
12.01429600 77.02801500 142.60001000
12.01429600 77.02801500 142.60001000
12.01429600 77.02801500 142.60001000
12.01429600 77.02801500 142.60001000
12.01429700 77.02802300 142.60001000
12.01429700 77.02802300 141.80000000
12.01429700 77.02802300 141.80000000
12.01429700 77.02802300 141.80000000
12.01429700 77.02802300 141.80000000
12.01429700 77.02802300 141.80000000
12.01429700 77.02802300 141.80000000
12.01429700 77.02802300 141.80000000
12.01429700 77.02802300 141.80000000
12.01429700 77.02802300 141.80000000
12.01429900 77.02803000 141.80000000
12.01429900 77.02803000 141.80000000
12.01429900 77.02803000 141.80000000
12.01429900 77.02803000 141.80000000
12.01429900 77.02803000 141.80000000
12.01429900 77.02803000 141.80000000
12.01429900 77.02803000 141.80000000
12.01429900 77.02803000 141.80000000
12.01429900 77.02803000 141.80000000
12.01429900 77.02803000 141.80000000
12.01430400 77.02802300 141.80000000
12.01430400 77.02802300 141.20000000
12.01430400 77.02802300 141.20000000
12.01430400 77.02802300 141.20000000
12.01430400 77.02802300 141.20000000
12.01430400 77.02802300 141.20000000
12.01430400 77.02802300 141.20000000
12.01430400 77.02802300 141.20000000
12.01430400 77.02802300 141.20000000
12.01430400 77.02802300 141.20000000
12.01430800 77.02802300 141.20000000
12.01430800 77.02802300 140.60001000
12.01430800 77.02802300 140.60001000
12.01430800 77.02802300 140.60001000
12.01430800 77.02802300 140.60001000
12.01430800 77.02802300 140.60001000
12.01430800 77.02802300 140.60001000
12.01430800 77.02802300 140.60001000
12.01430800 77.02802300 140.60001000
12.01430800 77.02802300 140.60001000
12.01431300 77.02802300 140.60001000
12.01431300 77.02802300 142.20000000
12.01431300 77.02802300 142.20000000
12.01431300 77.02802300 142.20000000
12.01431300 77.02802300 142.20000000
12.01431300 77.02802300 142.20000000
12.01431300 77.02802300 142.20000000
12.01431300 77.02802300 142.20000000
12.01431300 77.02802300 142.20000000
12.01431800 77.02802300 142.20000000
12.01431800 77.02802300 142.20000000
12.01431800 77.02802300 141.50000000
12.01431800 77.02802300 141.50000000
12.01431800 77.02802300 141.50000000
12.01431800 77.02802300 141.50000000
12.01431800 77.02802300 141.50000000
12.01431800 77.02802300 141.50000000
12.01431800 77.02802300 141.50000000
12.01431800 77.02802300 141.50000000
12.01431800 77.02802300 141.50000000
12.01431800 77.02802300 140.30000000
12.01431800 77.02802300 140.30000000
12.01431800 77.02802300 140.30000000
12.01431800 77.02802300 140.30000000
12.01431800 77.02802300 140.30000000
12.01431800 77.02802300 140.30000000
12.01431800 77.02802300 140.30000000
12.01431800 77.02802300 140.30000000
12.01431800 77.02802300 140.30000000
12.01432000 77.02802300 140.30000000
12.01432000 77.02802300 140.60001000
12.01432000 77.02802300 140.60001000
12.01432000 77.02802300 140.60001000
12.01432000 77.02802300 140.60001000
12.01432000 77.02802300 140.60001000
12.01432000 77.02802300 140.60001000
12.01432000 77.02802300 140.60001000
12.01432000 77.02802300 140.60001000
12.01432000 77.02802300 140.60001000
12.01432600 77.02802300 140.60001000
12.01432600 77.02802300 139.70000000
12.01432600 77.02802300 139.70000000
12.01432600 77.02802300 139.70000000
12.01432600 77.02802300 139.70000000
12.01432600 77.02802300 139.70000000
12.01432600 77.02802300 139.70000000
12.01432600 77.02802300 139.70000000
12.01432600 77.02802300 139.70000000
12.01432600 77.02802300 139.70000000
12.01433000 77.02802300 139.70000000
12.01433000 77.02802300 138.30000000
12.01433000 77.02802300 138.30000000
12.01433000 77.02802300 138.30000000
12.01433000 77.02802300 138.30000000
12.01433000 77.02802300 138.30000000
12.01433000 77.02802300 138.30000000
12.01433000 77.02802300 138.30000000
12.01433000 77.02802300 138.30000000
12.01433000 77.02802300 138.30000000
12.01433400 77.02802300 138.30000000
12.01433400 77.02802300 137.00000000
12.01433400 77.02802300 137.00000000
12.01433400 77.02802300 137.00000000
12.01433400 77.02802300 137.00000000
12.01433400 77.02802300 137.00000000
12.01433400 77.02802300 137.00000000
12.01433400 77.02802300 137.00000000
12.01433400 77.02802300 137.00000000
12.01433400 77.02802300 137.00000000
12.01433800 77.02803000 137.00000000
12.01433800 77.02803000 136.90001000
12.01433800 77.02803000 136.90001000
12.01433800 77.02803000 136.90001000
12.01433800 77.02803000 136.90001000
12.01433800 77.02803000 136.90001000
12.01433800 77.02803000 136.90001000
12.01433800 77.02803000 136.90001000
12.01433800 77.02803000 136.90001000
12.01433800 77.02803000 136.90001000
12.01434300 77.02803000 136.90001000
12.01434300 77.02803000 136.30000000
12.01434300 77.02803000 136.30000000
12.01434300 77.02803000 136.30000000
12.01434300 77.02803000 136.30000000
12.01434300 77.02803000 136.30000000
12.01434300 77.02803000 136.30000000
12.01434300 77.02803000 136.30000000
12.01434300 77.02803000 136.30000000
12.01434300 77.02803000 136.30000000
12.01434400 77.02803000 136.30000000
12.01434400 77.02803000 135.80000000
12.01434400 77.02803000 135.80000000
12.01434400 77.02803000 135.80000000
12.01434400 77.02803000 135.80000000
12.01434400 77.02803000 135.80000000
12.01434400 77.02803000 135.80000000
12.01434400 77.02803000 135.80000000
12.01434400 77.02803000 135.80000000
12.01434400 77.02803000 135.80000000
12.01435200 77.02803000 135.80000000
12.01435200 77.02803000 135.50000000
12.01435200 77.02803000 135.50000000
12.01435200 77.02803000 135.50000000
12.01435200 77.02803000 135.50000000
12.01435200 77.02803000 135.50000000
12.01435200 77.02803000 135.50000000
12.01435200 77.02803000 135.50000000
12.01435200 77.02803000 135.50000000
12.01435600 77.02803000 135.50000000
12.01435600 77.02803000 134.50000000
12.01435600 77.02803000 134.50000000
12.01435600 77.02803000 134.50000000
12.01435600 77.02803000 134.50000000
12.01435600 77.02803000 134.50000000
12.01435600 77.02803000 134.50000000
12.01435600 77.02803000 134.50000000
12.01435600 77.02803000 134.50000000
12.01435600 77.02803000 134.50000000
12.01436200 77.02803000 134.50000000
12.01436200 77.02803000 134.20000000
12.01436200 77.02803000 134.20000000
12.01436200 77.02803000 134.20000000
12.01436200 77.02803000 134.20000000
12.01436200 77.02803000 134.20000000
12.01436200 77.02803000 134.20000000
12.01436200 77.02803000 134.20000000
12.01436200 77.02803000 134.20000000
12.01436200 77.02803000 134.20000000
12.01437100 77.02803000 134.20000000
12.01437100 77.02803000 134.60001000
12.01437100 77.02803000 134.60001000
12.01437100 77.02803000 134.60001000
12.01437100 77.02803000 134.60001000
12.01437100 77.02803000 134.60001000
12.01437100 77.02803000 134.60001000
12.01437100 77.02803000 134.60001000
12.01437100 77.02803000 134.60001000
12.01437100 77.02803000 134.60001000
12.01437500 77.02803000 134.60001000
12.01437500 77.02803000 134.80000000
12.01437500 77.02803000 134.80000000
12.01437500 77.02803000 134.80000000
12.01437500 77.02803000 134.80000000
12.01437500 77.02803000 134.80000000
12.01437500 77.02803000 134.80000000
12.01437500 77.02803000 134.80000000
12.01437500 77.02803000 134.80000000
12.01437500 77.02803000 134.80000000
12.01437700 77.02803000 134.80000000
12.01437700 77.02803000 133.60001000
12.01437700 77.02803000 133.60001000
12.01437700 77.02803000 133.60001000
12.01437700 77.02803000 133.60001000
12.01437700 77.02803000 133.60001000
12.01437700 77.02803000 133.60001000
12.01437700 77.02803000 133.60001000
12.01437700 77.02803000 133.60001000
12.01437700 77.02803000 133.60001000
12.01437700 77.02803000 133.60001000
12.01437700 77.02803000 133.00000000
12.01437700 77.02803000 133.00000000
12.01437700 77.02803000 133.00000000
12.01437700 77.02803000 133.00000000
12.01437700 77.02803000 133.00000000
12.01437700 77.02803000 133.00000000
12.01437700 77.02803000 133.00000000
12.01437700 77.02803000 133.00000000
12.01437700 77.02803000 133.00000000
12.01437800 77.02803000 133.00000000
12.01437800 77.02803000 132.00000000
12.01437800 77.02803000 132.00000000
12.01437800 77.02803000 132.00000000
12.01437800 77.02803000 132.00000000
12.01437800 77.02803000 132.00000000
12.01437800 77.02803000 132.00000000
12.01437800 77.02803000 132.00000000
12.01437800 77.02803000 132.00000000
12.01437800 77.02803000 132.00000000
12.01438300 77.02802300 132.00000000
12.01438300 77.02802300 131.60001000
12.01438300 77.02802300 131.60001000
12.01438300 77.02802300 131.60001000
12.01438300 77.02802300 131.60001000
12.01438300 77.02802300 131.60001000
12.01438300 77.02802300 131.60001000
12.01438300 77.02802300 131.60001000
12.01438300 77.02802300 131.60001000
12.01439000 77.02802300 131.60001000
12.01439000 77.02802300 129.90001000
12.01439000 77.02802300 129.90001000
12.01439000 77.02802300 129.90001000
12.01439000 77.02802300 129.90001000
12.01439000 77.02802300 129.90001000
12.01439000 77.02802300 129.90001000
12.01439000 77.02802300 129.90001000
12.01439000 77.02802300 129.90001000
12.01439000 77.02802300 129.90001000
12.01439200 77.02802300 129.90001000
12.01439200 77.02802300 129.60001000
12.01439200 77.02802300 129.60001000
12.01439200 77.02802300 129.60001000
12.01439200 77.02802300 129.60001000
12.01439200 77.02802300 129.60001000
12.01439200 77.02802300 129.60001000
12.01439200 77.02802300 129.60001000
12.01439200 77.02802300 129.60001000
12.01439200 77.02802300 129.60001000
12.01439700 77.02802300 129.60001000
12.01439700 77.02802300 129.60001000
12.01439700 77.02802300 129.60001000
12.01439700 77.02802300 129.60001000
12.01439700 77.02802300 129.60001000
12.01439700 77.02802300 129.60001000
12.01439700 77.02802300 129.60001000
12.01439700 77.02802300 129.60001000
12.01439700 77.02802300 129.60001000
12.01439700 77.02802300 129.60001000
12.01439900 77.02802300 129.60001000
12.01439900 77.02802300 129.50000000
12.01439900 77.02802300 129.50000000
12.01439900 77.02802300 129.50000000
12.01439900 77.02802300 129.50000000
12.01439900 77.02802300 129.50000000
12.01439900 77.02802300 129.50000000
12.01439900 77.02802300 129.50000000
12.01439900 77.02802300 129.50000000
12.01439900 77.02802300 129.50000000
12.01440300 77.02802300 129.50000000
12.01440300 77.02802300 129.60001000
12.01440300 77.02802300 129.60001000
12.01440300 77.02802300 129.60001000
12.01440300 77.02802300 129.60001000
12.01440300 77.02802300 129.60001000
12.01440300 77.02802300 129.60001000
12.01440300 77.02802300 129.60001000
12.01440300 77.02802300 129.60001000
12.01440300 77.02802300 129.60001000
12.01440500 77.02803000 129.60001000
12.01440500 77.02803000 129.60001000
12.01440500 77.02803000 129.60001000
12.01440500 77.02803000 129.60001000
12.01440500 77.02803000 129.60001000
12.01440500 77.02803000 129.60001000
12.01440500 77.02803000 129.60001000
12.01440500 77.02803000 129.60001000
12.01440500 77.02803000 129.60001000
12.01440500 77.02803000 129.60001000
12.01440500 77.02803000 129.60001000
12.01440500 77.02803000 129.60001000
12.01440500 77.02803000 129.60001000
12.01440500 77.02803000 129.60001000
12.01440500 77.02803000 129.60001000
12.01440500 77.02803000 129.60001000
12.01440500 77.02803000 129.60001000
12.01440500 77.02803000 129.60001000
12.01440500 77.02803000 129.60001000
12.01440800 77.02803000 129.60001000
12.01440800 77.02803000 129.50000000
12.01440800 77.02803000 129.50000000
12.01440800 77.02803000 129.50000000
12.01440800 77.02803000 129.50000000
12.01440800 77.02803000 129.50000000
12.01440800 77.02803000 129.50000000
12.01440800 77.02803000 129.50000000
12.01440800 77.02803000 129.50000000
12.01440800 77.02803000 129.50000000
12.01440800 77.02803800 129.50000000
12.01440800 77.02803800 129.90001000
12.01440800 77.02803800 129.90001000
12.01440800 77.02803800 129.90001000
12.01440800 77.02803800 129.90001000
12.01440800 77.02803800 129.90001000
12.01440800 77.02803800 129.90001000
12.01440800 77.02803800 129.90001000
12.01440800 77.02803800 129.90001000
12.01440800 77.02803800 129.90001000
12.01440800 77.02804600 129.90001000
12.01440800 77.02804600 130.10001000
12.01440800 77.02804600 130.10001000
12.01440800 77.02804600 130.10001000
12.01440800 77.02804600 130.10001000
12.01440800 77.02804600 130.10001000
12.01440800 77.02804600 130.10001000
12.01440800 77.02804600 130.10001000
12.01440800 77.02804600 130.10001000
12.01440800 77.02804600 130.10001000
12.01440500 77.02804600 130.10001000
12.01440500 77.02804600 129.80000000
12.01440500 77.02804600 129.80000000
12.01440500 77.02804600 129.80000000
12.01440500 77.02804600 129.80000000
12.01440500 77.02804600 129.80000000
12.01440500 77.02804600 129.80000000
12.01440500 77.02804600 129.80000000
12.01440500 77.02804600 129.80000000
12.01440500 77.02804600 129.80000000
12.01440300 77.02804600 129.80000000
12.01440300 77.02804600 129.60001000
12.01440300 77.02804600 129.60001000
12.01440300 77.02804600 129.60001000
12.01440300 77.02804600 129.60001000
12.01440300 77.02804600 129.60001000
12.01440300 77.02804600 129.60001000
12.01440300 77.02804600 129.60001000
12.01440300 77.02804600 129.60001000
12.01440300 77.02804600 129.60001000
12.01440300 77.02804600 129.60001000
12.01440300 77.02804600 129.90001000
12.01440300 77.02804600 129.90001000
12.01440300 77.02804600 129.90001000
12.01440300 77.02804600 129.90001000
12.01440300 77.02804600 129.90001000
12.01440300 77.02804600 129.90001000
12.01440300 77.02804600 129.90001000
12.01440300 77.02804600 129.90001000
12.01440300 77.02804600 129.90001000
12.01439900 77.02805300 129.90001000
12.01439900 77.02805300 129.50000000
12.01439900 77.02805300 129.50000000
12.01439900 77.02805300 129.50000000
12.01439900 77.02805300 129.50000000
12.01439900 77.02805300 129.50000000
12.01439900 77.02805300 129.50000000
12.01439900 77.02805300 129.50000000
12.01439900 77.02805300 129.50000000
12.01439900 77.02805300 129.50000000
12.01439100 77.02805300 129.50000000
12.01439100 77.02805300 128.90001000
12.01439100 77.02805300 128.90001000
12.01439100 77.02805300 128.90001000
12.01439100 77.02805300 128.90001000
12.01439100 77.02805300 128.90001000
12.01439100 77.02805300 128.90001000
12.01439100 77.02805300 128.90001000
12.01439100 77.02805300 128.90001000
12.01438800 77.02805300 128.90001000
12.01438800 77.02805300 129.40001000
12.01438800 77.02805300 129.40001000
12.01438800 77.02805300 129.40001000
12.01438800 77.02805300 129.40001000
12.01438800 77.02805300 129.40001000
12.01438800 77.02805300 129.40001000
12.01438800 77.02805300 129.40001000
12.01438800 77.02805300 129.40001000
12.01438800 77.02805300 129.40001000
12.01438500 77.02805300 129.40001000
12.01438500 77.02805300 129.70000000
12.01438500 77.02805300 129.70000000
12.01438500 77.02805300 129.70000000
12.01438500 77.02805300 129.70000000
12.01438500 77.02805300 129.70000000
12.01438500 77.02805300 129.70000000
12.01438500 77.02805300 129.70000000
12.01438500 77.02805300 129.70000000
12.01438500 77.02805300 129.70000000
12.01438000 77.02806100 129.70000000
12.01438000 77.02806100 130.10001000
12.01438000 77.02806100 130.10001000
12.01438000 77.02806100 130.10001000
12.01438000 77.02806100 130.10001000
12.01438000 77.02806100 130.10001000
12.01438000 77.02806100 130.10001000
12.01438000 77.02806100 130.10001000
12.01438000 77.02806100 130.10001000
12.01438000 77.02806100 130.10001000
12.01437100 77.02806100 130.10001000
12.01437100 77.02806100 130.10001000
12.01437100 77.02806100 130.10001000
12.01437100 77.02806100 130.10001000
12.01437100 77.02806100 130.10001000
12.01437100 77.02806100 130.10001000
12.01437100 77.02806100 130.10001000
12.01437100 77.02806100 130.10001000
12.01437100 77.02806100 130.10001000
12.01437100 77.02806100 130.10001000
12.01437400 77.02806100 130.10001000
12.01437400 77.02806100 129.60001000
12.01437400 77.02806100 129.60001000
12.01437400 77.02806100 129.60001000
12.01437400 77.02806100 129.60001000
12.01437400 77.02806100 129.60001000
12.01437400 77.02806100 129.60001000
12.01437400 77.02806100 129.60001000
12.01437400 77.02806100 129.60001000
12.01437400 77.02806100 129.60001000
12.01437300 77.02806100 129.60001000
12.01437300 77.02806100 129.30000000
12.01437300 77.02806100 129.30000000
12.01437300 77.02806100 129.30000000
12.01437300 77.02806100 129.30000000
12.01437300 77.02806100 129.30000000
12.01437300 77.02806100 129.30000000
12.01437300 77.02806100 129.30000000
12.01437300 77.02806100 129.30000000
12.01437300 77.02806100 129.30000000
12.01437000 77.02806100 129.30000000
12.01437000 77.02806100 128.90001000
12.01437000 77.02806100 128.90001000
12.01437000 77.02806100 128.90001000
12.01437000 77.02806100 128.90001000
12.01437000 77.02806100 128.90001000
12.01437000 77.02806100 128.90001000
12.01437000 77.02806100 128.90001000
12.01437000 77.02806100 128.90001000
12.01437000 77.02806100 128.90001000
12.01436500 77.02806100 128.90001000
12.01436500 77.02806100 128.80000000
12.01436500 77.02806100 128.80000000
12.01436500 77.02806100 128.80000000
12.01436500 77.02806100 128.80000000
12.01436500 77.02806100 128.80000000
12.01436500 77.02806100 128.80000000
12.01436500 77.02806100 128.80000000
12.01436500 77.02806100 128.80000000
12.01436000 77.02806100 128.80000000
12.01436000 77.02806100 128.90001000
12.01436000 77.02806100 128.90001000
12.01436000 77.02806100 128.90001000
12.01436000 77.02806100 128.90001000
12.01436000 77.02806100 128.90001000
12.01436000 77.02806100 128.90001000
12.01436000 77.02806100 128.90001000
12.01436000 77.02806100 128.90001000
12.01436000 77.02806100 128.90001000
12.01435700 77.02805300 128.90001000
12.01435700 77.02805300 129.00000000
12.01435700 77.02805300 129.00000000
12.01435700 77.02805300 129.00000000
12.01435700 77.02805300 129.00000000
12.01435700 77.02805300 129.00000000
12.01435700 77.02805300 129.00000000
12.01435700 77.02805300 129.00000000
12.01435700 77.02805300 129.00000000
12.01435700 77.02805300 129.00000000
12.01435300 77.02806100 129.00000000
12.01435300 77.02806100 129.20000000
12.01435300 77.02806100 129.20000000
12.01435300 77.02806100 129.20000000
12.01435300 77.02806100 129.20000000
12.01435300 77.02806100 129.20000000
12.01435300 77.02806100 129.20000000
12.01435300 77.02806100 129.20000000
12.01435300 77.02806100 129.20000000
12.01435300 77.02806100 129.20000000
12.01434600 77.02806100 129.20000000
12.01434600 77.02806100 129.20000000
12.01434600 77.02806100 129.20000000
12.01434600 77.02806100 129.20000000
12.01434600 77.02806100 129.20000000
12.01434600 77.02806100 129.20000000
12.01434600 77.02806100 129.20000000
12.01434600 77.02806100 129.20000000
12.01434600 77.02806100 129.20000000
12.01434600 77.02806100 129.20000000
12.01434000 77.02806100 129.20000000
12.01434000 77.02806100 129.00000000
12.01434000 77.02806100 129.00000000
12.01434000 77.02806100 129.00000000
12.01434000 77.02806100 129.00000000
12.01434000 77.02806100 129.00000000
12.01434000 77.02806100 129.00000000
12.01434000 77.02806100 129.00000000
12.01434000 77.02806100 129.00000000
12.01434000 77.02806100 129.00000000
12.01433800 77.02806100 129.00000000
12.01433800 77.02806100 129.20000000
12.01433800 77.02806100 129.20000000
12.01433800 77.02806100 129.20000000
12.01433800 77.02806100 129.20000000
12.01433800 77.02806100 129.20000000
12.01433800 77.02806100 129.20000000
12.01433800 77.02806100 129.20000000
12.01433800 77.02806100 129.20000000
12.01433800 77.02806100 129.20000000
12.01433600 77.02806100 129.20000000
12.01433600 77.02806100 129.20000000
12.01433600 77.02806100 129.20000000
12.01433600 77.02806100 129.20000000
12.01433600 77.02806100 129.20000000
12.01433600 77.02806100 129.20000000
12.01433600 77.02806100 129.20000000
12.01433600 77.02806100 129.20000000
12.01433600 77.02806100 129.20000000
12.01433600 77.02806100 129.20000000
12.01433100 77.02806100 129.20000000
12.01433100 77.02806100 129.10001000
12.01433100 77.02806100 129.10001000
12.01433100 77.02806100 129.10001000
12.01433100 77.02806100 129.10001000
12.01433100 77.02806100 129.10001000
12.01433100 77.02806100 129.10001000
12.01433100 77.02806100 129.10001000
12.01433100 77.02806100 129.10001000
12.01433800 77.02805300 129.10001000
12.01433800 77.02805300 128.90001000
12.01433800 77.02805300 128.90001000
12.01433800 77.02805300 128.90001000
12.01433800 77.02805300 128.90001000
12.01433800 77.02805300 128.90001000
12.01433800 77.02805300 128.90001000
12.01433800 77.02805300 128.90001000
12.01433800 77.02805300 128.90001000
12.01433800 77.02805300 128.90001000
12.01433600 77.02805300 128.90001000
12.01433600 77.02805300 128.90001000
12.01433600 77.02805300 128.90001000
12.01433600 77.02805300 128.90001000
12.01433600 77.02805300 128.90001000
12.01433600 77.02805300 128.90001000
12.01433600 77.02805300 128.90001000
12.01433600 77.02805300 128.90001000
12.01433600 77.02805300 128.90001000
12.01433600 77.02805300 128.90001000
12.01433600 77.02804600 128.90001000
12.01433600 77.02804600 129.30000000
12.01433600 77.02804600 129.30000000
12.01433600 77.02804600 129.30000000
12.01433600 77.02804600 129.30000000
12.01433600 77.02804600 129.30000000
12.01433600 77.02804600 129.30000000
12.01433600 77.02804600 129.30000000
12.01433600 77.02804600 129.30000000
12.01433600 77.02804600 129.30000000
12.01432900 77.02804600 129.30000000
12.01432900 77.02804600 129.30000000
12.01432900 77.02804600 129.30000000
12.01432900 77.02804600 129.30000000
12.01432900 77.02804600 129.30000000
12.01432900 77.02804600 129.30000000
12.01432900 77.02804600 129.30000000
12.01432900 77.02804600 129.30000000
12.01432900 77.02804600 129.30000000
12.01432900 77.02804600 129.30000000
12.01432100 77.02804600 129.30000000
12.01432100 77.02804600 130.20000000
12.01432100 77.02804600 130.20000000
12.01432100 77.02804600 130.20000000
12.01432100 77.02804600 130.20000000
12.01432100 77.02804600 130.20000000
12.01432100 77.02804600 130.20000000
12.01432100 77.02804600 130.20000000
12.01432100 77.02804600 130.20000000
12.01432100 77.02804600 130.20000000
12.01432100 77.02804600 130.20000000
12.01432100 77.02804600 130.70000000
12.01432100 77.02804600 130.70000000
12.01432100 77.02804600 130.70000000
12.01432100 77.02804600 130.70000000
12.01432100 77.02804600 130.70000000
12.01432100 77.02804600 130.70000000
12.01432100 77.02804600 130.70000000
12.01432100 77.02804600 130.70000000
12.01432100 77.02804600 130.70000000
12.01431800 77.02804600 130.70000000
12.01431800 77.02804600 131.30000000
12.01431800 77.02804600 131.30000000
12.01431800 77.02804600 131.30000000
12.01431800 77.02804600 131.30000000
12.01431800 77.02804600 131.30000000
12.01431800 77.02804600 131.30000000
12.01431800 77.02804600 131.30000000
12.01431800 77.02804600 131.30000000
12.01431200 77.02804600 131.30000000
12.01431200 77.02804600 131.70000000
12.01431200 77.02804600 131.70000000
12.01431200 77.02804600 131.70000000
12.01431200 77.02804600 131.70000000
12.01431200 77.02804600 131.70000000
12.01431200 77.02804600 131.70000000
12.01431200 77.02804600 131.70000000
12.01431200 77.02804600 131.70000000
12.01431200 77.02804600 131.70000000
12.01430500 77.02804600 131.70000000
12.01430500 77.02804600 132.70000000
12.01430500 77.02804600 132.70000000
12.01430500 77.02804600 132.70000000
12.01430500 77.02804600 132.70000000
12.01430500 77.02804600 132.70000000
12.01430500 77.02804600 132.70000000
12.01430500 77.02804600 132.70000000
12.01430500 77.02804600 132.70000000
12.01430500 77.02804600 132.70000000
12.01430300 77.02804600 132.70000000
12.01430300 77.02804600 133.00000000
12.01430300 77.02804600 133.00000000
12.01430300 77.02804600 133.00000000
12.01430300 77.02804600 133.00000000
12.01430300 77.02804600 133.00000000
12.01430300 77.02804600 133.00000000
12.01430300 77.02804600 133.00000000
12.01430300 77.02804600 133.00000000
12.01430300 77.02804600 133.00000000
12.01430300 77.02804600 133.00000000
12.01430300 77.02804600 133.10001000
12.01430300 77.02804600 133.10001000
12.01430300 77.02804600 133.10001000
12.01430300 77.02804600 133.10001000
12.01430300 77.02804600 133.10001000
12.01430300 77.02804600 133.10001000
12.01430300 77.02804600 133.10001000
12.01430300 77.02804600 133.10001000
12.01430300 77.02804600 133.10001000
12.01430100 77.02804600 133.10001000
12.01430100 77.02804600 133.40001000
12.01430100 77.02804600 133.40001000
12.01430100 77.02804600 133.40001000
12.01430100 77.02804600 133.40001000
12.01430100 77.02804600 133.40001000
12.01430100 77.02804600 133.40001000
12.01430100 77.02804600 133.40001000
12.01430100 77.02804600 133.40001000
12.01430100 77.02804600 133.40001000
12.01430000 77.02804600 133.40001000
12.01430000 77.02804600 133.70000000
12.01430000 77.02804600 133.70000000
12.01430000 77.02804600 133.70000000
12.01430000 77.02804600 133.70000000
12.01430000 77.02804600 133.70000000
12.01430000 77.02804600 133.70000000
12.01430000 77.02804600 133.70000000
12.01430000 77.02804600 133.70000000
12.01430000 77.02804600 133.70000000
12.01430300 77.02804600 133.70000000
12.01430300 77.02804600 133.80000000
12.01430300 77.02804600 133.80000000
12.01430300 77.02804600 133.80000000
12.01430300 77.02804600 133.80000000
12.01430300 77.02804600 133.80000000
12.01430300 77.02804600 133.80000000
12.01430300 77.02804600 133.80000000
12.01430300 77.02804600 133.80000000
12.01430300 77.02804600 133.80000000
12.01430500 77.02805300 133.80000000
12.01430500 77.02805300 133.60001000
12.01430500 77.02805300 133.60001000
12.01430500 77.02805300 133.60001000
12.01430500 77.02805300 133.60001000
12.01430500 77.02805300 133.60001000
12.01430500 77.02805300 133.60001000
12.01430500 77.02805300 133.60001000
12.01430500 77.02805300 133.60001000
12.01430500 77.02804600 133.60001000
12.01430500 77.02804600 134.40001000
12.01430500 77.02804600 134.40001000
12.01430500 77.02804600 134.40001000
12.01430500 77.02804600 134.40001000
12.01430500 77.02804600 134.40001000
12.01430500 77.02804600 134.40001000
12.01430500 77.02804600 134.40001000
12.01430500 77.02804600 134.40001000
12.01430500 77.02804600 134.40001000
12.01430800 77.02804600 134.40001000
12.01430800 77.02804600 134.50000000
12.01430800 77.02804600 134.50000000
12.01430800 77.02804600 134.50000000
12.01430800 77.02804600 134.50000000
12.01430800 77.02804600 134.50000000
12.01430800 77.02804600 134.50000000
12.01430800 77.02804600 134.50000000
12.01430800 77.02804600 134.50000000
12.01430800 77.02804600 134.50000000
12.01430800 77.02805300 134.50000000
12.01430800 77.02805300 134.20000000
12.01430800 77.02805300 134.20000000
12.01430800 77.02805300 134.20000000
12.01430800 77.02805300 134.20000000
12.01430800 77.02805300 134.20000000
12.01430800 77.02805300 134.20000000
12.01430800 77.02805300 134.20000000
12.01430800 77.02805300 134.20000000
12.01430800 77.02805300 134.20000000
12.01431000 77.02805300 134.20000000
12.01431000 77.02805300 133.60001000
12.01431000 77.02805300 133.60001000
12.01431000 77.02805300 133.60001000
12.01431000 77.02805300 133.60001000
12.01431000 77.02805300 133.60001000
12.01431000 77.02805300 133.60001000
12.01431000 77.02805300 133.60001000
12.01431000 77.02805300 133.60001000
12.01431000 77.02805300 133.60001000
12.01431400 77.02805300 133.60001000
12.01431400 77.02805300 133.30000000
12.01431400 77.02805300 133.30000000
12.01431400 77.02805300 133.30000000
12.01431400 77.02805300 133.30000000
12.01431400 77.02805300 133.30000000
12.01431400 77.02805300 133.30000000
12.01431400 77.02805300 133.30000000
12.01431400 77.02805300 133.30000000
12.01431400 77.02805300 133.30000000
12.01431800 77.02805300 133.30000000
12.01431800 77.02805300 133.50000000
12.01431800 77.02805300 133.50000000
12.01431800 77.02805300 133.50000000
12.01431800 77.02805300 133.50000000
12.01431800 77.02805300 133.50000000
12.01431800 77.02805300 133.50000000
12.01431800 77.02805300 133.50000000
12.01431800 77.02805300 133.50000000
12.01431800 77.02805300 133.50000000
12.01432200 77.02805300 133.50000000
12.01432200 77.02805300 133.50000000
12.01432200 77.02805300 133.50000000
12.01432200 77.02805300 133.50000000
12.01432200 77.02805300 133.50000000
12.01432200 77.02805300 133.50000000
12.01432200 77.02805300 133.50000000
12.01432200 77.02805300 133.50000000
12.01432200 77.02805300 133.50000000
12.01432200 77.02805300 133.50000000
12.01432600 77.02805300 133.50000000
12.01432600 77.02805300 133.80000000
12.01432600 77.02805300 133.80000000
12.01432600 77.02805300 133.80000000
12.01432600 77.02805300 133.80000000
12.01432600 77.02805300 133.80000000
12.01432600 77.02805300 133.80000000
12.01432600 77.02805300 133.80000000
12.01432600 77.02805300 133.80000000
12.01432600 77.02805300 133.80000000
12.01432600 77.02805300 133.90001000
12.01432600 77.02805300 133.90001000
12.01432600 77.02805300 133.90001000
12.01432600 77.02805300 133.90001000
12.01432600 77.02805300 133.90001000
12.01432600 77.02805300 133.90001000
12.01432600 77.02805300 133.90001000
12.01432600 77.02805300 133.90001000
12.01432600 77.02805300 133.90001000
12.01432900 77.02805300 133.90001000
12.01432900 77.02805300 133.70000000
12.01432900 77.02805300 133.70000000
12.01432900 77.02805300 133.70000000
12.01432900 77.02805300 133.70000000
12.01432900 77.02805300 133.70000000
12.01432900 77.02805300 133.70000000
12.01432900 77.02805300 133.70000000
12.01432900 77.02805300 133.70000000
12.01432900 77.02805300 133.70000000
12.01433100 77.02806100 133.70000000
12.01433100 77.02806100 133.70000000
12.01433100 77.02806100 133.70000000
12.01433100 77.02806100 133.70000000
12.01433100 77.02806100 133.70000000
12.01433100 77.02806100 133.70000000
12.01433100 77.02806100 133.70000000
12.01433100 77.02806100 133.70000000
12.01433100 77.02806100 133.70000000
12.01433100 77.02806100 133.70000000
12.01433200 77.02806900 133.70000000
12.01433200 77.02806900 133.70000000
12.01433200 77.02806900 133.70000000
12.01433200 77.02806900 133.70000000
12.01433200 77.02806900 133.70000000
12.01433200 77.02806900 133.70000000
12.01433200 77.02806900 133.70000000
12.01433200 77.02806900 133.70000000
12.01433200 77.02806900 133.70000000
12.01433200 77.02806900 133.70000000
12.01433400 77.02806900 133.70000000
12.01433400 77.02806900 133.60001000
12.01433400 77.02806900 133.60001000
12.01433400 77.02806900 133.60001000
12.01433400 77.02806900 133.60001000
12.01433400 77.02806900 133.60001000
12.01433400 77.02806900 133.60001000
12.01433400 77.02806900 133.60001000
12.01433400 77.02806900 133.60001000
12.01433400 77.02806900 133.60001000
12.01433500 77.02806900 133.60001000
12.01433500 77.02806900 133.70000000
12.01433500 77.02806900 133.70000000
12.01433500 77.02806900 133.70000000
12.01433500 77.02806900 133.70000000
12.01433500 77.02806900 133.70000000
12.01433500 77.02806900 133.70000000
12.01433500 77.02806900 133.70000000
12.01433500 77.02806900 133.70000000
12.01433500 77.02806900 133.70000000
12.01433400 77.02806900 133.70000000
12.01433400 77.02806900 134.30000000
12.01433400 77.02806900 134.30000000
12.01433400 77.02806900 134.30000000
12.01433400 77.02806900 134.30000000
12.01433400 77.02806900 134.30000000
12.01433400 77.02806900 134.30000000
12.01433400 77.02806900 134.30000000
12.01433400 77.02806900 134.30000000
12.01433800 77.02806100 134.30000000
12.01433800 77.02806100 134.60001000
12.01433800 77.02806100 134.60001000
12.01433800 77.02806100 134.60001000
12.01433800 77.02806100 134.60001000
12.01433800 77.02806100 134.60001000
12.01433800 77.02806100 134.60001000
12.01433800 77.02806100 134.60001000
12.01433800 77.02806100 134.60001000
12.01433800 77.02806100 134.60001000
12.01433900 77.02806100 134.60001000
12.01433900 77.02806100 134.70000000
12.01433900 77.02806100 134.70000000
12.01433900 77.02806100 134.70000000
12.01433900 77.02806100 134.70000000
12.01433900 77.02806100 134.70000000
12.01433900 77.02806100 134.70000000
12.01433900 77.02806100 134.70000000
12.01433900 77.02806100 134.70000000
12.01433900 77.02806100 134.70000000
12.01434300 77.02806100 134.70000000
12.01434300 77.02806100 134.90001000
12.01434300 77.02806100 134.90001000
12.01434300 77.02806100 134.90001000
12.01434300 77.02806100 134.90001000
12.01434300 77.02806100 134.90001000
12.01434300 77.02806100 134.90001000
12.01434300 77.02806100 134.90001000
12.01434300 77.02806100 134.90001000
12.01434300 77.02806100 134.90001000
12.01434600 77.02805300 134.90001000
12.01434600 77.02805300 135.00000000
12.01434600 77.02805300 135.00000000
12.01434600 77.02805300 135.00000000
12.01434600 77.02805300 135.00000000
12.01434600 77.02805300 135.00000000
12.01434600 77.02805300 135.00000000
12.01434600 77.02805300 135.00000000
12.01434600 77.02805300 135.00000000
12.01434600 77.02805300 135.00000000
12.01435100 77.02805300 135.00000000
12.01435100 77.02805300 135.40001000
12.01435100 77.02805300 135.40001000
12.01435100 77.02805300 135.40001000
12.01435100 77.02805300 135.40001000
12.01435100 77.02805300 135.40001000
12.01435100 77.02805300 135.40001000
12.01435100 77.02805300 135.40001000
12.01435100 77.02805300 135.40001000
12.01435100 77.02805300 135.40001000
12.01435600 77.02805300 135.40001000
12.01435600 77.02805300 135.20000000
12.01435600 77.02805300 135.20000000
12.01435600 77.02805300 135.20000000
12.01435600 77.02805300 135.20000000
12.01435600 77.02805300 135.20000000
12.01435600 77.02805300 135.20000000
12.01435600 77.02805300 135.20000000
12.01435600 77.02805300 135.20000000
12.01435600 77.02805300 135.20000000
12.01435700 77.02805300 135.20000000
12.01435700 77.02805300 135.10001000
12.01435700 77.02805300 135.10001000
12.01435700 77.02805300 135.10001000
12.01435700 77.02805300 135.10001000
12.01435700 77.02805300 135.10001000
12.01435700 77.02805300 135.10001000
12.01435700 77.02805300 135.10001000
12.01435700 77.02805300 135.10001000
12.01435700 77.02805300 135.10001000
12.01435700 77.02805300 135.10001000
12.01435700 77.02805300 134.70000000
12.01435700 77.02805300 134.70000000
12.01435700 77.02805300 134.70000000
12.01435700 77.02805300 134.70000000
12.01435700 77.02805300 134.70000000
12.01435700 77.02805300 134.70000000
12.01435700 77.02805300 134.70000000
12.01435700 77.02805300 134.70000000
12.01435800 77.02805300 134.70000000
12.01435800 77.02805300 134.20000000
12.01435800 77.02805300 134.20000000
12.01435800 77.02805300 134.20000000
12.01435800 77.02805300 134.20000000
12.01435800 77.02805300 134.20000000
12.01435800 77.02805300 134.20000000
12.01435800 77.02805300 134.20000000
12.01435800 77.02805300 134.20000000
12.01435800 77.02805300 134.20000000
12.01436000 77.02806100 134.20000000
12.01436000 77.02806100 134.20000000
12.01436000 77.02806100 134.20000000
12.01436000 77.02806100 134.20000000
12.01436000 77.02806100 134.20000000
12.01436000 77.02806100 134.20000000
12.01436000 77.02806100 134.20000000
12.01436000 77.02806100 134.20000000
12.01436000 77.02806100 134.20000000
12.01436000 77.02806100 134.20000000
12.01436200 77.02806100 134.20000000
12.01436200 77.02806100 133.70000000
12.01436200 77.02806100 133.70000000
12.01436200 77.02806100 133.70000000
12.01436200 77.02806100 133.70000000
12.01436200 77.02806100 133.70000000
12.01436200 77.02806100 133.70000000
12.01436200 77.02806100 133.70000000
12.01436200 77.02806100 133.70000000
12.01436200 77.02806100 133.70000000
12.01436900 77.02806900 133.70000000
12.01436900 77.02806900 133.90001000
12.01436900 77.02806900 133.90001000
12.01436900 77.02806900 133.90001000
12.01436900 77.02806900 133.90001000
12.01436900 77.02806900 133.90001000
12.01436900 77.02806900 133.90001000
12.01436900 77.02806900 133.90001000
12.01436900 77.02806900 133.90001000
12.01436900 77.02806900 133.90001000
12.01436900 77.02806900 133.90001000
12.01436900 77.02806900 133.20000000
12.01436900 77.02806900 133.20000000
12.01436900 77.02806900 133.20000000
12.01436900 77.02806900 133.20000000
12.01436900 77.02806900 133.20000000
12.01436900 77.02806900 133.20000000
12.01436900 77.02806900 133.20000000
12.01436900 77.02806900 133.20000000
12.01436900 77.02806900 133.20000000
12.01437300 77.02806100 133.20000000
12.01437300 77.02806100 133.10001000
12.01437300 77.02806100 133.10001000
12.01437300 77.02806100 133.10001000
12.01437300 77.02806100 133.10001000
12.01437300 77.02806100 133.10001000
12.01437300 77.02806100 133.10001000
12.01437300 77.02806100 133.10001000
12.01437300 77.02806100 133.10001000
12.01437300 77.02806100 133.10001000
12.01437800 77.02806100 133.10001000
12.01437800 77.02806100 132.90001000
12.01437800 77.02806100 132.90001000
12.01437800 77.02806100 132.90001000
12.01437800 77.02806100 132.90001000
12.01437800 77.02806100 132.90001000
12.01437800 77.02806100 132.90001000
12.01437800 77.02806100 132.90001000
12.01437800 77.02806100 132.90001000
12.01437800 77.02806100 132.90001000
12.01438100 77.02805300 132.90001000
12.01438100 77.02805300 132.90001000
12.01438100 77.02805300 132.90001000
12.01438100 77.02805300 132.90001000
12.01438100 77.02805300 132.90001000
12.01438100 77.02805300 132.90001000
12.01438100 77.02805300 132.90001000
12.01438100 77.02805300 132.90001000
12.01438100 77.02805300 132.90001000
12.01438600 77.02805300 132.90001000
12.01438600 77.02805300 133.00000000
12.01438600 77.02805300 133.00000000
12.01438600 77.02805300 133.00000000
12.01438600 77.02805300 133.00000000
12.01438600 77.02805300 133.00000000
12.01438600 77.02805300 133.00000000
12.01438600 77.02805300 133.00000000
12.01438600 77.02805300 133.00000000
12.01438600 77.02805300 133.00000000
12.01438700 77.02806100 133.00000000
12.01438700 77.02806100 133.00000000
12.01438700 77.02806100 133.00000000
12.01438700 77.02806100 133.00000000
12.01438700 77.02806100 133.00000000
12.01438700 77.02806100 133.00000000
12.01438700 77.02806100 133.00000000
12.01438700 77.02806100 133.00000000
12.01438700 77.02806100 133.00000000
12.01438700 77.02806100 133.00000000
12.01439100 77.02805300 133.00000000
12.01439100 77.02805300 133.10001000
12.01439100 77.02805300 133.10001000
12.01439100 77.02805300 133.10001000
12.01439100 77.02805300 133.10001000
12.01439100 77.02805300 133.10001000
12.01439100 77.02805300 133.10001000
12.01439100 77.02805300 133.10001000
12.01439100 77.02805300 133.10001000
12.01439100 77.02805300 133.10001000
12.01439300 77.02805300 133.10001000
12.01439300 77.02805300 133.10001000
12.01439300 77.02805300 133.10001000
12.01439300 77.02805300 133.10001000
12.01439300 77.02805300 133.10001000
12.01439300 77.02805300 133.10001000
12.01439300 77.02805300 133.10001000
12.01439300 77.02805300 133.10001000
12.01439300 77.02805300 133.10001000
12.01439300 77.02805300 133.10001000
12.01440000 77.02805300 133.10001000
12.01440000 77.02805300 133.00000000
12.01440000 77.02805300 133.00000000
12.01440000 77.02805300 133.00000000
12.01440000 77.02805300 133.00000000
12.01440000 77.02805300 133.00000000
12.01440000 77.02805300 133.00000000
12.01440000 77.02805300 133.00000000
12.01440000 77.02805300 133.00000000
12.01440000 77.02805300 133.00000000
12.01440400 77.02805300 133.00000000
12.01440400 77.02805300 132.60001000
12.01440400 77.02805300 132.60001000
12.01440400 77.02805300 132.60001000
12.01440400 77.02805300 132.60001000
12.01440400 77.02805300 132.60001000
12.01440400 77.02805300 132.60001000
12.01440400 77.02805300 132.60001000
12.01440400 77.02805300 132.60001000
12.01440400 77.02805300 132.60001000
12.01440800 77.02805300 132.60001000
12.01440800 77.02805300 132.70000000
12.01440800 77.02805300 132.70000000
12.01440800 77.02805300 132.70000000
12.01440800 77.02805300 132.70000000
12.01440800 77.02805300 132.70000000
12.01440800 77.02805300 132.70000000
12.01440800 77.02805300 132.70000000
12.01440800 77.02805300 132.70000000
12.01440800 77.02805300 132.70000000
12.01441000 77.02805300 132.70000000
12.01441000 77.02805300 132.40001000
12.01441000 77.02805300 132.40001000
12.01441000 77.02805300 132.40001000
12.01441000 77.02805300 132.40001000
12.01441000 77.02805300 132.40001000
12.01441000 77.02805300 132.40001000
12.01441000 77.02805300 132.40001000
12.01441000 77.02805300 132.40001000
12.01441200 77.02804600 132.40001000
12.01441200 77.02804600 132.60001000
12.01441200 77.02804600 132.60001000
12.01441200 77.02804600 132.60001000
12.01441200 77.02804600 132.60001000
12.01441200 77.02804600 132.60001000
12.01441200 77.02804600 132.60001000
12.01441200 77.02804600 132.60001000
12.01441200 77.02804600 132.60001000
12.01441200 77.02804600 132.60001000
12.01441600 77.02804600 132.60001000
12.01441600 77.02804600 132.80000000
12.01441600 77.02804600 132.80000000
12.01441600 77.02804600 132.80000000
12.01441600 77.02804600 132.80000000
12.01441600 77.02804600 132.80000000
12.01441600 77.02804600 132.80000000
12.01441600 77.02804600 132.80000000
12.01441600 77.02804600 132.80000000
12.01441600 77.02804600 132.80000000
12.01442100 77.02803800 132.80000000
12.01442100 77.02803800 133.00000000
12.01442100 77.02803800 133.00000000
12.01442100 77.02803800 133.00000000
12.01442100 77.02803800 133.00000000
12.01442100 77.02803800 133.00000000
12.01442100 77.02803800 133.00000000
12.01442100 77.02803800 133.00000000
12.01442100 77.02803800 133.00000000
12.01442100 77.02803800 133.00000000
12.01442300 77.02803800 133.00000000
12.01442300 77.02803800 132.90001000
12.01442300 77.02803800 132.90001000
12.01442300 77.02803800 132.90001000
12.01442300 77.02803800 132.90001000
12.01442300 77.02803800 132.90001000
12.01442300 77.02803800 132.90001000
12.01442300 77.02803800 132.90001000
12.01442300 77.02803800 132.90001000
12.01442300 77.02803800 132.90001000
12.01442900 77.02803800 132.90001000
12.01442900 77.02803800 132.70000000
12.01442900 77.02803800 132.70000000
12.01442900 77.02803800 132.70000000
12.01442900 77.02803800 132.70000000
12.01442900 77.02803800 132.70000000
12.01442900 77.02803800 132.70000000
12.01442900 77.02803800 132.70000000
12.01442900 77.02803800 132.70000000
12.01442900 77.02803800 132.70000000
12.01443100 77.02803800 132.70000000
12.01443100 77.02803800 132.90001000
12.01443100 77.02803800 132.90001000
12.01443100 77.02803800 132.90001000
12.01443100 77.02803800 132.90001000
12.01443100 77.02803800 132.90001000
12.01443100 77.02803800 132.90001000
12.01443100 77.02803800 132.90001000
12.01443100 77.02803800 132.90001000
12.01443100 77.02803800 132.90001000
12.01443400 77.02804600 132.90001000
12.01443400 77.02804600 133.00000000
12.01443400 77.02804600 133.00000000
12.01443400 77.02804600 133.00000000
12.01443400 77.02804600 133.00000000
12.01443400 77.02804600 133.00000000
12.01443400 77.02804600 133.00000000
12.01443400 77.02804600 133.00000000
12.01443400 77.02804600 133.00000000
12.01443400 77.02804600 133.00000000
12.01443200 77.02804600 133.00000000
12.01443200 77.02804600 133.00000000
12.01443200 77.02804600 133.00000000
12.01443200 77.02804600 133.00000000
12.01443200 77.02804600 133.00000000
12.01443200 77.02804600 133.00000000
12.01443200 77.02804600 133.00000000
12.01443200 77.02804600 133.00000000
12.01443200 77.02804600 133.00000000
12.01443400 77.02804600 133.00000000
12.01443400 77.02804600 132.80000000
12.01443400 77.02804600 132.80000000
12.01443400 77.02804600 132.80000000
12.01443400 77.02804600 132.80000000
12.01443400 77.02804600 132.80000000
12.01443400 77.02804600 132.80000000
12.01443400 77.02804600 132.80000000
12.01443400 77.02804600 132.80000000
12.01443400 77.02804600 132.80000000
12.01443600 77.02804600 132.80000000
12.01443600 77.02804600 133.00000000
12.01443600 77.02804600 133.00000000
12.01443600 77.02804600 133.00000000
12.01443600 77.02804600 133.00000000
12.01443600 77.02804600 133.00000000
12.01443600 77.02804600 133.00000000
12.01443600 77.02804600 133.00000000
12.01443600 77.02804600 133.00000000
12.01443600 77.02804600 133.00000000
12.01444000 77.02804600 133.00000000
12.01444000 77.02804600 133.10001000
12.01444000 77.02804600 133.10001000
12.01444000 77.02804600 133.10001000
12.01444000 77.02804600 133.10001000
12.01444000 77.02804600 133.10001000
12.01444000 77.02804600 133.10001000
12.01444000 77.02804600 133.10001000
12.01444000 77.02804600 133.10001000
12.01444000 77.02804600 133.10001000
12.01444100 77.02804600 133.10001000
12.01444100 77.02804600 133.50000000
12.01444100 77.02804600 133.50000000
12.01444100 77.02804600 133.50000000
12.01444100 77.02804600 133.50000000
12.01444100 77.02804600 133.50000000
12.01444100 77.02804600 133.50000000
12.01444100 77.02804600 133.50000000
12.01444100 77.02804600 133.50000000
12.01444100 77.02804600 133.50000000
12.01444000 77.02804600 133.50000000
12.01444000 77.02804600 133.10001000
12.01444000 77.02804600 133.10001000
12.01444000 77.02804600 133.10001000
12.01444000 77.02804600 133.10001000
12.01444000 77.02804600 133.10001000
12.01444000 77.02804600 133.10001000
12.01444000 77.02804600 133.10001000
12.01444000 77.02804600 133.10001000
12.01444000 77.02804600 133.10001000
12.01444100 77.02804600 133.10001000
12.01444100 77.02804600 133.20000000
12.01444100 77.02804600 133.20000000
12.01444100 77.02804600 133.20000000
12.01444100 77.02804600 133.20000000
12.01444100 77.02804600 133.20000000
12.01444100 77.02804600 133.20000000
12.01444100 77.02804600 133.20000000
12.01444100 77.02804600 133.20000000
12.01444100 77.02804600 133.20000000
12.01444200 77.02804600 133.20000000
12.01444200 77.02804600 133.60001000
12.01444200 77.02804600 133.60001000
12.01444200 77.02804600 133.60001000
12.01444200 77.02804600 133.60001000
12.01444200 77.02804600 133.60001000
12.01444200 77.02804600 133.60001000
12.01444200 77.02804600 133.60001000
12.01444200 77.02804600 133.60001000
12.01444200 77.02804600 133.60001000
12.01445200 77.02804600 133.60001000
12.01445200 77.02804600 134.10001000
12.01445200 77.02804600 134.10001000
12.01445200 77.02804600 134.10001000
12.01445200 77.02804600 134.10001000
12.01445200 77.02804600 134.10001000
12.01445200 77.02804600 134.10001000
12.01445200 77.02804600 134.10001000
12.01445200 77.02804600 134.10001000
12.01445600 77.02804600 134.10001000
12.01445600 77.02804600 134.10001000
12.01445600 77.02804600 134.10001000
12.01445600 77.02804600 134.10001000
12.01445600 77.02804600 134.10001000
12.01445600 77.02804600 134.10001000
12.01445600 77.02804600 134.10001000
12.01445600 77.02804600 134.10001000
12.01445600 77.02804600 134.10001000
12.01445600 77.02804600 134.10001000
12.01446000 77.02804600 134.10001000
12.01446000 77.02804600 134.00000000
12.01446000 77.02804600 134.00000000
12.01446000 77.02804600 134.00000000
12.01446000 77.02804600 134.00000000
12.01446000 77.02804600 134.00000000
12.01446000 77.02804600 134.00000000
12.01446000 77.02804600 134.00000000
12.01446000 77.02804600 134.00000000
12.01446000 77.02804600 134.00000000
12.01446900 77.02804600 134.00000000
12.01446900 77.02804600 134.10001000
12.01446900 77.02804600 134.10001000
12.01446900 77.02804600 134.10001000
12.01446900 77.02804600 134.10001000
12.01446900 77.02804600 134.10001000
12.01446900 77.02804600 134.10001000
12.01446900 77.02804600 134.10001000
12.01446900 77.02804600 134.10001000
12.01446900 77.02804600 134.10001000
12.01447000 77.02804600 134.10001000
12.01447000 77.02804600 134.30000000
12.01447000 77.02804600 134.30000000
12.01447000 77.02804600 134.30000000
12.01447000 77.02804600 134.30000000
12.01447000 77.02804600 134.30000000
12.01447000 77.02804600 134.30000000
12.01447000 77.02804600 134.30000000
12.01447000 77.02804600 134.30000000
12.01447000 77.02804600 134.30000000
12.01446900 77.02804600 134.30000000
12.01446900 77.02804600 134.70000000
12.01446900 77.02804600 134.70000000
12.01446900 77.02804600 134.70000000
12.01446900 77.02804600 134.70000000
12.01446900 77.02804600 134.70000000
12.01446900 77.02804600 134.70000000
12.01446900 77.02804600 134.70000000
12.01446900 77.02804600 134.70000000
12.01446900 77.02804600 134.70000000
12.01447000 77.02804600 134.70000000
12.01447000 77.02804600 134.70000000
12.01447000 77.02804600 134.70000000
12.01447000 77.02804600 134.70000000
12.01447000 77.02804600 134.70000000
12.01447000 77.02804600 134.70000000
12.01447000 77.02804600 134.70000000
12.01447000 77.02804600 134.70000000
12.01447000 77.02804600 134.70000000
12.01447000 77.02804600 134.70000000
12.01447000 77.02804600 134.70000000
12.01447000 77.02804600 134.90001000
12.01447000 77.02804600 134.90001000
12.01447000 77.02804600 134.90001000
12.01447000 77.02804600 134.90001000
12.01447000 77.02804600 134.90001000
12.01447000 77.02804600 134.90001000
12.01447000 77.02804600 134.90001000
12.01447000 77.02804600 134.90001000
12.01447000 77.02804600 134.90001000
12.01447000 77.02804600 134.90001000
12.01447000 77.02804600 134.70000000
12.01447000 77.02804600 134.70000000
12.01447000 77.02804600 134.70000000
12.01447000 77.02804600 134.70000000
12.01447000 77.02804600 134.70000000
12.01447000 77.02804600 134.70000000
12.01447000 77.02804600 134.70000000
12.01447000 77.02804600 134.70000000
12.01447000 77.02803800 134.70000000
12.01447000 77.02803800 134.80000000
12.01447000 77.02803800 134.80000000
12.01447000 77.02803800 134.80000000
12.01447000 77.02803800 134.80000000
12.01447000 77.02803800 134.80000000
12.01447000 77.02803800 134.80000000
12.01447000 77.02803800 134.80000000
12.01447000 77.02803800 134.80000000
12.01447000 77.02803800 134.80000000
12.01447100 77.02803800 134.80000000
12.01447100 77.02803800 134.80000000
12.01447100 77.02803800 134.80000000
12.01447100 77.02803800 134.80000000
12.01447100 77.02803800 134.80000000
12.01447100 77.02803800 134.80000000
12.01447100 77.02803800 134.80000000
12.01447100 77.02803800 134.80000000
12.01447100 77.02803800 134.80000000
12.01447100 77.02803800 134.80000000
12.01447100 77.02803800 134.80000000
12.01447100 77.02803800 134.80000000
12.01447100 77.02803800 134.80000000
12.01447100 77.02803800 134.80000000
12.01447100 77.02803800 134.80000000
12.01447100 77.02803800 134.80000000
12.01447100 77.02803800 134.80000000
12.01447100 77.02803800 134.80000000
12.01447100 77.02803800 134.80000000
12.01447100 77.02803800 134.80000000
12.01447100 77.02803800 134.80000000
12.01447100 77.02803800 134.50000000
12.01447100 77.02803800 134.50000000
12.01447100 77.02803800 134.50000000
12.01447100 77.02803800 134.50000000
12.01447100 77.02803800 134.50000000
12.01447100 77.02803800 134.50000000
12.01447100 77.02803800 134.50000000
12.01447100 77.02803800 134.50000000
12.01447100 77.02803800 134.50000000
12.01447100 77.02803800 134.50000000
12.01447100 77.02803800 134.30000000
12.01447100 77.02803800 134.30000000
12.01447100 77.02803800 134.30000000
12.01447100 77.02803800 134.30000000
12.01447100 77.02803800 134.30000000
12.01447100 77.02803800 134.30000000
12.01447100 77.02803800 134.30000000
12.01447100 77.02803800 134.30000000
12.01447100 77.02803800 134.30000000
12.01447300 77.02803800 134.30000000
12.01447300 77.02803800 134.50000000
12.01447300 77.02803800 134.50000000
12.01447300 77.02803800 134.50000000
12.01447300 77.02803800 134.50000000
12.01447300 77.02803800 134.50000000
12.01447300 77.02803800 134.50000000
12.01447300 77.02803800 134.50000000
12.01447300 77.02803800 134.50000000
12.01447300 77.02803800 134.50000000
12.01447300 77.02803800 134.50000000
12.01447300 77.02803800 134.50000000
12.01447300 77.02803800 134.50000000
12.01447300 77.02803800 134.50000000
12.01447300 77.02803800 134.50000000
12.01447300 77.02803800 134.50000000
12.01447300 77.02803800 134.50000000
12.01447300 77.02803800 134.50000000
12.01447300 77.02803800 134.50000000
12.01447300 77.02803800 134.50000000
12.01447400 77.02803800 134.50000000
12.01447400 77.02803800 134.40001000
12.01447400 77.02803800 134.40001000
12.01447400 77.02803800 134.40001000
12.01447400 77.02803800 134.40001000
12.01447400 77.02803800 134.40001000
12.01447400 77.02803800 134.40001000
12.01447400 77.02803800 134.40001000
12.01447400 77.02803800 134.40001000
12.01447400 77.02803800 134.40001000
12.01447400 77.02803800 134.20000000
12.01447400 77.02803800 134.20000000
12.01447400 77.02803800 134.20000000
12.01447400 77.02803800 134.20000000
12.01447400 77.02803800 134.20000000
12.01447400 77.02803800 134.20000000
12.01447400 77.02803800 134.20000000
12.01447400 77.02803800 134.20000000
12.01447400 77.02803800 134.20000000
12.01447500 77.02803800 134.20000000
12.01447500 77.02803800 134.30000000
12.01447500 77.02803800 134.30000000
12.01447500 77.02803800 134.30000000
12.01447500 77.02803800 134.30000000
12.01447500 77.02803800 134.30000000
12.01447500 77.02803800 134.30000000
12.01447500 77.02803800 134.30000000
12.01447500 77.02803800 134.30000000
12.01447500 77.02803800 134.30000000
12.01447500 77.02803800 134.30000000
12.01447500 77.02803800 134.50000000
12.01447500 77.02803800 134.50000000
12.01447500 77.02803800 134.50000000
12.01447500 77.02803800 134.50000000
12.01447500 77.02803800 134.50000000
12.01447500 77.02803800 134.50000000
12.01447500 77.02803800 134.50000000
12.01447500 77.02803800 134.50000000
12.01447500 77.02803800 134.50000000
12.01447700 77.02803800 134.50000000
12.01447700 77.02803800 134.60001000
12.01447700 77.02803800 134.60001000
12.01447700 77.02803800 134.60001000
12.01447700 77.02803800 134.60001000
12.01447700 77.02803800 134.60001000
12.01447700 77.02803800 134.60001000
12.01447700 77.02803800 134.60001000
12.01447700 77.02803800 134.60001000
12.01447700 77.02803800 134.60001000
12.01447700 77.02803800 134.60001000
12.01447700 77.02803800 135.00000000
12.01447700 77.02803800 135.00000000
12.01447700 77.02803800 135.00000000
12.01447700 77.02803800 135.00000000
12.01447700 77.02803800 135.00000000
12.01447700 77.02803800 135.00000000
12.01447700 77.02803800 135.00000000
12.01447700 77.02803800 135.00000000
12.01447700 77.02803800 135.00000000
12.01447700 77.02803800 135.00000000
12.01447700 77.02803800 135.20000000
12.01447700 77.02803800 135.20000000
12.01447700 77.02803800 135.20000000
12.01447700 77.02803800 135.20000000
12.01447700 77.02803800 135.20000000
12.01447700 77.02803800 135.20000000
12.01447700 77.02803800 135.20000000
12.01447700 77.02803800 135.20000000
12.01447700 77.02803800 135.20000000
12.01447800 77.02803000 135.20000000
12.01447800 77.02803000 135.70000000
12.01447800 77.02803000 135.70000000
12.01447800 77.02803000 135.70000000
12.01447800 77.02803000 135.70000000
12.01447800 77.02803000 135.70000000
12.01447800 77.02803000 135.70000000
12.01447800 77.02803000 135.70000000
12.01447800 77.02803000 135.70000000
12.01447800 77.02803000 135.70000000
12.01447900 77.02803000 135.70000000
12.01447900 77.02803000 135.90001000
12.01447900 77.02803000 135.90001000
12.01447900 77.02803000 135.90001000
12.01447900 77.02803000 135.90001000
12.01447900 77.02803000 135.90001000
12.01447900 77.02803000 135.90001000
12.01447900 77.02803000 135.90001000
12.01447900 77.02803000 135.90001000
12.01447900 77.02803000 135.90001000
12.01447900 77.02803000 136.10001000
12.01447900 77.02803000 136.10001000
12.01447900 77.02803000 136.10001000
12.01447900 77.02803000 136.10001000
12.01447900 77.02803000 136.10001000
12.01447900 77.02803000 136.10001000
12.01447900 77.02803000 136.10001000
12.01447900 77.02803000 136.10001000
12.01447900 77.02803000 136.10001000
12.01448000 77.02803000 136.10001000
12.01448000 77.02803000 136.60001000
12.01448000 77.02803000 136.60001000
12.01448000 77.02803000 136.60001000
12.01448000 77.02803000 136.60001000
12.01448000 77.02803000 136.60001000
12.01448000 77.02803000 136.60001000
12.01448000 77.02803000 136.60001000
12.01448000 77.02803000 136.60001000
12.01448000 77.02803000 136.60001000
12.01448200 77.02803000 136.60001000
12.01448200 77.02803000 136.70000000
12.01448200 77.02803000 136.70000000
12.01448200 77.02803000 136.70000000
12.01448200 77.02803000 136.70000000
12.01448200 77.02803000 136.70000000
12.01448200 77.02803000 136.70000000
12.01448200 77.02803000 136.70000000
12.01448200 77.02803000 136.70000000
12.01448200 77.02803000 136.70000000
12.01448000 77.02803000 136.70000000
12.01448000 77.02803000 137.00000000
12.01448000 77.02803000 137.00000000
12.01448000 77.02803000 137.00000000
12.01448000 77.02803000 137.00000000
12.01448000 77.02803000 137.00000000
12.01448000 77.02803000 137.00000000
12.01448000 77.02803000 137.00000000
12.01448000 77.02803000 137.00000000
12.01448000 77.02803000 137.00000000
12.01448200 77.02803000 137.00000000
12.01448200 77.02803000 137.40001000
12.01448200 77.02803000 137.40001000
12.01448200 77.02803000 137.40001000
12.01448200 77.02803000 137.40001000
12.01448200 77.02803000 137.40001000
12.01448200 77.02803000 137.40001000
12.01448200 77.02803000 137.40001000
12.01448200 77.02803000 137.40001000
12.01448200 77.02803000 137.40001000
12.01448400 77.02803000 137.40001000
12.01448400 77.02803000 137.90001000
12.01448400 77.02803000 137.90001000
12.01448400 77.02803000 137.90001000
12.01448400 77.02803000 137.90001000
12.01448400 77.02803000 137.90001000
12.01448400 77.02803000 137.90001000
12.01448400 77.02803000 137.90001000
12.01448400 77.02803000 137.90001000
12.01448400 77.02803000 137.90001000
12.01448700 77.02803000 137.90001000
12.01448700 77.02803000 138.50000000
12.01448700 77.02803000 138.50000000
12.01448700 77.02803000 138.50000000
12.01448700 77.02803000 138.50000000
12.01448700 77.02803000 138.50000000
12.01448700 77.02803000 138.50000000
12.01448700 77.02803000 138.50000000
12.01448700 77.02803000 138.50000000
12.01448700 77.02803000 138.50000000
12.01448700 77.02803000 138.50000000
12.01448700 77.02803000 138.60001000
12.01448700 77.02803000 138.60001000
12.01448700 77.02803000 138.60001000
12.01448700 77.02803000 138.60001000
12.01448700 77.02803000 138.60001000
12.01448700 77.02803000 138.60001000
12.01448700 77.02803000 138.60001000
12.01448700 77.02803000 138.60001000
12.01448700 77.02802300 138.60001000
12.01448700 77.02802300 138.70000000
12.01448700 77.02802300 138.70000000
12.01448700 77.02802300 138.70000000
12.01448700 77.02802300 138.70000000
12.01448700 77.02802300 138.70000000
12.01448700 77.02802300 138.70000000
12.01448700 77.02802300 138.70000000
12.01448700 77.02802300 138.70000000
12.01448700 77.02802300 138.70000000
12.01448400 77.02801500 138.70000000
12.01448400 77.02801500 138.30000000
12.01448400 77.02801500 138.30000000
12.01448400 77.02801500 138.30000000
12.01448400 77.02801500 138.30000000
12.01448400 77.02801500 138.30000000
12.01448400 77.02801500 138.30000000
12.01448400 77.02801500 138.30000000
12.01448400 77.02801500 138.30000000
12.01448400 77.02801500 138.30000000
12.01448200 77.02801500 138.30000000
12.01448200 77.02801500 138.10001000
12.01448200 77.02801500 138.10001000
12.01448200 77.02801500 138.10001000
12.01448200 77.02801500 138.10001000
12.01448200 77.02801500 138.10001000
12.01448200 77.02801500 138.10001000
12.01448200 77.02801500 138.10001000
12.01448200 77.02801500 138.10001000
12.01448200 77.02801500 138.10001000
12.01447900 77.02800800 138.10001000
12.01447900 77.02800800 138.00000000
12.01447900 77.02800800 138.00000000
12.01447900 77.02800800 138.00000000
12.01447900 77.02800800 138.00000000
12.01447900 77.02800800 138.00000000
12.01447900 77.02800800 138.00000000
12.01447900 77.02800800 138.00000000
12.01447900 77.02800800 138.00000000
12.01447900 77.02800800 138.00000000
12.01447500 77.02800000 138.00000000
12.01447500 77.02800000 137.80000000
12.01447500 77.02800000 137.80000000
12.01447500 77.02800000 137.80000000
12.01447500 77.02800000 137.80000000
12.01447500 77.02800000 137.80000000
12.01447500 77.02800000 137.80000000
12.01447500 77.02800000 137.80000000
12.01447500 77.02800000 137.80000000
12.01447500 77.02800000 137.80000000
12.01447100 77.02800000 137.80000000
12.01447100 77.02800000 137.30000000
12.01447100 77.02800000 137.30000000
12.01447100 77.02800000 137.30000000
12.01447100 77.02800000 137.30000000
12.01447100 77.02800000 137.30000000
12.01447100 77.02800000 137.30000000
12.01447100 77.02800000 137.30000000
12.01447100 77.02800000 137.30000000
12.01447100 77.02800000 137.30000000
12.01446800 77.02800000 137.30000000
12.01446800 77.02800000 137.20000000
12.01446800 77.02800000 137.20000000
12.01446800 77.02800000 137.20000000
12.01446800 77.02800000 137.20000000
12.01446800 77.02800000 137.20000000
12.01446800 77.02800000 137.20000000
12.01446800 77.02800000 137.20000000
12.01446800 77.02800000 137.20000000
12.01446800 77.02800000 137.20000000
12.01446500 77.02799200 137.20000000
12.01446500 77.02799200 137.30000000
12.01446500 77.02799200 137.30000000
