H_VAL   H_STEP_SIZE :5 0.1
ROLL KP - KI -KD    :1 0.1 0.1
PITCH KP - KI -KD   :1 0.1 0.1
YAW KP - KI -KD     :0 0 0
76.5182 0.718439 182.205
76.5182 0.718439 182.205
76.5182 0.718439 182.205
76.5182 0.718439 182.205
76.5182 0.718439 182.205
76.5182 0.718439 182.205
76.5182 0.718439 182.205
76.5182 0.718439 182.205
76.5182 0.718439 182.205
76.5182 0.718439 182.205
76.5182 0.718439 182.205
76.5182 0.718439 182.205
76.5182 0.718439 182.205
76.5182 0.718439 182.205
76.5182 0.718439 182.205
76.5182 0.718439 182.205
76.5182 0.718439 182.205
76.5182 0.718439 182.205
76.5182 0.718439 182.205
76.5182 0.718439 182.205
76.5182 0.718439 182.205
76.5182 0.718439 182.205
76.5182 0.718439 182.205
76.5182 0.718439 182.205
76.5182 0.718439 182.205
76.5182 0.718439 182.205
76.5182 0.718439 182.205
76.5182 0.718439 182.205
76.5182 0.718439 182.205
76.5182 0.718439 182.205
76.5182 0.718439 182.205
76.5182 0.718439 182.205
76.5182 0.718439 182.205
76.5182 0.718439 182.205
76.5182 0.718439 182.205
76.5182 0.718439 182.205
76.5182 0.718439 182.205
76.5182 0.718439 182.205
76.5182 0.718439 182.205
76.5182 0.718439 182.205
76.5182 0.718439 182.205
76.5182 0.718439 182.205
76.5182 0.718439 182.205
76.5182 0.718439 182.205
76.5182 0.718439 182.205
76.5182 0.718439 182.205
76.5182 0.718439 182.205
76.5182 0.718439 182.205
76.5182 0.718439 182.205
76.5182 0.718439 182.205
76.5182 0.718439 182.205
76.5182 0.718439 182.205
76.5182 0.718439 182.205
76.5182 0.718439 182.205
76.5182 0.718439 182.205
76.5182 0.718439 182.205
76.5182 0.718439 182.205
76.5182 0.718439 182.205
76.5182 0.718439 182.205
76.5182 0.718439 182.205
76.5182 0.718439 182.205
76.5182 0.718439 182.205
76.5182 0.718439 182.205
76.5182 0.718439 182.205
76.5182 0.718439 182.205
76.5182 0.718439 182.205
76.5182 0.718439 182.205
76.5182 0.718439 182.205
76.5182 0.718439 182.205
76.5182 0.718439 182.205
76.5182 0.718439 182.205
76.5182 0.718439 182.205
76.5182 0.718439 182.205
76.5182 0.718439 182.205
76.5182 0.718439 182.205
76.5182 0.718439 182.205
76.5182 0.718439 182.205
76.5182 0.718439 182.205
76.5182 0.718439 182.205
76.5182 0.718439 182.205
76.5182 0.718439 182.205
76.5182 0.718439 182.205
76.5182 0.718439 182.205
76.5182 0.718439 182.205
76.5182 0.718439 182.205
76.5182 0.718439 182.205
76.5182 0.718439 182.205
76.5182 0.718439 182.205
76.5182 0.718439 182.205
76.5182 0.718439 182.205
76.5182 0.718439 182.205
76.5182 0.718439 182.205
76.5182 0.718439 182.205
76.693 0.683933 182.526
76.693 0.683933 182.526
76.693 0.683933 182.526
76.693 0.683933 182.526
76.693 0.683933 182.526
76.693 0.683933 182.526
76.693 0.683933 182.526
76.693 0.683933 182.526
76.693 0.683933 182.526
76.693 0.683933 182.526
76.693 0.683933 182.526
76.693 0.683933 182.526
76.693 0.683933 182.526
76.693 0.683933 182.526
76.693 0.683933 182.526
76.693 0.683933 182.526
76.693 0.683933 182.526
76.693 0.683933 182.526
76.693 0.683933 182.526
76.693 0.683933 182.526
76.693 0.683933 182.526
76.693 0.683933 182.526
76.693 0.683933 182.526
76.693 0.683933 182.526
76.693 0.683933 182.526
76.693 0.683933 182.526
76.693 0.683933 182.526
76.693 0.683933 182.526
76.693 0.683933 182.526
76.693 0.683933 182.526
76.693 0.683933 182.526
76.693 0.683933 182.526
76.6966 1.29167 182.923
76.6966 1.29167 182.923
76.6966 1.29167 182.923
76.6966 1.29167 182.923
76.6966 1.29167 182.923
76.693 0.683933 182.526
76.693 0.683933 182.526
76.6995 1.0258 182.403
76.6995 1.0258 182.403
76.6995 1.0258 182.403
76.7008 1.40083 182.691
76.9047 1.79844 182.817
76.9038 1.79844 182.817
77.0661 2.07449 182.6
77.0661 2.07449 182.6
77.0661 2.07449 182.6
77.0661 2.07449 182.6
77.0661 2.07449 182.888
76.8818 1.7095 182.887
76.8691 1.75839 183.872
76.8504 1.52192 184.499
76.8504 1.52192 184.499
76.8195 1.6262 184.999
76.8554 2.52903 184.288
77.0448 2.98702 183.927
77.0448 2.98702 183.927
77.2471 3.11787 183.529
77.2455 3.22434 184.031
77.2455 3.22434 184.031
77.0415 2.94968 184.25
77.0415 2.94968 184.25
77.0415 2.94968 184.25
77.0415 2.94968 184.25
77.0415 2.94968 184.051
76.6725 1.15879 184.051
76.6725 1.15879 184.051
76.6725 1.15879 184.051
76.6725 1.15879 184.051
76.8867 2.99625 183.771
76.8867 2.99625 183.771
77.0686 3.77429 183.447
77.0686 3.77429 183.447
77.0686 3.77429 183.447
77.0526 1.49723 183.349
77.0526 1.49723 183.349
76.8519 1.70614 183.621
76.8526 1.0937 183.959
76.8526 1.0937 183.959
77.0609 1.06618 183.546
77.0609 1.06618 183.546
77.0651 2.41326 183.209
77.0651 2.41326 183.209
77.0651 2.41326 183.209
77.057 1.82033 183.386
77.057 1.82033 184.102
77.0421 1.65614 184.102
77.0401 2.15655 184.731
77.2053 2.70318 185.032
77.2053 2.70318 185.032
77.2053 2.11096 184.476
77.2236 2.11096 184.476
77.2211 3.02874 184.334
77.2211 3.02874 184.334
77.2211 3.02874 184.334
77.4203 2.96233 184.24
77.4203 2.96233 184.24
77.4203 2.96233 184.24
76.8466 1.36044 184.48
76.8466 1.36044 184.48
76.8466 1.36044 184.48
77.0451 1.81769 184.12
77.0451 1.81769 184.12
77.234 1.80768 183.544
77.234 1.80768 183.544
77.234 1.80768 183.544
77.064 2.18037 183.101
77.064 2.18037 183.101
77.064 2.18037 183.101
77.2653 2.29199 182.865
77.2455 2.65202 183.313
77.2455 2.65202 183.313
77.0876 2.68042 182.995
77.0675 2.68309 182.995
77.0675 2.68309 182.995
77.0675 2.68309 182.995
77.0748 1.72977 183.458
76.8668 1.45424 183.674
76.8668 1.45424 183.674
76.8668 1.45424 183.674
76.8797 1.83341 183.228
76.8797 1.83341 183.228
76.8797 1.83341 183.228
77.2412 1.73444 184.19
77.2412 1.73444 184.19
77.0404 2.08509 184.641
77.0404 2.08509 184.641
77.0527 2.51645 184.445
77.0527 2.51645 184.445
77.0527 2.51645 184.445
77.0527 2.51645 184.445
77.0527 2.51645 184.445
77.0527 2.51645 184.445
77.0266 1.29589 184.387
77.0266 1.29589 184.387
76.8548 1.54067 184.337
77.0319 1.17138 184.046
77.0319 1.17138 184.046
77.0319 1.17138 184.046
77.2009 1.35609 184.636
77.0159 2.13818 184.891
77.0159 2.13818 184.891
77.0447 3.20128 184.197
77.2257 3.08406 183.851
77.263 2.39879 183.367
77.263 2.39879 183.367
77.248 1.77075 183.867
77.2235 1.96768 184.297
77.2241 1.96768 184.297
77.0301 1.529 184.496
77.215 1.33937 184.062
77.215 1.33937 184.062
77.4188 2.58565 183.953
77.4188 2.58565 183.953
77.4188 2.58565 183.953
77.4188 2.58565 183.953
77.4188 2.58565 183.953
77.4188 2.58565 183.953
77.0745 1.87265 183.638
77.0729 1.4256 183.26
77.0729 1.4256 183.26
77.2267 1.25098 183.4
77.2267 1.25098 183.4
77.2267 1.25098 183.4
77.2399 2.36404 183.689
77.2399 2.36404 183.689
77.2374 2.56053 184.119
77.2374 2.56053 184.119
77.4442 3.15704 183.936
77.4442 3.15704 183.936
77.4442 3.15704 183.537
77.6251 3.28886 183.537
77.6048 3.40022 184.038
77.3958 3.28682 185.011
77.2037 3.2044 185.661
77.2037 3.2044 185.661
77.2037 3.2044 185.661
77.4048 2.63873 184.939
77.4169 2.42406 183.935
77.4238 2.13753 182.843
77.2661 1.89889 182.006
77.4423 2.58389 181.752
77.4423 2.58389 181.752
77.6162 4.41462 182.926
77.7862 4.25105 184.532
77.7862 4.25105 184.532
77.5962 3.88517 185.561
77.3616 3.12284 186.464
77.3424 2.54745 186.481
77.3976 2.53083 185.172
77.4206 2.7472 183.971
77.2457 2.92318 182.366
77.2224 3.6961 181.313
77.2224 3.6961 181.313
77.4126 3.86034 182.058
77.7851 3.71135 183.495
78.137 3.94837 185.22
78.0943 4.03003 186.78
77.7183 3.64825 187.081
77.7183 3.64825 187.081
77.1667 1.89189 185.675
77.2133 1.69777 184.511
77.2133 1.69777 184.511
77.4342 2.33297 184.008
77.7801 3.06673 184.159
77.7708 3.35616 185.251
77.76 3.66303 186.184
77.76 3.66303 186.184
77.7005 3.3613 186.721
77.5383 2.68388 186.081
77.5777 2.32357 184.899
77.7918 2.34644 184
77.7918 2.34644 184
77.7994 2.4884 183.444
77.7994 2.4884 183.444
77.5981 2.52056 183.86
77.5981 2.52056 183.86
77.6203 3.12869 184.253
77.6203 3.12869 184.253
77.9393 5.23022 183.897
77.7928 4.58157 182.937
77.7966 3.81174 182.528
77.7966 3.81174 182.528
77.7966 3.81174 182.528
77.9802 2.74538 183.385
77.9611 2.51788 184.748
77.9126 2.32471 185.788
77.8421 2.66991 187.129
77.8421 2.66991 187.129
77.6927 3.84777 187.511
77.9099 4.52418 186.677
77.9582 4.15523 185.494
78.1585 3.40167 184.183
77.9817 3.048 182.847
77.6217 3.32317 182.481
77.4462 3.17494 183.04
77.6186 3.03923 184.325
77.6186 3.03923 184.325
77.9368 3.15124 185.713
78.0957 3.59637 186.243
78.0957 3.59637 185.152
77.9428 4.19384 185.171
77.7856 3.81995 183.996
77.7988 3.86612 182.778
77.7869 4.0251 182.062
77.9816 2.9759 182.758
77.9755 1.81005 182.96
77.758 0.423593 183.629
77.5243 0.452922 184.774
77.5317 1.92785 185.507
77.5679 3.97776 186.225
77.5679 3.97776 186.225
78.1253 4.9042 185.484
78.1253 4.9042 185.484
78.3225 4.59888 184.546
78.3392 3.94374 183.744
78.1605 3.34234 183.199
77.623 3.09229 183.841
77.623 3.09229 183.841
77.7629 2.72723 185.019
77.7074 1.72233 185.972
77.6133 1.18147 187.138
77.6164 1.77712 187.696
77.8832 3.82344 187.091
78.1218 5.28457 186.505
78.4836 5.29755 185.018
78.5173 4.02317 183.827
78.5173 4.02317 183.827
78.5325 2.5431 183.106
78.353 1.77978 182.543
78.353 1.77978 182.543
78.0003 2.88328 182.83
78.1608 3.55894 183.466
78.1615 3.97483 184.162
78.1615 3.97483 184.914
78.1597 4.14015 184.914
78.1597 4.14015 184.914
78.1597 4.14015 184.914
78.1597 4.14015 184.914
78.1597 4.14015 184.914
78.2966 2.44512 184.81
78.2966 2.44512 184.81
78.2966 2.44512 184.81
78.2966 2.44512 184.81
78.2966 2.44512 184.81
78.1443 4.82363 184.66
78.1443 4.82363 184.66
78.501 4.91339 184.734
78.501 4.91339 184.734
78.3354 3.82628 184.874
78.3354 3.82628 184.874
77.9611 2.51788 184.748
77.9611 2.51788 184.748
77.9611 2.51788 184.748
77.9611 2.51788 184.748
77.9611 2.51788 184.748
77.9684 3.36286 185.246
77.9471 3.20345 185.228
77.9471 3.20345 185.228
78.1501 3.02762 184.633
78.3377 3.49824 184.105
78.3567 3.9558 183.582
78.3567 3.9558 183.582
78.5137 2.96459 183.8
78.5137 2.96459 183.8
78.3213 2.4779 184.489
78.1132 2.70954 185.333
77.9437 3.2582 185.479
77.9602 3.5963 184.618
77.9602 3.5963 184.618
77.9638 3.59376 183.884
78.0006 3.0994 183.097
78.0006 3.0994 183.097
78.0006 3.0994 183.097
78.1575 2.66207 183.453
78.1504 2.8108 184.366
78.1231 3.0505 185.206
78.1231 3.0505 185.206
78.108 2.98175 185.852
78.2285 2.34721 186.513
78.2285 2.34721 186.513
78.1048 2.67514 185.656
77.9476 2.98698 184.96
77.9698 2.64182 184.353
78.1459 2.48749 184.332
78.1459 2.48749 184.332
78.1474 3.08285 184.884
78.1474 3.08285 184.884
78.131 3.46352 185.168
78.131 3.46352 185.168
78.131 3.46352 185.168
78.131 3.46352 185.168
78.3022 2.53874 185.475
78.3022 2.53874 185.475
77.9436 3.33033 185.569
77.9521 3.52674 185.263
77.9521 3.52674 185.263
78.3173 3.97446 185.052
78.3173 3.97446 185.052
78.5167 3.95696 184.472
78.7127 3.93692 183.893
78.7127 3.93692 183.893
78.8693 3.48792 184.412
78.8369 2.49234 185.373
78.6014 1.35624 185.998
78.6014 1.35624 186.589
78.3887 1.52987 186.589
78.3887 1.52987 186.589
77.9281 5.33072 186.029
77.9302 5.86726 185.598
77.946 5.23217 184.631
77.9832 3.98439 184.007
77.9832 3.98439 184.007
77.9832 3.98439 184.007
78.0884 0.203962 184.255
78.0602 0.280569 185.079
78.2271 2.2243 186.912
78.5564 4.67845 188.785
78.8936 6.80347 190.045
78.8936 6.80347 190.045
79.1453 6.66785 188.956
79.0154 4.20547 186.351
78.7127 359.483 180.273
78.1951 359.421 179.289
78.1951 359.421 179.289
78.0122 1.50667 180.403
78.1495 4.66596 183.012
79.0773 9.53632 190.051
79.6132 9.1648 190.965
79.6132 9.1648 190.965
79.0929 4.94168 189.029
78.5729 1.07191 186.378
78.3693 357.527 183.327
78.0574 356.029 181.295
77.9303 356.813 180.803
77.8157 0.778053 181.875
78.107 6.41911 184.26
78.6522 11.4825 187.286
79.2172 14.7349 189.12
79.2172 14.7349 189.12
79.0926 10.2326 187.684
78.6592 2.41085 182.005
78.4312 348.803 179.92
78.4312 348.803 179.92
78.3239 350.259 180.791
78.2328 357.798 183.111
78.7659 9.08794 186.534
80.2121 21.2935 189.715
81.6039 29.6643 191.738
81.8637 26.8863 191.07
80.8935 14.0628 188.504
80.1608 354.041 184.694
80.4285 332.916 181.014
81.1296 320.697 178.63
81.1296 320.697 178.63
80.0433 332.671 180.069
79.351 358.097 182.915
80.4117 28.9425 186.103
80.4117 28.9425 186.103
83.8977 68.1694 186.337
82.4015 50.6861 183.794
