H_VAL   H_STEP_SIZE 60 0.1
ROLL KP KI KD 8 0 6
PITCH KP KI KD 8 0 6
YAW KP KI KD 0 0 0
60 100.728 2.38546 181.974
60 100.728 2.38546 181.974
60 100.724 2.59005 181.549
60 100.728 2.2972 181.901
60 100.728 2.2972 181.901
60 100.728 2.4737 182.047
60 100.728 2.4737 182.047
60 100.728 2.4737 182.047
60 100.728 2.4737 182.047
60 100.728 2.2972 181.901
60 100.728 2.2972 181.901
60 100.728 2.2972 181.901
60 100.728 2.2972 181.901
60 100.728 2.2972 181.901
60 100.728 2.2972 181.901
60 100.728 2.2972 181.901
60 100.728 2.2972 181.901
60 100.728 2.2972 181.901
60 100.728 2.2972 181.901
60 100.728 2.2972 181.901
60 100.728 2.2972 181.901
60 100.728 2.2972 181.901
60 100.728 2.2972 181.901
60 100.728 2.2972 181.901
60 100.728 2.2972 181.901
60 100.888 2.73019 182.102
60 100.888 2.73019 182.102
60 100.889 2.83379 182.336
60 100.889 2.83379 182.336
60 100.889 3.0106 182.483
60 100.889 3.0106 182.483
60 100.889 3.0106 182.483
60 100.889 3.0106 182.483
60 100.889 3.0106 182.483
60 100.889 3.0106 182.483
60 100.889 3.0106 182.483
60 101.012 4.34538 181.945
60 101.012 4.34538 181.945
60 101.012 4.34538 181.945
60 101.19 3.84449 182.559
60 101.035 3.63168 182.989
60 101.035 3.10134 182.552
60 101.03 3.21664 182.053
60 101.017 3.65463 181.523
60 101.017 3.65463 181.523
60 101.153 3.87366 181.253
60 101.153 3.87366 181.253
60 101.153 3.87366 181.253
60 101.153 3.87366 181.973
60 101.718 6.24231 181.973
60 101.444 4.63144 181.414
60 101.444 4.63144 181.414
60 101.025 3.08204 181.496
60 101.025 3.08204 181.496
60 101.315 4.42891 181.846
60 101.315 4.42891 181.846
60 101.735 4.72007 181.473
60 101.719 5.20212 181.424
60 101.719 5.20212 181.424
60 101.719 5.20212 181.424
60 101.259 6.00323 181.209
60 101.259 6.00323 181.209
60 101.259 6.00323 181.209
60 101.27 5.70042 181.559
60 101.837 5.62937 180.726
60 101.837 5.62937 180.726
60 101.837 5.62937 180.726
60 101.982 5.87359 180.616
60 101.707 6.03322 181.506
60 101.433 6.16961 182.078
60 101.433 6.16961 182.078
60 100.979 5.52461 181.429
60 100.979 6.10504 180.716
60 101.072 6.10504 180.716
60 101.296 7.20616 180.27
60 102.085 7.3095 181.188
60 102.085 7.3095 181.188
60 101.989 5.46736 180.735
60 101.989 5.46736 180.735
60 101.989 5.46736 180.735
60 101.989 5.46736 180.855
60 101.712 5.23683 180.855
60 101.745 4.80257 181.387
60 102.031 5.74039 181.686
60 102.124 7.12838 181.776
60 101.973 6.12298 180.671
60 101.676 5.05051 179.817
60 101.676 5.05051 179.817
60 101.676 5.05051 179.817
60 101.676 5.05051 179.817
60 101.808 5.82906 180.299
60 101.808 5.82906 180.299
60 101.808 5.82906 180.299
60 102.576 6.52026 181.249
60 102.576 6.52026 181.249
60 102.576 6.52026 181.249
60 101.9 7.22842 180.394
60 101.786 5.86817 179.889
60 101.815 4.94283 179.577
60 101.815 4.94283 179.577
60 102.548 6.29335 180.781
60 102.568 6.34574 181.263
60 102.568 6.34574 181.263
60 102.041 4.46347 181.246
60 101.713 4.46097 180.524
60 101.713 4.46097 180.524
60 102.469 9.46622 179.792
60 102.735 9.15687 179.231
60 102.735 9.15687 178.741
60 102.999 6.89773 178.735
60 103.076 5.42056 178.734
60 102.893 6.62001 179.258
60 102.852 7.98726 179.761
60 102.585 8.03023 180.104
60 102.585 8.03023 180.104
60 102.334 6.22864 179.414
60 102.302 5.89311 178.556
60 102.357 6.72509 177.894
60 102.357 6.72509 177.894
60 102.702 7.8436 177.744
60 102.65 7.17498 178.392
60 102.704 7.08631 179.053
60 102.704 7.08631 179.053
60 102.604 6.80605 179.419
60 102.439 6.42151 178.977
60 102.439 6.42151 178.977
60 102.688 7.51213 179.249
60 102.688 7.51213 179.249
60 102.92 6.58508 179.668
60 102.92 6.58508 179.668
60 102.92 6.58508 179.668
60 102.914 6.38888 179.365
60 102.698 6.80194 178.678
60 102.63 6.96179 177.928
60 102.63 6.96179 177.928
60 102.63 6.96179 179.482
60 103.235 7.07646 180.33
60 103.433 7.11441 181.374
60 103.312 6.99277 181.723
60 103.312 6.99277 181.723
60 102.84 5.75557 180.335
60 102.742 6.42833 178.964
60 102.936 7.51926 178.501
60 103.124 8.44658 178.053
60 103.212 8.39792 179.035
60 103.212 8.39792 179.035
60 102.897 7.73151 178.233
60 102.897 7.73151 178.233
60 102.83 7.9961 177.715
60 102.791 7.94184 177.233
60 103.07 7.58471 178.246
60 103.123 7.49792 179.062
60 103.123 7.49792 179.062
60 103.141 7.71246 179.525
60 103.059 8.02838 178.756
60 103.059 8.02838 177.569
60 102.992 7.83132 177.568
60 102.955 7.50806 177.026
60 103.101 7.32211 176.873
60 103.347 7.3751 177.922
60 103.347 7.3751 177.922
60 103.34 7.82115 178.277
60 103.175 8.43146 178.624
60 103.175 8.43146 178.624
60 103.089 9.03435 178.076
60 103.089 9.03435 178.076
60 103.144 8.02061 177.859
60 103.144 8.02061 177.859
60 103.518 7.42588 178.548
60 103.745 7.10625 179.153
60 103.745 7.10625 179.153
60 103.752 7.3938 179.525
60 103.443 8.667 178.652
60 103.345 9.07138 177.8
60 103.345 9.07138 177.8
60 103.389 8.03911 177.425
60 103.389 8.03911 177.425
60 103.634 7.91683 178.485
60 103.782 8.91364 179.101
60 103.52 8.78204 179.46
60 103.593 7.91471 179.799
60 103.686 7.54702 178.774
60 103.796 7.75142 178.339
60 103.796 7.75142 178.339
60 104.017 9.6242 177.599
60 104.017 9.6242 177.599
60 104.017 9.6242 177.599
60 104.017 9.6242 177.599
60 103.618 6.42969 177.028
60 103.7 6.65183 178.068
60 103.777 8.1791 178.531
60 103.893 9.22559 179.05
60 103.893 9.22559 179.05
60 103.742 7.76341 177.922
60 103.554 7.51511 177.15
60 103.554 7.51511 177.15
60 103.081 8.56887 177.714
60 103.081 8.56887 177.714
60 103.247 7.27766 178.588
60 103.514 6.04884 179.211
60 103.897 5.01425 180.132
60 104.08 4.76656 181.537
60 104.276 4.65368 183.179
60 104.286 4.23993 184.455
60 103.989 3.32268 185.065
60 103.639 1.05973 184.768
60 103.639 1.05973 184.768
60 103.639 1.05973 184.768
60 103.85 359.693 185.583
60 103.852 0.437923 186.313
60 103.696 3.37279 184.25
60 103.727 6.86218 181.303
60 103.712 9.88287 177.83
60 103.813 12.0526 174.527
60 104.101 12.2383 172.742
60 104.101 12.2383 172.742
60 104.87 8.45676 175.052
60 104.973 6.77167 177.966
60 105.028 6.82972 180.747
60 104.478 6.94912 181.901
60 103.772 6.71887 179.437
60 103.41 6.87792 176.504
60 103.52 8.27984 174.373
60 103.767 10.4962 173.75
60 104.554 12.5995 175.038
60 104.554 12.5995 175.038
60 104.904 11.8446 177.063
60 105.008 9.51613 178.756
60 104.765 7.37681 179.302
60 104.765 7.37681 179.302
60 104.088 7.20056 177.895
60 103.875 7.98037 176.331
60 104.191 8.82074 175.799
60 104.515 9.13336 176.311
60 104.787 9.39911 177.809
60 104.721 9.88763 179.062
60 104.659 9.56621 179.841
60 104.659 9.56621 179.841
60 104.446 7.32838 178.997
60 104.286 6.01712 177.699
60 104.171 6.35352 176.36
60 104.256 8.07341 175.649
60 104.256 8.07341 175.649
60 104.738 11.4581 176.482
60 104.919 11.9542 177.292
60 104.717 9.85352 177.586
60 104.717 9.85352 177.586
60 104.339 6.94649 177.253
60 104.32 6.63583 176.721
60 104.464 7.09856 177.222
60 104.665 7.4621 178.069
60 104.665 7.4621 178.069
60 104.628 8.87789 179.026
60 104.642 9.58632 177.962
60 104.678 9.52321 176.897
60 104.61 8.97126 175.747
60 104.786 8.17064 175.267
60 104.9 7.77597 176.125
60 104.829 7.62035 176.883
60 104.77 8.40332 178.351
60 104.617 9.12748 178.921
60 104.617 9.12748 178.921
60 104.639 9.76518 178.102
60 104.638 9.83982 176.855
60 104.808 10.2417 175.98
60 105.017 10.782 175.954
60 105.206 10.2785 177.001
60 104.952 9.52225 178.185
60 104.728 9.25898 178.727
60 104.545 8.33827 179.19
60 104.489 6.39862 178.708
60 104.197 3.45418 179.491
60 104.26 2.00451 180.976
60 104.421 1.90794 182.781
60 104.265 2.26596 184.372
60 104.234 2.08256 185.539
60 104.193 0.898934 185.927
60 104.193 0.898934 185.927
60 104.193 0.898934 185.927
60 104.196 358.606 185.89
60 104.122 357.85 186.469
60 104.206 357.426 187.011
60 104.206 357.426 187.011
60 104.094 356.776 187.822
60 104.041 356.948 188.54
60 103.994 356.742 188.966
60 104.076 359.485 186.433
60 104.527 5.46901 181.761
60 104.601 12.0227 177.076
60 104.19 16.1812 171.958
60 103.817 16.7474 167.185
60 103.851 14.562 165.954
60 104.475 11.5186 168.191
60 105.193 9.77042 171.818
60 105.699 9.14266 176.541
60 105.789 8.79954 180.754
60 105.719 8.59413 181.609
60 105.389 8.84249 179.226
60 105.152 9.744 176.015
60 105.014 11.8662 172.542
60 104.841 14.2415 169.671
60 105.052 15.5877 169.052
60 105.469 14.9735 170.631
60 105.715 12.9732 172.618
60 105.844 10.3388 175.124
60 105.795 8.73177 177.24
60 105.66 8.94258 177.704
60 105.505 10.1005 176.993
60 105.19 11.1047 175.317
60 104.993 11.9797 173.509
60 104.86 12.653 172.431
60 104.86 12.653 172.431
60 105.805 13.7256 173.751
60 105.877 12.7611 175.351
60 105.759 11.0706 176.261
60 105.759 11.0706 176.261
60 105.455 9.47309 175.939
60 105.483 9.69045 175.239
60 105.483 9.69045 175.239
60 105.953 10.664 175.223
60 106.122 12.1119 175.574
60 106.122 12.1119 175.574
60 105.676 12.4873 175.742
60 105.676 12.4873 175.742
60 105.498 9.80257 175.469
60 105.498 9.80257 175.469
60 106.104 8.34032 175.632
60 106.104 8.34032 175.632
60 106.435 9.69048 176.054
60 106.435 9.69048 176.054
60 106.075 10.9124 176.411
60 105.93 11.1934 176.633
60 106.002 10.9119 175.84
60 106.002 10.9119 175.84
60 106.159 10.2682 175.345
60 106.385 9.14564 174.922
60 106.385 9.14564 176.023
60 106.564 8.28596 176.006
60 106.573 9.33265 176.925
60 106.425 10.3603 177.849
60 106.856 11.2615 175.885
60 106.695 10.7705 174.392
60 106.592 11.4364 173.157
60 106.224 12.5948 171.868
60 106.046 13.7548 170.99
60 105.833 13.7867 169.857
60 105.38 14.2394 168.022
60 105.175 15.3711 167.404
60 104.631 16.9088 165.928
60 104.441 17.8472 164.847
60 104.198 19.044 163.524
60 104.198 19.044 163.524
60 103.323 21.7029 162.572
60 103.323 21.7029 162.572
60 103.323 21.7029 162.572
60 102.504 21.0257 161.163
60 102.438 20.7395 160.152
60 102.518 21.5799 160.826
60 103.48 20.8705 163.752
60 104.951 17.2038 170.147
60 106.215 12.9727 176.928
60 106.777 9.40842 183.133
60 106.944 7.44023 186.367
60 106.84 7.93475 183.022
60 106.254 9.85008 177.043
60 105.83 11.7148 171.226
60 105.398 13.8965 166.276
60 105.197 16.051 163.748
60 105.776 17.1844 165.469
60 106.369 16.4061 169.289
60 106.758 14.1924 173.88
60 107.221 11.9435 178.37
60 107.298 10.056 180.698
60 107.035 8.80406 178.517
60 106.814 9.13108 175.041
60 106.598 10.6212 171.392
60 106.436 12.8618 168.416
60 107.317 16.0506 169.968
60 107.453 16.0396 172.848
60 107.187 15.7815 175.302
60 106.784 15.161 176.771
60 106.784 15.161 176.771
60 105.797 11.9319 174.004
60 105.576 9.97437 171.67
60 105.812 9.56399 169.559
60 107.046 12.8446 170.99
60 107.553 14.3814 173.662
60 107.806 15.3054 176.037
60 107.712 15.5304 177.351
60 107.712 15.5304 177.351
60 106.291 10.9695 172.53
60 106.121 9.51984 171.023
60 106.389 9.09593 170.41
60 106.389 9.09593 170.41
60 107.211 10.6901 172.867
60 107.687 11.9633 175.343
60 107.876 13.355 176.76
60 107.7 14.5449 177.501
60 107.149 14.9968 176.173
60 105.959 11.7963 171.13
60 105.932 10.0013 170.228
60 105.932 10.0013 170.228
60 107.011 8.98375 172.911
60 107.674 9.67839 175.54
60 108.015 10.9954 177.038
60 107.969 11.969 177.614
60 107.671 12.9903 176.091
60 107.287 13.6084 173.984
60 107.036 13.5562 172.376
60 106.937 12.2709 171.436
60 106.937 12.2709 171.436
60 107.1 9.77018 173.197
60 107.505 10.4857 174.852
60 107.836 12.7304 176.03
60 107.968 14.7261 176.604
60 107.703 14.9139 175.043
60 107.554 13.8157 173.101
60 107.369 12.773 171.058
60 107.298 12.9504 170.039
60 107.367 13.7788 171.218
60 107.464 12.6772 173.44
60 107.638 11.2342 175.224
60 107.663 10.7089 176.289
60 107.663 11.8363 176.123
60 107.453 13.5887 175.113
60 107.847 14.858 174.125
60 108.007 14.4235 173.086
60 108.141 12.7399 172.286
60 108.141 12.7399 172.286
60 108.258 10.8963 173.241
60 108.316 11.5503 174.28
60 108.274 11.7804 175.309
60 108.274 11.7804 175.309
60 107.996 11.985 175.626
60 107.869 12.1195 174.574
60 107.589 12.3623 173.06
60 107.71 13.4695 172.128
60 107.74 14.271 171.411
60 107.74 14.271 171.411
60 108.071 13.6349 172.646
60 108.122 12.562 173.881
60 107.959 11.3634 174.747
60 107.909 11.206 175.201
60 107.8 12.218 174.377
60 107.9 12.9663 173.608
60 107.833 13.1069 172.579
60 108.052 13.0265 172.073
60 108.055 13.5069 172.566
60 108.055 13.5069 172.566
60 107.8 13.7525 172.9
60 107.884 13.329 173.875
60 107.776 12.2217 173.08
60 108.006 12.0428 172.656
60 108.006 12.0428 172.656
60 108.056 12.9355 172.006
0 108.056 12.9355 172.006
0 108.045 12.9934 172.758
0 107.468 12.5866 173.373
0 107.023 11.8757 174.456
0 106.93 10.7852 175.108
0 107.562 9.89615 174.7
0 107.562 9.89615 174.7
0 108.159 9.3409 174.559
0 108.134 9.01321 174.038
0 86.0825 8.4818 175.098
0 86.0691 8.34709 176.311
0 85.8465 8.12869 177.12
0 86.2522 6.88295 178.773
0 86.1393 6.36649 178.916
0 86.1393 6.36649 178.916
0 86.0651 5.37831 179.539
0 85.7741 4.64226 179.769
0 85.7741 4.64226 179.769
0 85.6686 3.4052 180.13
0 85.6686 3.4052 180.13
0 85.6686 3.4052 180.13
0 85.6686 3.4052 180.13
0 85.6686 3.4052 180.13
0 85.2956 4.61383 180.435
0 85.2956 4.61383 180.688
0 85.2964 4.84594 180.688
0 85.2964 4.84594 180.688
0 85.6546 4.35836 180.817
0 85.6546 4.35836 180.817
0 85.1869 2.97449 180.694
0 85.1869 2.97449 180.694
0 85.1869 2.97449 180.694
0 85.1869 2.97449 180.851
0 85.6863 3.14041 180.851
0 85.6863 3.14041 180.851
