H_VAL   H_STEP_SIZE 60 0.1
ROLL KP KI KD 8 0 6
PITCH KP KI KD 8 0 6
YAW KP KI KD 0 0 0
60 355.795 3.6229 181.508
60 355.795 3.6229 181.508
60 355.795 3.6229 181.508
60 355.795 3.6229 181.508
60 355.795 3.6229 181.508
60 355.795 3.6229 181.508
60 355.795 3.6229 181.508
60 355.769 2.48929 181.123
60 355.769 2.48929 181.123
60 355.769 2.48929 181.123
60 355.769 2.48929 181.123
60 355.769 2.48929 181.123
60 355.769 2.48929 181.123
60 355.769 2.48929 181.255
60 355.778 2.94387 181.254
60 355.778 2.94387 181.254
60 355.778 2.94387 181.254
60 355.778 2.94387 181.254
60 355.778 2.94387 181.254
60 355.778 2.94387 181.254
60 355.778 2.94387 181.254
60 355.778 2.94387 181.254
60 355.778 2.94387 181.254
60 355.778 2.94387 181.254
60 355.784 3.16889 181.377
60 355.784 3.16889 181.377
60 355.784 3.16889 181.377
60 355.784 3.16889 181.377
60 355.784 3.16889 181.377
60 355.784 3.16889 181.377
60 355.784 3.16889 181.377
60 355.807 3.84337 181.745
60 355.807 3.84337 181.745
60 355.807 3.84337 181.745
60 355.822 3.82639 182.203
60 355.822 3.82639 182.203
60 355.822 3.82639 182.203
60 355.837 4.27973 182.335
60 355.837 4.27973 182.335
60 355.837 4.27973 182.335
60 355.837 4.27973 182.335
60 355.799 4.08493 181.411
60 355.809 5.0031 181.33
60 355.809 5.0031 181.33
60 355.809 5.0031 181.33
60 356.2 6.02503 182.149
60 356.33 6.94279 182.059
60 356.486 6.75605 180.895
60 356.422 6.21827 179.849
60 356.398 6.46046 179.399
60 356.467 5.83705 180.524
60 356.654 4.75299 182.432
60 356.781 3.45648 183.765
60 356.784 3.33514 183.991
60 356.623 5.98708 183.618
60 356.412 8.87464 182.693
60 356.456 10.2954 181.584
60 3.30662 6.29765 179.588
60 356.763 3.92342 179.537
60 356.79 2.98091 180.083
60 356.845 3.85591 181.939
60 356.845 3.85591 181.939
60 356.83 5.89116 183.259
60 356.83 5.89116 183.259
60 356.83 5.89116 183.259
60 356.683 6.2538 182.475
60 356.961 5.93655 181.19
60 356.961 5.93655 181.19
60 356.961 5.93655 181.19
60 357.061 4.56535 181.263
60 356.904 4.97761 182.773
60 356.904 4.97761 182.773
60 356.663 6.19756 184.198
60 356.439 6.89935 184
60 356.468 7.04825 182.399
60 356.477 7.21793 180.681
60 356.654 7.01639 179.86
60 356.919 5.95811 180.39
60 357.115 4.8786 182.416
60 357.176 4.60822 184.014
60 357.076 4.71988 184.476
60 356.605 5.64797 183.493
60 356.194 6.60651 181.826
60 356.194 6.60651 181.826
60 356.019 7.09874 180.706
60 356.019 7.09874 180.706
60 356.504 5.58444 181.318
60 356.65 4.40652 182.537
60 356.659 4.39965 182.765
60 356.702 5.66231 183.144
60 356.702 5.66231 183.144
60 356.718 6.35068 183.05
60 356.548 6.4929 182.031
60 356.634 6.39528 181.564
60 356.634 6.39528 181.564
60 356.972 6.27491 181.314
60 356.892 5.33293 182.324
60 356.68 4.61807 183.116
60 356.68 4.61807 183.116
60 356.68 4.61807 183.116
60 356.494 6.10799 183.285
60 356.341 6.82154 182.284
60 356.318 6.71906 181.937
60 356.318 6.71906 181.937
60 356.438 5.67694 182.469
60 356.443 4.85049 182.789
60 356.602 4.59267 184.262
60 356.602 4.59267 184.262
60 356.444 4.26422 183.229
60 356.755 4.1839 182.411
60 356.755 4.1839 182.411
60 357.088 5.01074 181.732
60 357.346 5.92227 181.973
60 357.402 5.78091 183.115
60 357.166 5.19751 183.341
60 357.166 5.19751 183.341
60 356.417 5.79583 181.788
60 356.322 6.43849 180.091
60 356.548 7.12615 179.985
60 356.947 7.67411 180.779
60 356.947 7.67411 180.779
60 357.245 6.96384 182.003
60 357.412 5.54462 183.453
60 357.383 4.39632 183.655
60 357.256 4.04879 183.651
60 357.141 5.09521 182.88
60 357.097 6.2866 181.649
60 357.07 6.64351 181.087
60 357.009 5.9119 182.106
60 356.599 5.65152 183.379
60 356.599 5.65152 183.379
60 356.276 5.27333 184.071
60 356.276 5.27333 182.82
60 356.223 5.5449 182.82
60 356.194 6.60651 181.826
60 356.297 7.07526 181.491
60 356.682 6.48524 182.367
60 356.819 6.12947 182.923
60 356.979 5.99311 183.829
60 356.964 6.69655 183.161
60 356.793 7.18092 182.038
60 356.793 7.18092 182.038
60 356.793 7.18092 182.038
60 356.327 5.31159 179.818
60 356.201 5.05954 180.177
60 356.451 4.58543 180.371
60 356.971 5.81648 181.416
60 356.971 6.59251 182.923
60 357.177 6.59595 182.916
60 356.774 6.38414 182.014
60 356.774 6.38414 182.014
60 356.631 6.97142 181.352
60 356.568 7.00221 180.324
60 356.681 6.30426 180.183
60 356.923 5.0395 180.594
60 356.963 4.20491 181.83
60 356.934 4.95838 183.46
60 356.719 7.58155 184.351
60 356.572 6.76239 184.223
60 356.565 4.61452 183.121
60 356.746 3.1357 182.953
60 356.973 2.55247 183.504
60 356.762 2.1569 184.99
60 356.417 1.7537 186.474
60 356.128 0.547834 187.59
60 355.79 359.121 188.225
60 355.597 358.059 188.532
60 355.434 357.773 189.552
60 355.472 357.263 190.8
60 356.507 359.327 186.973
60 356.982 4.30701 182.291
60 356.921 10.7395 177.872
60 356.097 15.2106 173.346
60 355.331 11.4961 174.331
60 356.053 4.62967 179.012
60 356.041 358.59 184.192
60 355.578 355.578 189.817
60 355.218 356.467 192.49
60 354.999 2.21931 189.965
60 354.593 9.23507 184.461
60 353.074 17.8234 172.249
60 353.136 16.1724 169.484
60 354.179 10.5157 170.851
60 355.41 3.04105 175.762
60 356.145 357.269 182.544
60 356.443 354.419 189.132
60 356.844 1.87282 191.531
60 356.505 9.81679 186.285
60 355.219 16.4274 179.066
60 353.595 19.3231 171.886
60 352.872 17.492 167.951
60 353.669 11.1549 168.608
60 354.875 2.84405 173.13
60 355.729 356.415 180.555
60 355.794 353.222 188.597
60 356.058 353.879 193.014
60 356.532 359.959 192.746
60 356.602 9.21827 187.979
60 355.568 17.2878 180.67
60 353.709 21.386 172.775
60 352.689 20.2719 167.983
60 353.186 12.6506 167.795
60 353.981 1.85068 171.141
60 354.477 353.539 177.853
60 354.219 350.313 186.881
0 354.292 0.887158 195.662
0 355.704 10.361 194.002
0 355.957 16.1096 189.254
0 355.907 15.2296 182.281
0 356.064 11.1169 175.2
0 356.519 6.97998 170.209
0 357.07 3.97957 168.732
0 356.72 1.90299 169.958
0 356.046 358.469 174.332
0 355.055 354.021 179.972
0 354.057 351.752 185.552
0 353.563 353.563 189.763
0 353.995 358.995 192.471
0 355.036 3.68848 190.837
0 356.152 7.02757 186.782
0 1.24528 8.50596 176.927
0 0.164811 8.84512 173.204
0 0.164811 8.84512 173.204
0 358.8 6.17471 172.718
0 357.269 358.2 178.468
0 357.145 355.684 182.529
0 357.3 354.907 186.422
0 357.3 354.907 186.422
0 358.332 359.19 188.245
0 358.497 1.86782 186.445
0 358.658 5.12868 183.386
0 358.741 8.03913 180.088
0 358.616 9.93052 177.361
0 358.589 10.0553 175.753
0 358.273 7.17871 176.32
0 358.105 4.15584 178.349
0 357.713 1.12757 181.053
0 357.326 358.882 183.642
0 357.245 357.683 185.562
0 357.098 357.426 186.123
0 357.667 359.214 184.68
0 358.092 1.79038 182.78
0 358.539 5.16293 180.753
0 358.899 7.82217 179.042
0 358.919 9.21408 178.019
0 358.919 9.21408 178.019
0 358.538 8.05378 178.839
0 358.065 6.30734 180.336
0 357.891 3.97629 182.023
0 357.63 1.30533 183.465
0 357.441 358.993 183.99
0 357.158 357.492 183.719
0 357.084 357.98 182.7
0 357.244 359.961 181.603
0 357.603 2.51263 180.625
0 358.048 4.94198 180.084
0 358.394 7.01552 180.098
0 358.538 8.37365 180.451
0 358.257 8.01696 181.385
0 358.041 6.04812 182.054
0 357.774 3.51204 182.247
0 357.609 1.22434 181.858
0 357.466 359.396 181.361
0 357.46 358.597 181.115
0 357.46 358.597 181.115
0 357.473 359.972 181.259
0 357.618 2.14943 181.534
0 357.655 4.44673 181.81
0 357.809 6.50313 181.846
0 358.048 7.78049 181.74
0 358.263 7.90179 181.498
0 358.247 6.51731 181.477
0 357.994 4.68601 181.571
0 357.738 2.49507 181.539
0 357.479 0.42638 181.498
0 357.35 359.279 181.358
0 357.348 359.05 181.353
0 357.478 0.311551 181.496
0 357.616 2.03474 181.532
0 357.646 3.98137 181.573
0 357.669 5.82257 181.61
0 357.794 7.2128 181.516
0 358.138 7.21851 181.494
0 358.131 6.05824 181.59
0 357.878 4.21352 181.569
0 357.616 2.15184 181.42
0 357.364 0.427486 181.384
0 357.24 359.623 181.366
0 357.24 359.623 181.366
0 357.484 0.770813 181.506
0 357.508 2.49167 181.544
0 357.525 4.3377 181.468
0 357.551 5.93706 181.504
0 357.795 6.86911 181.623
0 357.795 6.86911 181.623
0 358.005 5.37194 181.584
0 357.757 3.75454 181.564
0 357.5 2.0356 181.419
0 357.252 0.655656 181.39
0 357.244 359.967 181.374
0 357.244 359.967 181.374
0 357.374 1.11359 181.515
0 357.395 2.60453 181.549
0 357.41 4.33593 181.473
0 357.434 5.82121 181.507
0 357.679 6.39195 181.622
0 357.679 6.39195 181.622
0 357.768 4.9111 181.585
0 357.517 3.29589 181.447
0 357.382 1.80467 181.416
0 357.254 0.770444 181.393
0 357.247 0.193716 181.494
0 357.258 0.997234 181.513
0 357.277 2.49097 181.434
0 357.297 3.86432 181.467
0 357.309 5.13469 181.496
0 357.442 5.93252 181.624
0 357.442 5.93252 181.624
0 357.533 4.56412 181.588
0 357.401 3.17978 181.448
0 357.153 1.80157 181.42
0 357.141 0.880888 181.511
0 357.141 0.880888 181.511
0 357.141 0.880888 181.511
0 357.154 1.7987 181.534
0 357.173 3.0591 181.566
0 357.181 4.33233 181.481
0 357.203 5.3583 181.622
0 357.203 5.3583 181.622
0 357.438 5.70457 181.619
0 357.424 4.90536 181.6
0 357.293 3.6357 181.462
0 357.163 2.37189 181.549
0 357.149 1.4546 181.526
0 357.145 1.1104 181.517
0 357.145 1.1104 181.517
0 357.156 1.91337 181.537
0 357.172 2.94462 181.563
0 357.067 4.09852 181.594
0 357.083 5.01371 181.618
0 357.083 5.47242 181.624
0 357.205 5.47242 181.624
0 357.193 4.78712 181.607
0 357.184 3.74542 181.583
0 357.052 2.5993 181.557
0 357.04 1.67936 181.648
0 357.04 1.67936 181.648
0 357.035 1.33526 181.639
0 357.043 2.02632 181.542
0 357.062 3.05432 181.683
0 357.071 4.09554 181.709
0 357.086 4.89647 181.729
0 357.086 4.89647 181.729
0 357.09 5.12496 181.735
0 357.075 4.32456 181.715
0 357.07 3.51193 181.695
0 357.053 2.48176 181.668
0 357.053 2.48176 181.668
0 357.04 1.67936 181.648
0 357.04 1.67936 181.648
0 357.051 2.36718 181.665
0 357.051 3.16876 181.686
0 357.064 3.16876 181.686
0 357.073 4.21007 181.712
0 357.086 4.89647 181.729
0 357.086 4.89647 181.729
0 357.073 4.21007 181.712
0 357.073 4.21007 181.712
0 357.066 3.28318 181.689
0 357.051 2.36718 181.665
0 357.04 1.79702 181.536
0 357.04 1.79702 181.536
0 357.047 2.25557 181.548
0 357.06 2.93985 181.68
0 357.063 3.86938 181.588
0 357.077 4.6708 181.609
0 357.077 4.6708 181.609
0 357.081 4.89944 181.615
0 357.071 4.32754 181.6
0 357.071 4.32754 181.586
0 357.066 3.51491 181.581
0 357.049 2.60227 181.442
0 357.041 2.02932 181.428
0 357.041 2.02932 181.428
0 357.05 2.48474 181.554
0 357.05 2.48474 181.572
0 357.061 4.06698 181.477
0 357.061 3.98696 181.477
0 357.072 4.67378 181.495
0 357.072 4.67378 181.495
0 357.063 4.10151 181.48
0 357.063 4.10151 181.48
0 357.063 3.28615 181.575
0 357.052 2.5993 181.557
0 357.045 2.14096 181.545
0 357.045 2.14096 181.545
0 357.052 2.5993 181.557
0 357.061 3.17173 181.572
0 357.065 3.98397 181.591
0 357.065 3.98397 181.591
0 357.07 4.5594 181.492
0 357.07 4.5594 181.492
0 357.065 3.98397 181.591
0 357.063 3.28615 181.575
0 357.063 3.28615 181.575
0 357.052 2.5993 181.557
0 357.047 2.25557 181.548
0 357.054 2.71382 181.56
0 357.054 2.71382 181.56
0 357.063 3.28615 181.575
0 357.065 3.98397 181.591
0 357.065 3.98397 181.591
0 357.066 4.33052 181.486
0 357.066 4.33052 181.486
0 357.066 4.33052 181.486
0 357.066 4.33052 181.486
0 357.07 3.74354 181.587
0 357.07 3.74354 181.587
0 357.064 3.40055 181.578
0 357.064 3.40055 181.578
0 357.064 3.40055 181.578
0 357.065 3.98397 181.591
0 357.065 3.98397 181.591
0 357.061 3.40352 181.463
0 357.061 3.40352 181.463
0 357.061 3.40352 181.463
0 357.061 3.40352 181.463
0 357.061 3.40352 181.463
0 357.061 3.40352 181.463
0 357.061 3.40352 181.463
0 357.057 2.94283 181.566
0 357.057 2.94283 181.566
0 357.057 2.94283 181.566
0 357.057 2.94283 181.566
0 357.057 2.94283 181.566
0 357.057 2.94283 181.566
0 357.073 3.50895 181.81
0 357.073 3.50895 181.81
0 357.073 3.50895 181.81
0 357.073 3.50895 181.81
0 357.073 3.50895 181.81
0 357.057 2.94283 181.566
0 357.057 2.94283 181.566
0 357.057 2.94283 181.566
0 357.064 3.63221 181.469
0 357.064 3.63221 181.469
0 357.064 3.63221 181.469
0 357.064 3.63221 181.469
0 357.064 3.63221 181.469
0 357.064 3.63221 181.469
0 357.064 3.63221 181.469
0 357.058 3.17471 181.457
0 357.058 3.17471 181.457
0 357.058 3.17471 181.457
0 357.058 3.17471 181.457
0 357.064 3.63221 181.469
0 357.064 3.63221 181.469
0 357.064 3.63221 181.469
0 357.059 3.87238 181.474
0 357.059 3.87238 181.474
0 357.059 3.87238 181.474
0 357.059 3.87238 181.474
0 357.061 3.40352 181.463
0 357.061 3.40352 181.463
0 357.061 3.40352 181.463
0 357.061 3.40352 181.463
0 357.061 3.40352 181.463
0 357.061 3.40352 181.463
0 357.061 3.40352 181.463
0 357.066 3.74652 181.472
0 357.066 3.74652 181.472
0 357.066 3.74652 181.472
0 357.066 3.74652 181.472
0 357.066 3.74652 181.472
0 357.059 3.28913 181.46
0 357.059 3.28913 181.46
0 357.059 3.28913 181.46
0 357.059 3.28913 181.46
0 357.059 3.28913 181.46
0 357.059 3.28913 181.46
0 357.064 3.63221 181.469
0 357.064 3.63221 181.469
0 357.064 3.63221 181.469
0 357.064 3.63221 181.469
0 357.064 3.63221 181.469
0 357.064 3.63221 181.469
0 357.064 3.63221 181.469
0 357.059 3.28913 181.46
0 357.059 3.28913 181.46
0 357.059 3.28913 181.46
0 357.059 3.28913 181.46
0 357.059 3.28913 181.46
0 357.064 3.63221 181.469
0 357.064 3.63221 181.469
0 357.064 3.63221 181.469
0 357.064 3.63221 181.469
0 357.064 3.63221 181.469
0 357.064 3.63221 181.469
0 357.064 3.63221 181.469
0 357.059 3.28913 181.46
0 357.059 3.28913 181.46
0 357.059 3.28913 181.46
0 357.059 3.28913 181.46
0 357.064 3.63221 181.469
0 357.064 3.63221 181.469
0 357.064 3.63221 181.469
0 357.064 3.63221 181.469
0 357.064 3.63221 181.469
0 357.064 3.63221 181.469
0 357.064 3.63221 181.469
0 357.064 3.63221 181.469
0 357.064 3.63221 181.469
0 357.061 3.40352 181.463
0 357.061 3.40352 181.463
0 357.061 3.40352 181.463
0 357.061 3.40352 181.463
0 357.066 3.74652 181.472
0 357.066 3.74652 181.472
0 357.066 3.74652 181.472
0 357.066 3.74652 181.472
0 357.066 3.74652 181.472
0 357.066 3.74652 181.472
0 357.066 3.74652 181.472
0 357.063 3.51789 181.466
0 357.063 3.51789 181.466
0 357.063 3.51789 181.466
0 357.063 3.51789 181.466
0 357.063 3.51789 181.466
0 357.063 3.51789 181.466
0 357.066 3.74652 181.472
0 357.066 3.74652 181.472
0 357.066 3.74652 181.472
0 357.066 3.74652 181.472
0 357.066 3.74652 181.472
0 357.066 3.74652 181.472
0 357.063 3.51789 181.466
0 357.063 3.51789 181.466
0 357.063 3.51789 181.466
0 357.063 3.51789 181.466
0 357.063 3.51789 181.466
0 357.066 3.74652 181.472
0 357.066 3.74652 181.472
0 357.066 3.74652 181.472
0 357.066 3.74652 181.472
0 357.066 3.74652 181.472
0 357.066 3.74652 181.472
0 357.066 3.74652 181.472
0 357.066 3.74652 181.472
0 357.066 3.74652 181.472
0 357.066 3.74652 181.472
0 357.066 3.74652 181.472
0 357.066 3.74652 181.472
0 357.066 3.74652 181.472
0 357.066 3.74652 181.472
0 357.066 3.74652 181.472
0 357.066 3.74652 181.472
0 357.066 3.74652 181.472
0 357.066 3.74652 181.472
0 357.066 3.74652 181.472
0 357.066 3.74652 181.472
0 357.066 3.74652 181.472
0 357.066 3.74652 181.472
0 357.066 3.74652 181.472
0 357.066 3.74652 181.472
0 357.066 3.74652 181.472
0 357.066 3.74652 181.472
0 357.066 3.74652 181.472
0 357.066 3.74652 181.472
0 357.066 3.74652 181.472
0 357.066 3.74652 181.472
0 357.066 3.74652 181.472
0 357.066 3.74652 181.472
0 357.066 3.74652 181.472
0 357.066 3.74652 181.472
0 357.066 3.74652 181.472
0 357.066 3.74652 181.472
0 357.066 3.74652 181.472
0 357.066 3.74652 181.472
0 357.066 3.74652 181.472
0 357.066 3.74652 181.472
0 357.066 3.74652 181.472
0 357.066 3.74652 181.472
0 357.066 3.74652 181.472
0 357.066 3.74652 181.472
0 357.066 3.74652 181.472
0 357.066 3.74652 181.472
0 357.066 3.74652 181.472
0 357.066 3.74652 181.472
0 357.066 3.74652 181.472
0 357.066 3.74652 181.472
0 357.066 3.74652 181.472
0 357.066 3.74652 181.472
0 357.066 3.74652 181.472
0 357.066 3.74652 181.472
0 357.066 3.74652 181.472
0 357.066 3.74652 181.472
0 357.066 3.74652 181.472
0 357.066 3.74652 181.472
0 357.066 3.74652 181.472
0 357.066 3.74652 181.472
0 357.066 3.74652 181.472
0 357.066 3.74652 181.472
0 357.066 3.74652 181.472
0 357.066 3.74652 181.472
0 357.066 3.74652 181.472
0 357.066 3.74652 181.472
0 357.066 3.74652 181.472
0 357.066 3.74652 181.472
0 357.066 3.74652 181.472
0 357.066 3.74652 181.472
0 357.066 3.74652 181.472
0 357.066 3.74652 181.472
0 357.066 3.74652 181.472
0 357.066 3.74652 181.472
0 357.066 3.74652 181.472
0 357.066 3.74652 181.472
0 357.066 3.74652 181.472
0 357.066 3.74652 181.472
0 357.066 3.74652 181.472
0 357.066 3.74652 181.472
0 357.066 3.74652 181.472
0 357.066 3.74652 181.472
0 357.066 3.74652 181.472
0 357.066 3.74652 181.472
0 357.066 3.74652 181.472
0 357.066 3.74652 181.472
0 357.066 3.74652 181.472
0 357.066 3.74652 181.472
0 357.066 3.74652 181.472
0 357.066 3.74652 181.472
0 357.066 3.74652 181.472
0 357.066 3.74652 181.472
0 357.066 3.74652 181.472
0 357.066 3.74652 181.472
0 357.066 3.74652 181.472
0 357.066 3.74652 181.472
0 357.066 3.74652 181.472
0 357.066 3.74652 181.472
0 357.066 3.74652 181.472
0 357.066 3.74652 181.472
0 357.066 3.74652 181.472
0 357.066 3.74652 181.472
0 357.066 3.74652 181.472
0 357.066 3.74652 181.472
0 357.066 3.74652 181.472
0 357.066 3.74652 181.472
0 357.066 3.74652 181.472
0 357.066 3.74652 181.472
0 357.066 3.74652 181.472
0 357.066 3.74652 181.472
0 357.066 3.74652 181.472
0 357.066 3.74652 181.472
0 357.066 3.74652 181.472
0 357.066 3.74652 181.472
0 357.066 3.74652 181.472
0 357.066 3.74652 181.472
0 357.066 3.74652 181.472
0 357.066 3.74652 181.472
0 357.066 3.74652 181.472
0 357.066 3.74652 181.472
0 357.066 3.74652 181.472
0 357.066 3.74652 181.472
0 357.066 3.74652 181.472
0 357.066 3.74652 181.472
0 357.066 3.74652 181.472
0 357.066 3.74652 181.472
0 357.066 3.74652 181.472
0 357.066 3.74652 181.472
0 357.066 3.74652 181.472
0 357.066 3.74652 181.472
0 357.066 3.74652 181.472
0 357.066 3.74652 181.472
0 357.066 3.74652 181.472
0 357.066 3.74652 181.472
0 357.066 3.74652 181.472
0 357.066 3.74652 181.472
0 357.066 3.74652 181.472
0 357.066 3.74652 181.472
0 357.066 3.74652 181.472
0 357.066 3.74652 181.472
0 357.066 3.74652 181.472
0 357.066 3.74652 181.472
0 357.066 3.74652 181.472
0 357.066 3.74652 181.472
0 357.066 3.74652 181.472
50 357.066 3.74652 181.472
50 357.066 3.74652 181.472
50 357.066 3.74652 181.472
50 357.046 2.37315 181.436
50 357.046 2.37315 181.436
50 356.935 2.60062 181.445
50 356.935 2.60062 181.445
50 356.935 2.60062 181.445
50 356.935 2.60062 181.445
50 356.935 2.60062 181.445
50 356.935 2.60062 181.445
50 356.941 2.82655 181.566
50 356.941 2.82655 181.566
50 356.941 2.82655 181.566
50 357.061 3.17173 181.572
50 357.061 3.17173 181.572
50 357.061 3.17173 181.572
50 357.061 3.17173 181.572
50 357.06 2.93985 181.68
50 357.06 2.93985 181.68
50 356.938 3.06167 181.343
50 356.938 3.06167 181.343
50 356.938 3.06167 181.343
50 356.938 3.06167 181.343
50 357.078 3.38863 182.036
50 357.078 3.38863 182.036
50 357.078 3.38863 182.036
50 356.95 3.3987 181.581
50 356.95 3.3987 181.581
50 356.838 3.27942 182.038
50 356.838 3.27942 182.038
50 356.838 3.27942 182.038
50 357.092 4.08063 182.281
50 357.11 4.64994 182.41
50 357.11 4.64994 182.41
50 357.11 4.64994 182.41
50 357.128 4.63801 182.868
50 357.128 4.63801 182.868
50 357.262 4.62977 183.321
50 357.262 4.62977 183.321
50 357.278 4.96992 183.445
50 357.278 4.96992 183.445
50 357.231 4.06601 182.964
50 357.223 4.07175 182.735
50 357.254 4.86707 182.984
50 357.254 4.86707 182.984
50 357.254 4.86707 182.984
50 357.524 4.61863 184.114
50 357.257 4.63264 183.207
50 357.257 4.63264 183.207
50 357.371 5.10173 182.87
50 357.8 5.24251 182.164
50 357.8 5.24251 182.164
50 357.671 4.32258 182.265
50 357.671 4.32258 182.265
50 357.364 4.87316 182.864
50 357.375 4.75057 183.205
50 357.375 4.75057 183.205
50 357.329 3.73094 182.722
50 357.329 3.73094 182.722
50 357.231 4.53257 182.631
50 357.231 4.53257 182.631
50 357.068 5.31139 183.804
50 357.068 5.31139 183.804
50 357.412 5.78996 183.456
50 357.412 5.78996 183.456
50 357.648 4.56601 181.583
50 357.524 4.91485 181.252
50 357.524 4.91485 181.252
50 357.524 4.91485 181.252
50 357.442 4.78048 182.055
50 357.485 4.29107 183.419
50 357.529 4.38181 184.453
50 357.435 5.19574 184.358
50 357.399 5.31913 183.333
50 357.311 4.44036 181.823
50 357.38 4.3544 180.672
50 357.387 5.15498 180.69
50 357.616 5.15702 180.68
50 357.827 5.23106 182.737
50 357.731 4.40577 183.756
50 357.466 3.48337 183.629
50 357.466 3.48337 183.629
50 357.007 4.40598 182.867
50 356.876 5.34253 181.981
50 356.876 5.34253 181.981
50 357.374 5.21594 182.872
50 357.497 4.40028 183.65
50 357.502 3.92887 184.213
50 357.502 3.92887 184.213
50 357.237 3.82821 183.301
50 357.004 4.29152 182.863
50 357.084 4.0866 182.052
50 357.084 4.0866 182.052
50 357.312 3.15611 182.367
50 357.435 3.15492 182.934
50 357.237 4.4124 182.858
50 357.148 4.97501 183.106
50 356.995 4.29772 182.634
50 356.995 4.29772 182.634
50 356.965 4.3194 181.816
50 357.424 4.32802 181.816
50 357.755 5.03229 181.245
50 357.912 4.66893 182.377
50 357.595 4.29731 183.3
50 357.176 4.37341 184.237
50 357.176 4.37341 184.237
50 356.641 5.97644 183.962
50 356.797 5.79353 182.684
50 356.797 5.79353 182.684
50 356.797 5.79353 182.684
50 357.984 3.87451 181.444
50 357.909 4.32328 182.485
50 357.909 4.32328 182.485
50 357.507 4.97751 183.435
50 357.199 4.94525 184.252
50 357.18 4.25298 184.464
50 357.175 4.72556 183.902
50 357.29 6.12307 183.699
50 357.327 6.46823 183.593
50 357.428 4.95448 184.242
50 357.393 3.68405 184.67
50 357.393 3.68405 184.67
50 357.393 3.68405 184.67
50 357.057 4.48944 184.015
50 356.906 4.39311 183.215
50 357.104 4.07167 182.624
50 357.334 4.6582 182.286
50 357.334 4.6582 182.286
50 357.367 5.56658 182.537
50 357.414 5.77543 183.344
50 357.367 4.63894 183.088
50 357.213 3.84544 182.614
50 357.061 3.63519 181.355
50 357.044 3.76438 180.785
50 357.044 3.76438 180.785
50 357.044 3.76438 180.785
50 357.235 4.5297 182.746
50 357.069 4.94988 183.913
50 357.069 4.94988 183.913
50 357.069 4.94988 183.913
50 357.176 5.19156 183.57
50 357.553 3.85664 182.488
50 357.553 3.85664 182.488
50 357.331 4.31212 182.392
50 357.331 4.31212 182.392
50 357.175 5.3087 183.459
50 357.079 5.30519 184.033
50 357.079 5.30519 184.033
50 357.157 5.08628 183.224
50 357.157 5.08628 183.224
50 357.157 5.08628 183.224
50 357.426 3.62982 182.258
50 357.22 4.88712 182.182
50 357.005 6.15798 182.11
50 357.023 6.37997 182.345
50 357.004 5.45288 182.208
50 357.004 5.45288 182.208
50 357.1 4.4241 182.29
50 357.317 4.08856 182.158
50 357.317 4.08856 182.158
50 357.317 4.08856 182.158
50 356.979 3.96036 182.396
50 356.746 3.84033 182.401
50 356.746 3.84033 182.401
50 357.064 5.66391 183.47
50 357.331 6.58223 183.596
50 357.331 6.58223 183.596
50 357.331 6.58223 183.596
50 357.278 4.96992 183.445
50 357.023 3.80858 183.768
50 356.815 3.30514 185.024
50 356.798 2.47215 186.258
50 356.615 1.05416 187.14
50 356.396 359.403 188.013
50 356.192 358.336 188.432
50 355.898 357.815 189.444
50 355.6 357.295 190.223
50 355.282 356.441 190.767
50 355.301 355.721 191.312
50 355.209 355.104 191.859
50 355.209 355.104 191.859
50 355.357 354.418 192.192
50 355.389 353.931 192.634
50 355.389 353.931 192.634
50 355.389 353.931 192.634
50 355.734 357.222 189.537
50 356.376 7.09566 180.913
50 356.503 9.31075 176.72
50 356.739 9.39161 174.059
50 356.739 9.39161 174.059
50 357.409 7.80446 175.813
50 357.638 5.76764 178.742
50 357.532 3.05182 182.129
50 357.162 0.658798 185.863
50 356.607 359.298 188.117
50 356.607 359.298 188.117
50 356.045 1.30115 185.55
50 355.856 4.14418 182.903
50 356.075 6.90389 179.777
50 356.422 8.1088 178.3
50 356.422 8.1088 178.3
50 357.249 7.23762 180.173
50 357.123 5.91447 182.1
50 356.793 3.91826 183.664
50 356.342 0.687211 183.688
50 356.342 0.687211 183.688
50 356.243 1.0482 183.016
50 356.491 3.1577 182.044
50 356.753 5.46079 181.761
50 356.995 6.968 181.674
50 357.231 7.31351 181.669
50 357.358 6.27711 182.208
50 357.222 4.53831 182.403
50 357.078 2.92197 182.368
50 356.725 2.09919 182.812
50 356.725 2.09919 182.812
50 356.725 2.09919 182.812
50 356.405 3.12224 183.078
50 356.789 4.03946 183.438
50 357.171 5.19454 183.456
50 357.408 6.25513 183.123
50 357.376 5.90858 182.545
50 357.376 5.90858 182.545
50 356.849 2.56366 182.708
50 356.724 1.74204 183.26
50 356.724 1.74204 183.26
50 356.614 1.95985 183.724
50 356.537 3.34433 183.425
50 356.574 4.72527 183.239
50 356.799 5.31689 182.788
50 356.799 5.31689 182.788
50 356.799 5.31689 182.788
50 357.396 5.08799 183.442
50 357.137 4.16532 183.429
50 356.743 2.90283 183.061
50 356.605 1.867 182.807
50 356.605 1.867 182.807
50 356.801 4.1473 183.671
50 356.975 5.87889 183.826
50 357.239 6.45225 184.058
50 357.239 6.45225 184.058
50 357.239 6.45225 184.058
50 357.239 6.45225 184.058
50 357.038 2.84622 180.876
50 356.895 2.30338 179.718
50 356.895 2.30338 179.718
50 356.716 3.05182 181.578
50 356.756 3.59779 182.852
50 356.851 4.58873 184.711
50 357.028 5.1444 185.526
50 357.198 5.06248 184.14
50 357.362 4.6417 182.973
50 357.296 4.33414 181.477
50 357.296 3.99779 180.669
50 357.27 3.99779 180.669
50 357.177 3.28798 181.571
50 356.97 2.79561 182.711
50 356.97 2.79561 182.711
50 356.97 2.79561 182.711
50 356.48 3.28665 181.59
50 356.354 3.4141 181.139
50 356.13 2.70347 181.695
50 3.90023 1.60492 179.945
50 356.214 1.60513 180.053
50 356.434 1.51226 179.359
50 356.43 1.1861 178.776
50 356.43 1.1861 178.776
50 356.43 1.1861 178.776
50 356.43 1.1861 178.776
50 356.8 359.644 176.321
50 357.037 359.311 175.514
50 357.037 359.311 175.514
50 356.197 0.248112 175.998
50 355.357 1.31926 175.811
50 355.607 3.02521 179.084
50 356.392 4.30824 181.855
50 357.205 5.18619 184.368
50 357.891 5.62931 186.187
50 357.891 5.62931 186.187
50 357.108 4.99882 182.19
50 356.671 4.47926 180.13
50 356.502 3.38507 178.384
50 356.536 2.6678 179.049
50 3.4636 3.12212 180.823
50 356.929 3.07095 183.533
50 357.346 4.94168 185.16
50 357.346 4.94168 185.16
50 357.067 5.7239 185.881
50 356.914 5.72706 184.974
50 356.718 5.30199 183.706
50 356.718 5.30199 183.706
50 356.851 3.26655 182.495
50 356.851 3.26655 182.495
50 356.986 3.36854 183.068
50 356.986 3.36854 183.068
50 356.986 3.36854 183.068
50 356.986 3.36854 183.068
50 356.611 3.38944 182.048
50 356.839 3.74454 181.822
50 356.839 3.74454 181.822
50 356.958 3.97585 181.824
50 356.849 3.03382 182.604
50 356.725 2.09919 182.812
50 356.725 2.09919 182.812
50 356.725 2.09919 182.812
50 356.849 2.79908 182.485
50 356.858 3.72846 182.394
50 356.878 4.52999 182.416
50 356.878 4.52999 182.416
50 356.878 4.52999 182.416
50 356.489 3.16249 181.588
50 356.489 3.16249 181.588
50 356.489 3.16249 181.588
50 355.983 1.03576 179.922
50 355.986 1.02772 180.151
50 355.861 0.958288 178.888
50 355.852 0.893237 177.51
50 355.731 0.489764 176.121
50 355.731 0.489764 176.121
50 355.742 0.136356 176.338
50 355.316 359.38 175.502
50 355.326 359.155 175.378
50 355.326 359.155 175.378
50 355.326 359.155 175.378
50 355.112 359.011 173.534
50 355.23 359.014 173.305
50 355.23 359.014 173.305
50 355.23 359.014 173.305
50 354.5 359.708 171.721
50 355.016 358.997 171.347
50 355.093 357.841 171.189
50 355.622 357.388 170.025
50 355.747 357.402 169.227
50 355.747 357.402 169.227
50 355.747 357.402 169.227
50 356.858 1.03287 175.904
50 357.276 3.76375 180.892
50 357.576 6.39185 188.172
50 357.576 6.39185 188.172
50 357.004 6.75059 185.802
50 356.8 6.60212 182.364
50 356.597 5.78151 178.565
50 356.509 3.82092 175.183
50 356.846 1.07335 174.412
50 357.014 0.0895696 176.564
50 357.125 0.817818 179.448
50 356.969 3.14836 182.718
50 356.969 3.14836 182.718
50 356.496 6.75125 185.027
50 356.407 6.90139 183.317
50 356.605 5.82442 180.976
50 356.869 4.38751 179.317
50 356.869 4.38751 179.317
50 357.336 2.20941 178.791
50 357.138 2.28597 180.401
50 356.846 3.03762 182.148
50 356.846 3.03762 182.148
50 356.846 3.03762 182.148
50 356.202 6.41419 184.002
50 356.497 6.80257 182.963
50 356.878 5.68785 181.876
50 357.297 3.86432 181.467
50 357.496 2.2725 181.081
50 357.386 1.44467 182.095
50 357.063 1.39624 183.705
50 356.622 1.82416 184.409
50 356.222 3.42031 184.242
50 355.916 5.27211 183.744
50 356.036 6.90572 182.881
50 356.586 7.87256 182.3
50 357.119 7.08099 181.784
50 357.395 4.92116 180.914
50 357.262 2.9684 180.644
50 357.269 1.91781 181.421
50 357.047 1.42908 182.443
50 356.726 2.08873 183.382
50 356.726 2.08873 183.382
50 356.444 3.07811 184.453
50 356.339 4.1348 183.573
50 356.339 5.18967 182.805
50 356.674 5.3205 182.564
50 356.879 4.99363 182.2
50 356.995 3.83027 182.966
50 356.852 2.56045 182.822
50 356.498 1.97149 183.042
50 356.498 1.97149 183.042
50 356.409 3.23694 183.081
50 356.682 4.38245 183.338
50 356.833 5.17955 183.586
50 356.833 5.17955 183.586
50 356.774 3.81702 183.202
50 356.618 2.56122 182.598
50 356.47 2.13584 181.441
50 356.596 2.70665 181.571
50 356.596 2.70665 181.571
50 356.51 3.13633 182.731
50 356.316 3.56604 183.44
50 356.347 4.3636 183.581
50 356.369 4.10832 184.376
50 356.369 4.10832 184.376
50 356.4 1.80022 184.871
50 356.4 1.80022 184.871
50 356.336 0.297836 185.053
50 355.766 358.469 187.171
50 355.59 357.948 188.412
50 355.182 357.518 189.655
50 354.782 357.209 190.554
50 354.369 356.783 191.331
50 354.382 355.844 191.757
50 354.726 355.039 192.306
50 354.787 354.89 192.992
50 354.787 354.89 192.992
50 354.514 354.618 193.323
50 354.239 355.071 192.746
50 354.622 357.911 190.002
50 355.384 2.07639 185.587
50 356.272 5.69843 181.218
50 356.947 7.31101 177.209
50 357.471 7.25291 174.649
50 357.826 5.83289 175.752
50 357.655 4.84945 178.953
50 357.096 4.07764 182.395
50 356.563 2.58859 187.607
50 355.636 0.0689971 187.23
50 355.546 0.47844 185.41
50 355.691 1.94137 183.397
50 356.009 3.29502 181.146
50 356.44 4.13495 180.128
50 356.927 4.4617 180.807
50 357.112 4.76429 182.413
50 357.176 4.37341 184.237
50 356.84 3.88319 185.265
50 356.441 2.84128 184.675
50 356.441 2.84128 184.675
50 356.239 0.937333 182.897
50 356.451 0.641941 181.51
50 356.59 2.36314 181.561
50 356.745 4.54046 181.963
50 356.78 5.67556 182.225
50 356.78 5.67556 182.225
50 356.989 4.41835 182.409
50 356.963 3.62273 182.158
50 356.963 3.62273 182.158
50 356.874 3.59775 182.963
50 356.77 3.46648 183.422
50 356.654 3.10831 183.759
50 356.654 3.10831 183.759
50 356.74 3.14236 182.724
50 357.106 4.30367 182.516
50 357.233 4.99568 182.414
50 357.233 4.99568 182.414
50 357.214 3.72793 182.726
50 356.844 2.32862 183.157
50 356.603 1.73685 183.488
50 356.603 1.73685 183.488
50 356.603 1.73685 183.488
50 356.408 3.00017 183.303
50 356.523 3.4768 182.856
50 356.523 3.4768 182.856
50 356.669 4.27492 183.106
50 356.669 4.27492 183.106
50 356.587 4.83244 183.471
50 356.655 3.81691 183.092
50 356.739 2.66985 183.169
50 356.726 2.08873 183.382
50 356.726 2.08873 183.382
50 356.647 2.997 183.641
50 356.552 3.56649 183.661
50 356.552 3.56649 183.661
50 356.534 3.46612 183.2
50 356.661 4.1639 182.988
50 356.664 4.39621 182.88
50 356.667 3.80657 183.435
50 356.667 3.80657 183.435
50 356.422 3.10386 183.65
50 356.174 2.39959 183.863
50 356.174 2.39959 183.863
50 356.416 3.46624 183.089
50 356.756 4.4161 182.303
50 356.957 4.6719 181.499
50 356.957 4.6719 181.499
50 356.825 3.6383 181.133
50 356.618 3.73333 182.058
50 356.312 4.2757 182.775
50 356.312 4.2757 182.775
50 356.399 3.24797 182.738
50 356.399 3.24797 182.738
50 356.719 2.34495 182.245
50 356.781 4.04611 183.209
50 356.165 4.18539 181.974
50 356.165 4.18539 181.974
50 356.165 4.18539 181.974
50 355.067 359.525 177.687
50 354.979 358.14 177.855
50 355.093 358.137 177.857
50 355.364 358.107 175.68
50 355.776 359.437 173.444
50 355.776 359.437 173.444
50 356.298 0.352382 172.672
50 356.328 359.809 171.624
50 356.198 358.433 171.691
50 356.141 357.374 172.459
50 355.949 356.937 172.206
50 356.051 357.291 171.761
50 356.294 357.29 171.305
50 356.294 357.29 171.305
50 356.964 356.46 170.15
50 357.375 355.975 169.349
50 357.375 355.975 169.349
50 357.629 355.967 168.778
50 358.655 353.906 168.438
50 359.085 353.041 168.457
50 359.325 353.609 167.315
50 359.802 353.894 166.425
50 359.802 353.894 166.425
50 359.802 353.894 166.425
50 1.15269 351.631 165.927
50 1.15269 351.152 165.703
50 1.34438 351.152 165.703
50 1.81673 351.297 165.401
50 1.48667 354.578 170.541
50 0.23788 359.762 175.99
50 358.782 4.68932 181.082
50 356.091 9.23846 190.325
50 356.091 9.23846 190.325
50 354.645 7.90644 185.999
50 354.848 6.67259 182.254
50 356.34 2.23075 174.911
50 356.34 2.23075 174.911
50 358.089 358.562 176.768
50 358.162 360 180
50 357.911 3.15656 183.494
50 357.911 3.15656 183.494
50 356.966 8.44803 187.349
50 356.966 8.44803 185.101
50 355.739 6.13213 182.064
50 355.954 4.04644 179.34
50 356.637 1.24711 176.597
50 356.637 1.24711 176.597
50 357.475 0.451665 180.354
50 357.416 1.87448 183.367
50 357.416 1.87448 183.367
50 357.025 4.43401 186.31
50 356.505 6.39347 185.474
50 356.375 6.57131 182.963
50 356.464 5.49524 180.514
50 356.858 4.05333 178.965
50 357.001 2.88496 179.388
50 357.001 2.88496 179.388
50 357.067 1.75226 183.255
50 356.516 2.04942 184.418
50 356.516 2.04942 184.418
50 356.236 3.76401 184.253
50 356.207 4.96589 182.574
50 356.257 5.47807 180.982
50 356.56 5.16431 180.155
50 356.56 5.16431 180.155
50 356.892 3.10806 179.626
50 356.914 2.04631 180.743
50 356.82 1.89543 182.001
50 356.616 2.31841 183.276
50 356.616 2.31841 183.276
50 356.425 2.61906 184.438
50 356.51 2.78136 183.064
50 356.51 2.78136 182.387
50 356.853 3.49917 182.387
50 357.084 4.0866 182.052
50 357.091 3.26312 182.832
50 356.869 2.53584 183.965
50 356.869 2.53584 183.965
50 356.406 2.28192 184.198
50 356.406 2.28192 184.198
50 356.426 3.21855 183.654
50 356.781 4.04611 183.209
50 356.781 4.04611 183.209
50 357.033 4.6224 183.331
50 357.033 4.6224 183.331
50 356.904 3.92549 183.545
50 356.904 3.92549 183.545
50 356.517 3.0109 183.071
50 356.378 2.08531 183.159
50 356.378 2.08531 183.159
50 356.378 2.08531 183.159
50 356.631 3.01426 183.068
50 356.645 3.47308 183.081
50 356.645 3.47308 183.081
50 356.556 3.56294 183.776
50 356.556 3.56294 183.776
50 356.53 3.58786 182.974
50 356.705 2.94736 181.231
50 356.793 2.97772 180.198
50 356.793 2.97772 180.198
50 356.687 2.62055 180.649
50 356.606 2.8108 181.918
0 356.527 3.23677 183.192
0 356.084 3.08388 183.889
0 355.682 1.95886 182.939
0 355.682 1.95886 182.939
0 355.999 1.454 181.082
0 356.444 1.94936 180.06
0 356.776 1.74006 179.361
0 356.782 1.15701 179.689
0 356.782 1.15701 179.689
0 356.563 1.47733 180.503
0 356.261 2.80124 182.268
0 356.261 2.80124 182.268
0 356.272 2.90459 182.615
0 356.486 3.04654 181.926
0 356.486 3.04654 181.926
0 356.597 3.40337 181.248
0 356.597 3.40337 181.248
0 356.347 2.38158 180.878
0 356.347 2.38158 181.451
