H_VAL   H_STEP_SIZE 50 0.1
ROLL KP KI KD 1 0 1
PITCH KP KI KD 1 0 1
YAW KP KI KD 0 0 0
50 98.7782 1.4811 181.268
50 98.7782 1.4811 181.268
50 98.7782 1.4811 181.268
50 98.7782 1.4811 181.268
50 98.7782 1.4811 181.268
50 98.7782 1.4811 181.268
50 98.9385 2.60692 182.074
50 98.9385 2.60692 182.096
50 98.4786 2.43418 182.096
50 98.4786 2.43418 182.096
50 98.629 2.28665 182.266
50 98.629 2.28665 182.266
50 98.928 2.11738 182.111
50 98.7786 1.94102 181.964
50 98.7786 1.94102 181.964
50 98.479 2.27232 182.107
50 98.479 2.27232 182.107
50 98.6289 2.44843 182.254
50 98.6289 2.44843 182.254
50 98.6289 2.44843 182.254
50 98.6289 2.44843 182.254
50 98.6285 2.26254 181.943
50 98.6285 2.26254 181.943
50 98.6285 2.26254 181.943
50 98.6285 2.26254 181.943
50 98.7782 2.52553 182.164
50 98.7782 2.52553 182.164
50 98.9392 2.7937 182.384
50 98.9392 2.7937 182.384
50 98.9392 2.7937 182.384
50 98.9392 2.7937 182.384
50 98.7754 3.09727 182.202
50 98.7881 2.67973 181.99
50 98.7783 2.13965 182.437
50 98.9335 2.04579 183.254
50 98.9335 2.04579 183.254
50 98.929 2.43204 184.037
50 98.9304 2.95512 184.486
50 98.9304 2.95512 184.486
50 98.9406 3.62721 183.702
50 99.0954 3.9729 182.777
50 99.0519 4.69652 181.745
50 99.0181 5.04254 180.987
50 99.0571 4.18757 181.46
50 99.0857 3.10709 182.194
50 98.9376 2.27024 182.993
50 98.9376 2.27024 182.993
50 98.7706 1.96455 183.345
50 98.7698 1.61632 183.046
50 98.7698 1.61632 183.046
50 98.7755 3.01036 182.127
50 98.7755 3.01036 182.127
50 98.7768 3.99857 182.216
50 98.7768 3.99857 182.216
50 98.7768 3.99857 182.216
50 98.7865 3.7118 182.725
50 98.7782 2.69947 182.313
50 98.7786 2.02806 182.039
50 98.7786 2.02806 182.039
50 98.7786 2.02806 182.039
50 98.7902 2.64141 182.562
50 98.7902 2.64141 182.562
50 98.7902 2.64141 182.562
50 98.7902 2.64141 182.562
50 98.7902 2.64141 182.562
50 99.0521 4.60965 181.67
50 99.0269 5.41458 181.607
50 99.0269 5.41458 181.607
50 98.9043 4.17449 181.304
50 98.6259 2.92149 182.056
50 98.7866 3.53791 182.575
50 98.7866 3.53791 182.575
50 98.785 3.78656 182.638
50 98.627 2.75983 182.068
50 98.6265 1.87853 181.159
50 98.6243 1.76743 180.762
50 98.6243 1.76743 180.762
50 98.7418 4.39794 181.05
50 98.8959 5.00363 181.406
50 98.8959 5.00363 181.406
50 98.6167 3.46886 181.772
50 98.6167 3.46886 181.772
50 98.6208 3.49293 182.095
50 98.7739 4.24694 182.278
50 98.7739 4.24694 182.278
50 98.7636 3.63162 181.755
50 98.7616 3.35891 181.369
50 98.7616 3.35891 181.369
50 98.619 3.39414 181.859
50 98.619 3.39414 181.859
50 98.4743 3.51468 182.423
50 98.4786 3.0417 182.62
50 98.6402 2.80068 182.553
50 98.6269 3.10719 182.367
50 98.6269 3.10719 182.367
50 98.6285 3.39163 182.915
50 98.7908 3.43703 183.395
50 98.7908 3.43703 183.395
50 98.7908 3.43703 183.395
50 98.7782 2.96026 182.537
50 98.7778 3.39004 181.693
50 98.747 4.14967 180.987
50 98.747 4.14967 180.987
50 98.8897 5.33863 181.543
50 98.9132 5.05274 182.051
50 98.785 3.78656 182.638
50 98.489 2.77444 182.234
50 98.3249 2.55903 181.603
50 98.3157 2.76119 181.02
50 98.3157 2.76119 181.02
50 98.3123 3.2696 181.308
50 98.4781 3.38735 181.703
50 98.4781 3.38735 181.703
50 98.4781 3.38735 181.703
50 98.4781 3.38735 181.703
50 98.6052 4.17345 181.316
50 98.6145 3.32892 180.891
50 98.6145 3.32892 180.891
50 98.6142 2.22888 180.403
50 98.6191 1.99216 180.501
50 98.7807 2.88002 181.407
50 98.7819 3.4144 182.016
50 98.7814 3.84913 182.39
50 98.7814 3.84913 182.39
50 98.5912 4.65787 181.28
50 98.5719 4.6102 180.634
50 98.5719 4.6102 180.634
50 98.5624 4.32628 180.088
50 98.7559 3.8265 181.011
50 98.7803 3.14119 181.631
50 98.6285 2.61017 182.242
50 98.6285 2.61017 182.242
50 98.6405 2.73761 182.801
50 98.6405 2.73761 182.801
50 98.6405 2.73761 182.801
50 98.4683 4.39301 182.117
50 98.3015 4.07418 181.091
50 98.2941 3.79126 180.543
50 98.2941 3.79126 180.543
50 98.3096 3.25801 181.147
50 98.3285 2.69216 182.324
50 98.6291 2.74526 182.963
50 98.6291 2.74526 182.963
50 98.6246 2.28412 183.323
50 98.6246 2.28412 183.323
50 98.3279 2.5071 182.012
50 98.3219 2.62256 181.355
50 98.4507 3.13648 180.583
50 98.5837 3.60877 180.381
50 98.5837 3.60877 180.381
50 98.7445 3.81846 181.01
50 98.7445 3.81846 181.01
50 98.6322 3.3257 181.946
50 98.3289 2.87718 182.636
50 98.3289 2.87718 182.636
50 98.3289 2.87718 182.636
50 98.486 2.73919 181.749
50 98.7764 2.85563 181.084
50 98.7764 2.85563 181.084
50 98.7616 3.35891 181.369
50 98.3278 2.68056 182.162
50 97.8697 1.75555 183.046
50 97.8697 0.860302 183.776
50 97.532 0.652842 183.771
50 97.532 0.652842 183.771
50 97.1638 356.867 184.578
50 96.767 354.887 185.745
50 97.0676 356.344 185.499
50 97.455 359.578 184.816
50 98.0371 4.06613 183.374
50 98.5062 6.92354 181.117
50 98.8933 8.40553 179.028
50 99.2325 8.38231 177.624
50 99.156 7.12924 177.478
50 98.5003 4.30701 178.868
50 98.0243 2.03635 181.158
50 97.3886 0.683195 183.04
50 97.0294 0.0188362 184.301
50 96.8319 359.995 185.359
50 97.0718 1.05886 183.993
50 97.4104 2.55535 181.784
50 97.9317 4.63275 179.925
50 98.3638 6.30433 178.163
50 98.8616 6.88155 177.276
50 99.1964 5.42907 178.592
50 98.8926 3.02397 180.173
50 98.4763 1.11479 181.867
50 97.986 0.668333 183.769
50 97.6957 1.93462 184.581
50 97.7356 3.98313 183.471
50 97.7356 4.75275 181.715
50 97.7615 4.60157 179.448
50 97.8444 4.58638 177.906
50 97.8341 4.57461 177.901
50 97.923 5.19415 177.37
50 98.0914 5.47071 177.91
50 98.0483 4.66092 179.187
50 98.1464 3.29846 180.58
50 98.3285 2.43196 182.099
50 98.4866 2.09737 183.013
50 98.636 2.37423 183.397
50 98.636 2.37423 183.397
50 98.6295 3.92183 182.308
50 98.4172 4.35308 180.575
50 98.3619 4.76572 179.571
50 98.3167 5.21392 178.894
50 98.3167 5.21392 178.894
50 98.1718 2.36143 181.133
50 98.1718 2.36143 181.133
50 98.1781 2.25635 181.952
50 98.1766 2.92679 182.23
50 98.0136 3.45187 181.629
50 98.1419 3.54666 180.644
50 98.1419 3.54666 180.644
50 98.1745 2.64418 181.681
50 97.8622 1.6451 182.649
50 97.6832 0.57144 183.695
50 97.633 359.629 184.244
50 97.6563 357.894 185.013
50 97.6563 357.894 185.013
50 98.089 359.028 183.559
50 98.3288 1.93447 181.972
50 98.5169 7.08806 178.987
50 98.5792 7.69424 178.289
50 98.5792 7.69424 178.289
50 98.5328 6.49647 178.626
50 98.4325 2.81711 179.551
50 98.1648 1.3407 180.555
50 98.0145 0.0562383 180.808
50 98.1631 359.703 181.562
50 98.1631 359.703 181.562
50 98.6236 2.46301 181.36
50 98.8893 5.42538 181.617
50 98.8893 5.42538 181.617
50 98.8828 5.7599 181.754
50 98.8828 5.7599 181.754
50 98.463 2.92351 181.004
50 98.3122 1.57779 180.454
50 98.3238 0.973014 179.931
50 98.3066 1.71607 180.12
50 98.4637 2.57636 180.705
50 98.4637 2.57636 180.705
50 98.4455 3.73139 180.945
50 98.4455 3.73139 180.945
50 98.2547 4.8486 180.708
50 98.2547 4.8486 180.708
50 98.1505 3.05014 180.517
50 98.1505 3.05014 180.517
50 98.1621 1.491 180.382
50 98.1621 1.491 180.382
50 98.6046 2.80102 180.441
50 98.6046 2.80102 180.441
50 98.4774 2.0631 181.473
50 98.1735 1.21976 182.268
50 97.9902 0.743902 183.683
50 97.9507 0.312849 184.526
50 97.8522 359.07 185.425
50 98.0472 357.731 186.084
50 98.0472 357.731 186.084
50 97.8207 354.794 187.503
50 97.3719 352.824 189.319
50 97.3199 355.741 187.261
50 97.5199 0.943767 184.484
50 97.5143 5.568 181.831
50 97.4256 8.67746 178.141
50 97.327 9.12464 174.702
50 97.6583 7.21816 174.403
50 98.1752 4.60613 176.097
50 98.6868 2.52967 177.94
50 99.0767 1.30921 181.116
50 99.0439 0.628567 183.85
50 98.7077 0.179851 184.535
50 98.7077 0.774952 182.951
50 97.7108 2.19224 181.153
50 97.5709 4.72171 178.955
50 97.5237 7.10972 177.832
50 97.5521 8.30987 177.506
50 97.5521 8.30987 177.506
50 98.0603 4.41274 178.965
50 98.0161 1.10312 180.654
50 98.1463 359.065 181.769
50 98.2666 358.976 182.752
50 98.2903 0.406299 183.381
50 98.2903 0.406299 183.381
50 98.4791 2.1973 182.194
50 98.4682 2.60001 181.028
50 98.4271 3.06557 179.614
50 98.362 3.09398 177.668
50 98.3387 3.23252 177.333
50 98.3387 3.23252 177.333
50 98.5473 2.71459 178.097
50 98.608 1.4969 179.321
50 98.4784 0.683987 180.437
50 98.3284 0.97912 181.147
50 98.0169 1.73145 181.504
50 98.0169 1.73145 181.504
50 98.0169 1.73145 181.504
50 97.8277 3.68683 180.32
50 98.1021 4.14737 179.953
50 98.4078 3.95508 179.306
50 98.3859 3.93621 179.307
50 98.3859 3.93621 179.307
50 98.3859 3.93621 179.307
50 98.137 1.63613 178.991
50 98.1561 2.10836 179.853
50 98.0071 2.33345 180.812
50 98.1781 2.25635 181.952
50 98.1781 2.25635 181.952
50 98.3253 2.09095 183.017
50 98.1096 0.828692 184.815
50 98.0323 356.701 188.846
50 98.1361 352.865 191.493
50 98.2988 354.67 189.827
50 98.2548 359.264 186.794
50 97.7022 4.10686 181.757
50 97.0058 7.23264 175.504
50 96.3625 8.24454 171.164
50 96.4156 7.68915 169.891
50 97.0253 5.75464 171.436
50 97.8451 4.0673 175.173
50 98.6142 2.22888 180.403
50 98.865 0.523259 186.838
50 98.8214 358.816 186.838
50 97.922 359.897 184.317
50 97.5298 2.47294 180.65
50 97.0053 5.2971 177.486
50 96.6529 7.3056 175.116
50 96.5145 7.39931 173.973
50 96.8032 5.74275 175.274
50 97.4382 3.27258 177.681
50 97.8613 1.23139 180.16
50 98.301 0.371424 182.896
50 98.5306 359.785 184.807
50 98.5306 359.785 184.807
50 98.2661 359.943 183.739
50 97.8628 1.20174 182.11
50 97.5301 2.9369 180.133
50 97.0856 4.60409 178.253
50 97.0027 5.47228 177.481
50 97.2061 5.34305 178.286
50 97.7755 4.45107 179.62
50 98.1623 3.0956 181.163
50 98.4778 1.71149 182.23
50 98.4576 0.438688 182.647
50 98.4576 0.438688 182.647
50 97.8754 2.05717 181.484
50 97.6642 4.52746 180.756
50 97.5851 5.69059 179.792
50 97.5814 4.64706 178.884
50 97.7885 3.08136 178.577
50 97.7885 3.08136 178.577
50 98.0111 0.700544 179.546
50 98.0165 0.0224699 180.323
50 97.866 0.541114 180.775
50 97.866 0.541114 180.775
50 97.7148 1.89009 181.497
50 97.7102 2.88238 181.756
50 97.9842 4.5714 181.39
50 98.2688 5.29098 180.927
50 98.2794 4.01674 180.284
50 97.9913 2.35248 179.918
50 97.7124 0.378118 179.569
50 97.5636 0.151506 179.828
50 97.5618 0.821138 180.109
50 97.5618 0.821138 180.109
50 97.5618 0.821138 180.109
50 97.9872 3.62208 180.563
50 97.9629 3.99827 180.131
50 97.9629 3.99827 180.131
50 97.9629 3.99827 180.131
50 97.983 2.38869 179.187
50 97.9906 1.36003 178.447
50 97.9988 1.03552 178.469
50 97.9863 1.72457 179.069
50 98.1687 1.99185 180.51
50 98.1792 1.74739 181.663
50 98.1783 1.74739 183.32
50 97.2634 356.358 186.888
50 96.9192 354.987 187.529
50 96.7672 356.843 185.945
50 96.8971 359.991 183.973
50 96.7895 2.91055 181.047
50 96.7271 4.63917 177.372
50 97.1483 5.33297 175.209
50 97.7064 5.87042 175.219
50 97.7064 5.87042 175.219
50 98.5128 5.24903 177.097
50 98.564 3.97924 179.789
50 98.1677 2.17742 182.038
50 97.6803 0.378118 183.222
50 97.3464 359.5 183.681
50 96.7991 1.02065 182.13
50 96.7787 2.52991 180.097
50 96.972 3.53349 177.92
50 97.1784 3.84266 176.352
50 97.5988 4.13737 175.995
50 97.5988 4.13737 175.995
50 97.9976 4.23621 177.599
50 98.1159 3.39199 179.6
50 98.1733 2.37281 181.294
50 97.8652 1.61203 182.164
50 97.7223 1.46003 182.337
50 97.4126 2.06957 181.815
50 97.3918 3.06484 180.859
50 97.6574 3.6447 179.679
50 97.7657 3.82579 178.77
50 97.7657 3.82579 178.77
50 98.0479 3.52659 178.049
50 98.1138 2.68795 178.838
50 97.9892 1.90883 179.381
50 98.0185 1.73174 180.287
50 97.8624 1.41535 180.472
50 97.8639 0.907471 180.182
50 97.8639 0.907471 179.791
50 97.9818 2.735 179.488
50 97.9818 2.735 179.488
50 98.1138 3.91086 180.051
50 98.1138 3.91086 180.051
50 98.1486 2.51903 179.905
50 98.1486 2.51903 179.905
50 98.0025 1.175 179.35
50 97.8411 0.959162 178.555
50 97.6635 2.0196 178.567
50 97.6568 2.52662 178.858
50 97.8294 2.57932 179.662
50 97.8294 2.57932 179.662
50 98.3936 3.60156 179.169
50 98.5288 3.73393 178.671
50 98.3564 3.35738 178.051
50 98.3564 3.35738 178.051
50 98.6148 3.18636 176.839
50 98.8509 3.34619 175.765
50 98.8855 3.82269 174.663
50 99.2304 4.57849 173.945
50 99.4557 5.68675 172.775
50 99.3165 6.20934 172.006
50 99.4581 6.44767 170.842
50 99.4581 6.44767 170.842
50 99.4711 6.4424 169.778
50 99.4155 5.95784 168.916
50 98.833 4.07288 172.297
50 98.0542 2.48753 177.148
50 97.1057 1.53262 182.421
50 96.3883 1.34204 186.581
50 95.8113 1.3463 188.941
50 95.8113 1.3463 188.941
50 96.1205 1.70154 185.995
50 96.6504 2.64078 182.04
50 97.2751 3.95509 174.778
50 98.2658 5.69125 172.924
50 98.2658 5.69125 172.924
50 261.333 3.83835 184.578
50 98.3861 2.90037 178.571
50 98.027 1.9832 181.568
50 97.5339 1.1717 184.225
50 97.0376 0.611628 184.671
50 97.0376 0.611628 184.671
50 96.9175 0.451447 183.462
50 96.7936 1.1627 181.798
50 96.938 2.11935 180.036
50 97.0451 2.69775 178.863
50 97.318 3.24375 178.577
50 97.318 3.24375 178.577
50 97.9752 3.32939 179.853
50 97.9969 2.54784 180.391
50 97.8674 1.90499 180.44
50 97.8674 1.90499 180.44
50 97.54 1.75112 179.399
50 97.3706 1.70073 178.594
50 97.347 1.82139 177.937
50 97.474 2.29318 177.741
50 97.6088 3.04402 178.093
50 99.7502 5.53734 174.002
50 101.332 6.8425 169.539
50 101.464 5.20331 168.804
50 100.311 2.58249 170.491
50 97.0995 0.525677 180.617
50 96.1069 0.418607 184.845
50 95.39 0.0675901 186.727
50 95.2245 359.895 186.734
50 95.3742 0.829443 183.854
50 96.0091 2.02363 179.815
50 97.3479 3.53085 174.089
50 97.845 4.19767 173.301
50 97.964 4.64442 175.215
50 97.7087 4.61152 178.392
50 97.236 3.56974 181.157
50 96.1659 1.51392 183.975
50 96.0278 1.28793 182.852
50 96.1724 2.3133 180.688
50 96.3956 3.33775 178.678
50 96.7694 3.82219 177.259
50 97.0278 3.67692 176.206
50 97.2757 2.56674 176.757
50 97.3575 1.66971 178.109
50 97.2255 2.15386 179.298
50 97.0743 3.28207 180.449
50 96.9246 3.80603 181.071
50 96.9246 3.80603 181.071
50 96.9186 3.18688 180.216
50 97.0648 2.39354 179.206
50 97.1704 2.38685 177.823
50 97.4147 3.32741 177.272
50 97.4147 3.32741 177.272
50 97.4147 3.32741 177.272
50 97.6134 3.39945 178.556
50 97.5357 2.17182 179.615
50 97.0969 1.50693 180.719
50 96.9557 1.95823 181.424
50 96.9557 1.95823 181.424
50 97.0854 2.96829 180.63
50 97.2064 2.80163 179.258
50 97.3151 2.54502 177.81
50 97.5789 2.55612 176.749
50 97.5789 2.55612 176.749
50 97.5789 2.55612 176.749
50 97.6303 2.47271 178.05
50 97.2396 1.93607 179.717
50 96.8033 1.78501 181.275
50 96.336 1.86317 181.358
50 96.3236 2.13412 180.37
50 95.9916 2.06694 179.083
50 95.7499 3.13799 177.577
50 95.9323 4.72271 176.997
50 95.9323 4.72271 176.997
50 96.0228 7.56536 176.923
50 96.0228 7.56536 176.923
50 95.6408 7.70501 176.29
50 95.6408 7.70501 176.29
50 93.829 9.28351 175.464
50 93.829 9.28351 175.464
50 93.2207 9.4838 175.836
50 92.2069 11.1326 175.715
50 92.2069 11.1326 175.715
50 90.9153 12.0738 175.422
50 90.1641 13.938 174.525
50 88.8943 17.4148 174.682
50 88.8567 18.6017 174.87
50 89.2737 19.1831 173.57
50 89.2102 19.2161 172.599
50 89.2102 19.2161 172.599
50 89.9848 16.053 173.868
50 91.6815 10.1212 175.554
50 93.2874 2.87757 178.299
50 94.5179 356.742 181.989
50 95.2013 353.109 184.286
50 95.9739 352.619 183.869
50 95.9829 355.49 182.424
50 95.8724 0.547725 179.567
50 95.4579 6.6846 176.605
50 94.7629 11.628 175.211
50 94.7629 11.628 175.211
50 93.7681 13.1245 175.252
50 94.0575 8.34183 176.623
50 94.1078 1.89072 178.313
50 94.2928 356.557 179.314
50 94.145 353.832 180.379
50 94.0459 355.558 180.882
50 94.0459 355.558 180.882
50 94.163 0.577013 180.223
50 94.5102 5.1127 179.563
50 95.0536 9.62917 178.369
50 95.2972 10.626 177.238
50 95.5976 8.90112 176.895
50 95.5976 8.90112 176.895
50 95.1013 358.771 177.947
50 94.3861 355.385 179.456
50 93.8881 355.138 180.485
50 93.4789 357.263 180.891
50 93.5359 0.511716 180.795
50 93.5359 0.511716 180.795
50 93.9997 5.59103 179.245
50 94.3196 8.37877 177.742
50 94.7495 9.29899 176.691
50 95.2562 8.20507 175.974
50 95.2562 8.20507 175.974
50 95.0482 1.12012 177.762
50 94.4751 358.749 179.156
50 93.8145 357.826 180.478
50 93.4988 358.414 181.343
50 93.5311 0.678236 180.952
50 93.8151 2.75991 179.91
50 94.3259 4.83306 178.848
50 94.9105 6.73361 177.607
50 95.2114 7.48824 176.415
50 95.4397 6.32182 176.129
50 95.3644 3.66945 176.827
50 95.2091 1.46013 178.072
50 94.6315 359.831 179.845
50 94.1543 359.295 180.754
50 93.6918 0.355346 180.961
50 93.681 1.87569 180.185
50 93.7706 3.04707 178.767
50 94.1487 3.72797 177.356
50 94.6758 4.66637 176.651
50 94.6758 4.66637 176.651
50 95.064 5.87153 176.819
50 95.2126 4.53178 177.609
50 94.8755 2.20122 178.285
50 94.3042 0.264914 178.37
50 94.3042 0.264914 178.37
50 93.8289 0.689001 178.761
50 93.8075 1.74495 178.807
50 94.2851 2.25418 179.431
50 94.2851 2.25418 179.431
50 94.8622 2.94698 178.659
50 94.9914 3.1694 178.24
50 94.9541 3.22011 177.35
50 94.7462 3.43703 176.616
50 94.6694 2.40444 177.068
50 94.5486 1.93476 177.573
50 94.5856 1.6426 178.395
50 94.5894 1.90192 178.79
50 94.5841 2.31679 179.019
50 94.5903 2.32258 179.019
50 94.5651 2.37529 178.288
50 94.5124 3.08156 177.852
50 94.5124 3.08156 177.852
50 94.7299 4.86253 177.772
50 94.8994 5.21475 178.241
50 94.987 4.27145 178.929
50 94.987 4.27145 178.929
50 94.987 4.27145 178.929
50 94.1226 1.31985 178.252
50 94.0682 1.9345 177.258
50 94.175 3.4096 177.529
50 94.315 3.97768 177.903
50 94.315 3.97768 178.323
50 94.68 3.43013 178.323
50 94.8387 2.49798 177.466
50 94.8087 2.7244 177.051
50 94.6679 2.82658 177.456
50 94.5408 2.51804 177.955
50 94.5408 2.14186 178.7
50 94.5799 2.14186 178.7
50 94.5799 2.14186 178.7
50 94.8348 3.59592 178.473
50 94.9955 3.93781 178.939
50 94.9955 3.93781 178.939
50 94.9955 3.93781 178.939
50 94.5975 1.83049 179.036
50 94.5975 1.83049 179.036
50 94.2785 1.48543 178.406
50 94.4298 1.64515 178.398
50 94.4298 1.64515 178.398
50 94.4298 1.64515 178.398
50 94.5518 2.86764 178.59
50 94.5518 2.86764 178.59
50 94.6926 3.69605 178.88
50 94.6926 3.69605 178.88
50 94.7269 2.12559 178.214
50 94.5542 2.02545 177.813
50 94.5286 2.33674 177.476
50 94.5286 2.33674 177.476
50 94.5286 2.33674 177.476
50 94.4435 0.905654 178.183
50 94.4335 1.98812 178.871
50 94.5688 3.05615 179.072
50 94.5688 3.05615 179.072
50 94.5688 3.05615 179.072
50 94.7495 1.65337 178.717
50 94.7543 1.15352 178.413
50 94.5418 2.18112 177.644
50 94.5418 2.18112 177.644
50 94.3435 2.65239 177.143
50 94.3435 2.65239 177.143
50 94.3435 2.65239 177.143
50 94.4306 1.30827 178.086
50 94.4459 1.58575 178.967
50 94.4368 2.41509 179.422
50 94.4368 2.41509 179.422
50 94.4138 2.72117 178.765
50 94.3983 2.11307 177.735
50 94.3935 1.68538 177.183
50 94.3436 2.14853 176.517
50 94.3436 2.14853 176.517
50 94.3855 2.26942 177.567
50 94.4144 2.13166 178.379
50 94.4144 2.13166 178.379
50 94.6014 1.75263 179.12
50 94.6017 1.58403 178.965
50 94.5645 2.29108 178.37
50 94.5331 2.84964 177.946
50 94.48 3.14247 177.124
50 94.4636 3.04557 176.722
50 94.466 2.45538 176.177
50 94.4584 2.19596 175.782
50 94.4994 2.22761 176.592
50 94.4994 2.22761 176.592
50 94.3923 2.10696 177.573
50 94.2735 1.81589 178.556
50 94.2778 1.82187 178.718
50 94.4032 2.3717 178.289
50 94.4032 2.3717 178.289
50 94.3492 3.16294 177.772
50 94.3586 2.49657 177.311
50 94.3586 2.49657 177.311
50 94.3746 1.75152 176.934
60 94.509 1.98045 176.679
60 94.509 1.98045 176.679
60 94.6539 2.56021 176.899
60 94.6285 2.8782 176.724
60 94.3265 3.06033 177.208
60 94.1037 3.44673 176.312
60 94.0504 3.8373 175.892
60 94.0504 3.8373 175.892
60 94.3223 4.06355 175.472
60 94.3223 4.06355 175.472
60 94.5349 3.92 176.12
60 94.6065 3.37437 176.71
60 94.3415 2.73832 177.063
60 94.067 2.35431 177.648
60 93.7589 2.8692 178.287
60 93.7589 2.8692 178.287
60 93.7589 2.8692 178.287
60 94.1576 3.64986 177.439
60 94.3827 4.08936 176.438
60 94.6461 3.97155 175.544
60 94.6461 3.97155 175.544
60 94.3839 3.83704 176.205
60 94.1221 3.62643 176.792
60 94.1926 2.8329 177.307
60 94.1926 2.8329 177.307
60 94.2233 2.35062 177.645
60 94.2233 2.35062 177.645
60 94.4969 2.90231 177.214
60 94.6006 3.28035 176.627
60 94.6006 3.28035 176.627
60 94.6006 3.28035 176.627
60 94.4423 3.87492 177.177
60 94.2006 2.67053 177.313
60 93.8978 2.17927 177.171
60 93.9976 3.14154 176.972
60 94.2275 3.92706 176.288
60 94.2275 3.92706 176.288
60 94.6902 3.99824 176.192
60 94.6902 3.99824 176.192
60 94.5915 3.27379 176.465
60 94.5915 3.27379 176.465
60 94.4342 3.61616 176.781
60 94.1217 3.7104 176.87
60 93.9309 3.87157 176.389
60 93.9309 3.87157 176.244
60 93.7908 3.37439 176.244
60 93.7908 3.37439 176.244
60 93.6934 359.078 179.138
60 93.5052 357.485 180.156
60 93.5052 357.485 180.156
60 93.5344 359.768 180.412
60 265.951 4.10677 184.024
60 94.3234 4.7518 174.228
60 94.6353 5.68509 173.523
60 94.8805 6.16086 173.331
60 94.8579 5.01339 175.25
60 94.65 3.57253 177.831
60 94.3052 1.53323 179.701
60 93.6846 359.794 181.221
60 93.0297 358.819 181.408
60 92.7428 359.751 179.763
60 92.8155 1.97138 177.442
60 93.0264 4.68965 175.585
60 93.3417 6.75757 174.209
60 93.8638 7.20713 173.675
60 94.7516 4.35934 175.278
60 94.9886 2.0636 176.913
60 95.0885 0.27449 178.853
60 95.0986 359.456 180.59
60 94.7831 359.787 180.738
60 94.6082 1.6812 179.366
60 94.6288 4.3216 178.049
60 94.3563 6.20039 176.037
60 94.0743 7.29905 174.229
60 94.0184 7.44829 173.899
60 94.0184 7.44829 173.899
60 94.0258 3.15826 174.786
60 93.9555 359.879 176.438
60 94.005 358.713 178.018
60 94.1628 359.478 179.046
60 94.2904 1.50335 178.892
60 94.2901 1.50335 178.892
60 94.3115 4.23373 177.979
60 94.0659 6.20912 176.372
60 93.8258 7.32051 174.889
60 93.702 7.19698 173.676
60 93.8039 5.55048 172.921
60 94.1208 1.68572 174.833
60 94.4243 0.534652 176.902
60 94.4648 0.359253 178.771
60 94.3153 1.0583 180.042
60 94.1356 2.68644 180.148
60 94.048 4.27011 179.12
60 94.0496 5.45351 175.191
60 94.1385 4.66438 173.832
60 94.2187 3.26072 173.315
60 94.2575 1.83456 174.661
60 94.4029 0.510214 176.254
60 94.2987 0.168773 177.968
60 265.854 0.780922 180.839
60 93.9674 2.08366 179.281
60 94.0262 3.50316 177.774
60 94.138 4.815 175.856
60 94.164 6.13613 173.939
60 94.4753 6.57005 172.926
60 94.4753 6.57005 172.926
60 94.9385 3.18094 174.51
60 94.8695 0.832708 176.562
60 94.3163 359.459 178.561
60 93.8499 359.591 179.932
60 93.3788 0.752153 180.708
60 93.3788 0.752153 180.708
60 93.0258 5.49329 178.724
60 93.2662 6.8149 176.805
60 93.7232 6.76126 174.838
60 94.0807 4.99216 173.503
60 94.4042 2.92485 173.323
60 94.6016 1.07754 174.442
60 94.7096 0.323613 175.935
60 94.7627 0.14208 177.483
60 94.6096 0.753532 178.512
60 94.429 2.06609 178.787
60 94.429 2.06609 178.787
60 94.2366 5.9581 176.292
60 94.3823 5.44203 175.654
60 94.6103 4.03596 175.136
60 94.6103 4.03596 175.136
60 94.6738 1.39129 176.294
60 94.5678 1.02658 177.203
60 94.5678 1.02658 177.203
60 94.5678 1.02658 177.203
60 94.5048 2.82434 177.299
60 94.405 3.68138 176.373
60 94.2843 4.38165 175.297
60 94.3644 4.93933 174.87
60 94.3545 4.34278 174.162
60 94.3545 4.34278 174.162
60 94.4496 1.51483 174.838
60 94.3384 1.46782 175.731
60 94.3444 2.40005 176.909
60 94.5023 3.49833 177.921
60 94.4376 4.96694 178.187
60 94.4376 4.96694 178.187
60 94.3248 5.75006 177.191
60 94.2679 5.048 175.759
60 94.2747 3.87022 174.667
60 94.3537 2.47314 174.314
60 94.4428 1.67682 174.99
60 94.1895 2.0686 176.601
60 93.8898 2.50912 177.322
60 93.8898 2.50912 177.322
60 93.7464 2.69126 177.806
60 93.8458 3.32298 177.137
60 93.8977 4.19072 176.216
60 94.1528 4.31692 175.55
60 94.504 3.56315 175.323
60 94.5013 1.72118 176.125
60 94.5013 1.72118 176.125
60 94.1982 1.65412 176.372
60 94.0241 2.48773 176.832
60 94.1072 3.96143 176.785
60 94.0548 4.10069 176.132
60 93.8962 3.3404 175.428
60 93.8962 3.3404 175.428
60 93.9 2.50045 174.645
60 93.9 2.50045 174.645
60 93.9 2.50045 174.645
60 93.9 2.50045 174.645
60 93.9617 2.28212 175.383
60 93.9977 2.30468 176.032
60 94.0808 1.86199 177.503
60 93.9755 1.42471 178.978
60 93.8465 0.0317179 180.971
60 92.8533 356.005 183.012
60 92.5334 358.002 181.421
60 92.7167 1.52059 179.073
60 93.0134 4.76855 175.502
60 93.2216 7.0447 172.098
60 93.5675 7.80363 170.747
60 93.9534 6.12163 170.774
60 94.0508 0.57133 175.362
60 93.8457 359.124 178.084
60 93.3741 359.833 179.843
60 93.063 1.07959 180.863
60 93.063 1.07959 180.863
60 92.9125 4.78317 176.313
60 93.1301 5.28674 173.776
60 93.3689 5.21702 171.493
60 93.5188 4.37236 170.543
60 93.5819 2.20121 172.148
60 93.5379 0.314597 174.159
60 93.2152 359.232 178.644
60 93.3747 0.473809 179.501
60 93.4941 1.99939 178.888
60 93.6688 4.07015 177.523
60 93.6295 4.98613 175.548
60 93.5493 4.70349 174.339
60 93.5963 3.71387 173.884
60 93.5963 3.71387 173.884
60 93.587 0.344609 175.291
60 93.6683 359.328 176.701
60 93.5297 359.376 178.156
60 93.3628 0.620508 179.01
60 93.4246 3.02726 177.966
60 93.3764 5.19097 176.529
60 93.3309 5.95979 174.884
60 93.3309 5.95979 174.884
60 93.5109 4.61837 173.781
60 93.5355 2.16417 173.531
60 93.558 0.156943 174.484
60 93.4745 359.717 175.956
60 93.4877 0.484204 177.15
60 93.4702 1.89166 178
60 93.4235 3.44434 178.359
60 93.6385 4.72283 177.664
60 93.6729 5.32742 176.503
60 93.7476 4.79511 174.897
60 93.8022 2.97564 173.666
60 93.733 0.99207 172.914
60 93.8587 359.626 173.687
60 93.9232 359.675 175.149
60 93.7757 0.868881 176.731
60 93.5831 2.52246 177.491
60 93.5204 4.16262 177.769
60 93.4182 5.03042 177.014
60 93.3666 4.6856 175.896
60 93.3317 2.56057 175.634
60 93.3317 2.56057 175.634
60 93.0618 356.189 177.343
60 91.8654 352.769 180.355
60 91.8654 352.769 180.355
60 91.8654 352.769 180.355
60 92.3028 3.29122 177.911
60 92.5962 7.8444 174.303
60 92.9868 10.3048 171.517
60 93.5378 10.4061 170.162
60 94.0449 8.29536 170.27
60 94.2303 359.742 175.224
60 93.8282 356.375 178.014
60 93.4259 354.721 179.752
60 93.2739 355.97 180.765
60 93.2784 355.961 180.762
60 93.5835 4.20211 179.063
60 93.6189 8.61852 177.216
60 93.626 10.8461 175.349
60 93.4304 10.3014 173.425
60 93.3794 7.03247 172.087
60 93.3985 2.55036 172.149
60 93.2813 358.183 173.242
60 93.3851 355.868 175.011
60 93.3791 356.011 177.034
60 93.3773 357.842 178.441
60 93.3773 357.842 178.441
60 93.5269 4.83474 178.559
60 93.709 8.5672 178.107
60 93.8485 9.89238 176.181
60 93.9828 7.22859 174.801
60 94.1619 2.63238 173.987
60 94.3444 358.844 172.991
60 94.164 356.228 174.62
60 94.0064 357.094 175.884
60 93.8119 359.816 176.846
60 93.7523 2.94758 178.203
60 93.947 5.88376 178.744
60 94.0351 7.71529 177.458
60 94.1279 7.11501 176.102
60 93.9192 4.54123 174.818
60 93.7775 0.592217 173.171
60 93.6064 357.498 172.777
60 93.52 356.317 173.866
60 93.1886 358.085 175.351
60 93.1457 0.971347 176.815
60 93.3539 4.24496 177.986
60 93.6572 7.08457 177.99
60 93.9931 8.92113 176.53
60 94.1546 7.39353 175.108
60 94.1095 0.245926 173.023
60 94.1095 0.245926 173.023
60 93.974 357.706 174.727
60 93.974 358.909 176.635
60 93.8181 0.83264 178.11
60 93.7922 3.15392 179.334
60 93.8417 6.0098 179.643
60 93.7195 8.30455 178.027
60 93.6675 8.34763 175.847
60 93.3747 6.1659 173.975
60 93.2489 2.72359 172.467
60 93.3122 359.535 172.151
60 93.2959 358.363 173.884
60 93.3368 359.156 176.053
60 93.3337 1.07788 177.864
60 93.613 3.38331 179.085
60 93.99 5.83605 179.317
60 94.1336 6.67252 177.577
60 93.9891 5.85521 175.095
60 93.6382 1.7164 172.327
60 93.6382 1.7164 172.327
60 93.0733 359.674 173.69
60 92.8759 0.521688 178.124
60 93.1935 1.77047 179.465
60 93.1935 1.77047 179.465
60 93.9065 3.86516 179.059
60 94.4436 4.97915 178.192
60 94.4622 3.38254 177.034
60 94.0708 1.01022 176.398
60 93.5224 358.269 176.486
60 92.8049 353.879 178.767
60 92.1396 351.622 179.905
60 91.7745 354.32 180.731
60 92.436 4.35267 178.451
60 93.142 8.6852 175.712
60 93.6255 10.6913 172.987
60 94.1419 10.1122 170.683
60 94.5505 6.6428 169.839
60 94.4997 359.49 170.939
60 94.0097 354.694 172.552
60 93.3881 352.917 174.439
60 92.7309 354.39 176.722
60 92.4234 358.575 177.842
60 92.5503 4.57975 177.872
60 93.0128 9.93455 177.225
60 93.3986 12.4067 175.239
60 93.4956 10.4605 172.93
60 93.6637 5.43817 171.55
60 93.8917 359.547 171.416
60 94.0281 353.735 173.07
60 93.7015 353.74 175.084
60 93.5391 356.081 176.794
60 93.6721 0.180411 177.969
60 93.7008 4.75893 178.797
60 93.7086 9.77024 177.658
60 93.6326 10.2128 176.022
60 93.302 7.49636 174.592
60 93.1324 2.66436 172.88
60 92.9147 358.009 171.942
60 92.9147 358.009 171.942
60 92.593 354.399 173.226
60 92.5928 355.739 174.986
60 92.8816 358.859 176.544
60 93.4314 3.03208 178.128
60 93.4314 3.03208 178.128
60 94.6741 9.75422 177.898
60 94.5982 8.88881 176.317
60 94.1357 5.0852 174.222
60 93.6329 359.85 172.626
60 93.3387 355.539 172.011
60 93.0767 354.119 173.174
60 92.749 355.99 175.391
60 92.8869 359.616 177.58
60 93.2856 3.71062 179.086
60 93.8017 6.90376 179.857
60 94.0657 8.16135 178.178
60 93.6791 5.09087 176.274
60 93.2578 0.0142736 174.652
60 92.5661 351.995 174.894
60 92.5661 351.995 174.894
60 92.0399 351.968 176.24
60 92.2634 358.245 177.36
60 92.2634 358.245 177.36
60 93.0963 7.495 177.289
60 94.312 13.6911 177.299
60 95.0571 13.7902 176.061
60 95.2207 8.38594 174.423
60 95.1807 0.928426 173.392
60 94.8256 353.246 172.561
60 93.8542 349.648 172.688
60 93.0688 352.605 174.265
60 92.7163 358.77 175.979
60 92.7629 5.70377 177.351
60 93.4119 12.022 178.517
60 94.2149 14.8363 177.749
60 94.6452 12.3112 176.167
60 94.9904 6.19407 174.458
60 95.1358 358.547 172.927
60 95.1479 352.069 172.3
60 95.1479 352.069 172.3
60 94.3129 352.252 174.465
60 92.7167 358.441 175.822
60 92.4219 6.03498 177.36
60 92.7974 11.5 178.257
60 93.6393 13.9148 177.277
60 94.4258 12.1342 175.546
60 94.9052 6.49513 173.957
60 95.2404 358.834 172.263
60 95.3075 352.08 171.089
60 95.3075 352.08 171.089
60 94.6647 348.725 171.486
60 94.0382 352.091 172.958
60 93.4707 358.704 174.69
60 93.1105 6.48898 177.843
60 93.3917 12.8163 177.842
60 94.063 13.9986 176.985
60 94.2821 9.36016 175.35
60 94.1994 2.05959 173.927
60 94.3179 355.083 172.634
60 94.3179 355.083 172.634
60 93.8497 350.242 173.242
60 93.708 352.977 174.213
60 93.3013 359.291 175.075
60 93.0849 5.98211 175.704
60 93.0849 5.98211 175.704
60 93.1497 13.6391 174.821
60 93.5381 11.0499 173.801
60 93.8573 5.23153 173.096
60 94.0921 357.044 172.401
60 94.0921 357.044 172.401
60 94.0027 349.402 172.791
60 93.7128 352.301 173.582
60 93.2942 359.116 174.596
60 93.0398 6.3003 175.533
60 92.9547 12.7104 175.7
60 92.9314 15.0414 174.886
60 93.1289 12.5434 173.631
60 93.2371 7.11237 172.328
60 93.6617 0.632488 171.47
60 93.8779 352.509 172.692
60 93.8707 352.376 173.671
60 93.5511 355.549 175.674
60 93.297 1.2963 176.966
60 93.127 9.30003 177.404
60 93.1011 9.30003 177.404
60 93.2125 13.1418 175.798
60 93.3204 10.2403 173.685
60 93.6167 358.748 171.119
60 93.6634 354.405 170.675
60 93.5597 352.673 172.016
60 93.5484 355.104 174.308
60 93.6418 359.802 176.2
60 93.7521 5.36504 177.636
60 94.1005 9.78964 178.437
60 94.3107 11.8223 177.939
60 93.8009 5.97027 173.313
60 93.8213 0.366343 171.232
60 93.7346 355.852 170.146
60 93.7113 353.204 171.442
60 93.5549 354.017 173.444
60 93.3571 357.759 175.525
60 93.5191 3.06714 176.745
60 93.6616 8.28319 177.381
60 93.3336 12.3088 174.026
60 93.0669 8.20022 172.073
60 92.8488 2.14435 170.948
60 92.8488 2.14435 170.948
60 92.7635 353.139 172.365
60 92.5777 355.468 177.261
60 92.8682 1.17841 178.272
60 93.1619 7.93003 178.489
60 93.0369 12.2199 176.998
60 93.0232 13.166 174.533
60 92.8461 8.74811 185.168
60 93.0094 359.502 170.04
60 93.0094 359.502 170.04
60 93.0888 352.536 172.153
60 93.0747 352.759 173.936
60 93.2302 355.896 175.816
60 93.1504 1.47637 177.45
60 93.1482 7.08207 177.536
60 93.2566 11.3855 176.672
60 93.4014 12.0797 174.927
60 93.3505 9.33537 172.986
60 93.3226 4.23574 170.707
60 93.4247 358.831 170.707
60 93.3951 353.165 171.831
60 93.0762 354.146 173.986
60 92.8633 358.59 175.496
60 92.8332 4.06997 176.743
60 92.845 8.62682 177.431
60 93.1033 10.9011 176.219
60 93.2267 9.21226 174.303
60 93.2063 5.16888 172.876
60 93.3784 0.32737 171.639
60 93.438 356.312 171.023
60 93.2239 354.169 172.286
60 93.0661 355.043 173.883
60 93.0306 358.17 175.267
60 92.9237 2.35486 176.7
60 92.8394 6.52896 177.011
60 92.4712 9.36207 176.069
60 92.3818 8.27535 174.233
60 92.5414 5.30356 172.67
60 92.6175 1.76433 171.528
60 92.9862 358.213 170.561
60 92.9862 358.213 170.561
60 93.0517 354.746 172.184
60 92.8888 356.604 174.247
60 92.6883 0.247852 176.593
60 92.6917 5.15974 178.1
60 92.6917 5.15974 178.1
60 92.8846 9.98553 176.173
60 92.9378 8.40839 173.705
60 92.6532 4.0269 170.982
60 92.634 359.516 169.384
60 92.634 359.516 169.384
60 92.3332 355.657 170.593
60 92.051 356.786 172.921
60 91.8308 2.5542 177.366
60 92.0234 5.23303 177.718
60 92.0234 5.23303 177.718
60 92.5784 6.90286 176.275
60 93.0535 7.39796 173.713
60 93.5633 3.45265 170
60 93.6888 0.40548 169.683
60 93.8348 357.664 170.914
60 93.6316 356.84 172.637
60 93.6316 356.84 172.637
60 92.6764 0.161 176.351
60 92.5973 3.10784 177.258
60 92.6155 5.95949 177.758
60 92.6155 5.95949 177.758
60 93.1446 5.54174 174.174
60 93.1725 3.20356 172.127
60 93.2771 0.802464 170.815
60 93.4251 358.746 170.628
60 93.4251 358.746 170.628
60 93.4033 358.067 172.351
60 93.294 0.800183 176.335
60 92.3357 2.30763 177.765
60 92.2605 4.34882 178.133
60 92.3613 6.36253 176.874
60 92.4586 6.55978 174.671
60 92.7199 4.87949 172.428
60 92.7837 2.29554 170.453
60 93.0523 0.296415 169.528
60 93.4237 359.083 170.945
60 93.5574 359.4 173.617
60 93.4368 0.859059 176.085
60 93.2882 2.54398 177.985
60 93.0894 4.02847 178.439
60 92.6075 4.88119 176.568
60 92.2706 4.43685 173.914
60 92.1726 3.35933 171.755
60 92.3247 2.10118 170.396
60 92.3247 2.10118 170.396
60 92.9203 0.616328 172.2
60 93.195 0.318176 173.673
60 93.1226 0.286088 175.535
60 92.9984 1.15097 177.298
60 92.7942 2.70787 177.668
60 92.7942 2.70787 177.668
60 92.6417 4.64408 176.817
60 92.6304 4.67973 174.626
60 92.7243 3.74782 172.943
60 92.918 2.5739 172.153
60 92.918 2.5739 172.153
60 92.9635 1.1353 173.327
60 92.8885 1.42457 175.024
60 92.7148 2.2532 175.652
60 92.688 2.99874 175.882
0 92.4547 2.97989 174.751
0 92.3014 2.08314 173.886
0 92.0075 0.694656 172.859
0 92.0201 359.95 172.301
0 92.0201 359.95 172.301
0 92.5875 359.698 173.527
0 92.6656 359.317 174.913
0 92.7111 0.0167735 177.165
0 92.7134 1.35094 178.593
0 92.6995 2.50292 179.215
0 92.5271 3.07039 179.447
0 92.511 3.14243 179.04
0 92.511 3.14243 179.04
0 92.5418 2.58462 179.457
0 92.5782 1.54672 180.048
0 92.4245 1.0667 180.545
0 92.4255 1.15616 180.948
0 92.4255 1.15616 180.948
0 92.4157 2.12271 180.604
0 92.3985 2.84686 180.347
0 92.3985 2.84686 180.347
0 92.3863 3.58006 180.575
0 92.5667 3.35686 181.143
0 92.5796 2.71143 181.319
0 92.5796 2.71143 181.319
0 92.4224 1.88782 181.014
0 92.4225 1.47401 180.618
0 92.4225 1.47401 180.618
0 92.4225 1.47401 180.618
0 92.4155 2.5362 181.001
0 92.575 3.1188 181.391
0 92.5723 3.52928 181.625
0 92.5723 3.52928 181.625
0 92.5668 3.27408 181.064
0 92.5668 3.27408 181.064
0 92.4107 2.69488 180.836
0 92.4107 2.69488 180.836
0 92.4251 1.56678 181.183
0 92.4251 1.56678 181.183
0 92.4251 1.89781 181.5
0 92.4251 1.89781 181.5
0 92.4138 3.03116 181.154
0 92.4138 3.03116 181.154
0 92.4048 3.26964 180.907
0 92.4048 3.26964 180.907
0 92.4048 3.26964 180.907
0 92.4174 2.70485 181.322
0 92.4174 2.70485 181.322
0 92.4174 2.70485 181.322
0 92.4174 2.70485 181.322
0 92.4236 1.64288 180.938
0 92.4177 2.12605 180.766
0 92.4177 2.12605 180.766
0 92.4177 2.12605 180.766
0 92.4077 3.10466 181.07
0 92.4103 3.27315 181.391
0 92.4103 3.27315 181.391
0 92.4154 2.70153 181.16
0 92.4154 2.70153 181.16
0 92.4156 2.28814 180.763
