H_VAL   H_STEP_SIZE 5 1
ROLL KP KI KD 1 0.1 0.1
PITCH KP KI KD 1 0.1 0.1
YAW KP KI KD 0 0 0
5 91.9334 2.77426 180.927
5 91.9334 2.77426 180.927
5 91.9334 2.77426 180.927
5 91.9334 2.77426 180.927
5 91.9334 2.77426 180.927
5 91.9334 2.77426 180.927
5 91.9334 2.77426 180.927
5 91.9334 2.77426 180.927
5 91.9334 2.77426 180.927
5 91.9334 2.77426 180.927
5 91.9334 2.77426 180.927
5 91.9334 2.77426 180.927
5 91.9334 2.77426 180.927
5 91.9334 2.77426 180.927
5 91.9334 2.77426 180.927
5 91.9334 2.77426 180.927
5 91.9334 2.77426 180.927
5 91.9334 2.77426 180.927
5 91.9334 2.77426 180.927
5 91.9334 2.77426 180.927
5 91.9334 2.77426 180.927
5 91.9334 2.77426 180.927
5 91.9334 2.77426 180.927
5 91.9334 2.77426 180.927
5 91.9334 2.77426 180.927
5 91.9334 2.77426 180.927
5 91.9334 2.77426 180.927
5 91.9334 2.77426 180.927
5 91.9334 2.77426 180.927
5 91.9334 2.77426 180.927
5 91.9334 2.77426 180.927
5 91.9334 2.77426 180.927
5 91.9334 2.77426 180.927
5 91.9334 2.77426 180.927
5 91.9334 2.77426 180.927
5 91.9334 2.77426 180.927
5 91.9383 2.28541 180.773
5 91.9383 2.28541 180.773
5 91.9383 2.28541 180.773
5 91.9383 2.28541 180.773
5 91.9383 2.28541 180.773
5 91.9383 2.28541 180.773
5 91.9383 2.28541 180.773
5 91.9383 2.28541 180.773
5 91.9383 2.28541 180.773
5 91.9383 2.28541 180.773
5 91.9383 2.28541 180.773
5 91.9383 2.28541 180.773
5 91.9383 2.28541 180.773
5 91.9383 2.28541 180.773
10 91.9383 2.28541 180.773
10 91.9383 2.28541 180.773
10 91.9383 2.28541 180.773
10 91.9383 2.28541 180.773
10 91.9383 2.28541 180.773
10 91.9383 2.28541 180.773
10 91.9383 2.28541 180.773
10 91.9383 2.28541 180.773
10 91.9383 2.28541 180.773
10 91.9383 2.28541 180.773
10 91.9383 2.28541 180.773
10 91.9383 2.28541 180.773
10 91.9383 2.28541 180.773
10 91.9383 2.28541 180.773
10 91.9383 2.28541 180.773
10 91.9383 2.28541 180.773
10 91.9383 2.28541 180.773
10 91.9383 2.28541 180.773
10 91.9383 2.28541 180.773
10 91.9383 2.28541 180.773
10 91.9383 2.28541 180.773
10 91.9383 2.28541 180.773
10 91.9383 2.28541 180.773
10 91.9383 2.28541 180.773
10 91.9383 2.28541 180.773
10 91.9383 2.28541 180.773
10 91.9383 2.28541 180.773
10 91.9383 2.28541 180.773
10 91.9383 2.28541 180.773
10 91.9383 2.28541 180.773
10 91.9383 2.28541 180.773
10 91.9383 2.28541 180.773
