H_VAL   H_STEP_SIZE 50 0.1
ROLL KP KI KD 6 0 13
PITCH KP KI KD 6 0 13
YAW KP KI KD 0 0 0
50 0.0516348 3.4439 181.717
50 0.0516348 3.4439 181.717
50 0.0513889 3.67289 181.603
50 0.0513889 3.67289 181.603
50 0.0513889 3.67289 181.603
50 0.0513889 3.67289 181.603
50 0.0513889 3.67289 181.603
50 0.0513889 3.67289 181.603
50 0.0513889 3.67289 181.603
50 0.0513889 3.67289 181.603
50 0.0513889 3.67289 181.603
50 0.096673 4.60139 182.402
50 0.096673 4.60139 182.402
50 0.0874659 4.60139 182.173
50 0.0874659 4.60139 182.173
50 0.0874659 4.60139 182.173
50 0.0990773 4.71592 182.402
50 0.0990773 4.71592 182.402
50 0.0894194 4.47336 182.29
50 0.0894194 4.47336 182.29
50 0.0894194 4.47336 182.29
50 0.0894194 4.47336 182.29
50 0.0966457 4.83039 182.288
50 0.0966457 4.83039 182.288
50 0.0966457 4.83039 182.288
50 0.0966457 4.83039 182.288
50 0.0966457 4.83039 182.288
50 0.0966457 4.83039 182.288
50 0.111153 4.83039 182.631
50 0.111153 4.83039 182.631
50 0.243481 4.94782 182.97
50 0.243481 4.94782 182.97
50 0.132231 5.28795 182.86
50 0.132231 5.28795 182.86
50 0.132231 5.28795 182.86
50 0.173212 5.97297 183.318
50 0.173212 5.97297 183.318
50 0.257606 5.29102 183.084
50 0.257606 5.29102 183.084
50 0.180671 6.44807 183.201
50 0.224206 7.47344 183.429
50 0.179796 6.20095 183.318
50 0.149375 5.74482 182.975
50 0.182529 7.01828 182.972
50 0.184851 8.04107 182.629
50 0.184851 8.04107 182.629
50 0.292167 6.56529 183.08
50 0.29494 5.63432 183.656
50 0.217403 6.79036 183.658
50 0.231911 7.24598 183.658
50 0.231911 7.24598 183.658
50 0.231911 5.29295 182.506
50 0.345948 5.29295 182.506
50 0.345948 5.29295 182.506
50 0.558216 7.1423 183.408
50 0.481008 6.79876 184.217
50 0.447772 6.22759 183.99
50 0.19261 7.13215 183.086
50 0.307384 8.04379 182.735
50 0.307384 8.04379 182.735
50 0.646708 6.46114 183.289
50 0.683892 6.23592 184.092
50 0.683892 6.23592 184.092
50 0.29147 7.47344 184.46
50 0.29147 7.47344 184.346
50 0.249533 6.56221 184.346
50 0.475257 7.02622 183.988
50 0.610809 8.07638 183.745
50 0.610809 8.07638 183.745
50 0.610809 8.07638 183.745
50 0.659467 6.91738 183.287
50 0.531824 6.4579 183.296
50 0.531824 6.4579 183.296
50 0.228168 7.35975 183.544
50 0.228168 7.35975 183.544
50 0.228168 7.35975 183.544
50 0.228168 7.35975 183.544
50 0.668988 7.25899 183.286
50 0.479833 8.07225 183.524
50 0.250257 7.35975 183.887
50 0.300609 6.20437 183.427
50 0.300609 6.20437 183.427
50 0.645643 6.91647 183.059
50 0.887664 7.7179 182.926
50 0.892745 6.58303 183.505
50 0.888852 6.24117 183.621
50 0.658989 6.23408 183.634
50 0.226556 7.81421 183.315
50 0.127067 8.62973 183.206
50 0.33017 7.70385 183.193
50 0.33017 7.70385 183.193
50 0.33017 7.70385 183.193
50 0.762726 7.60096 182.82
50 0.716007 7.82898 183.742
50 0.445709 8.0699 184.677
50 0.340798 8.06522 184.799
50 0.33894 8.06522 184.799
50 0.483262 7.70814 183.758
50 0.874782 7.83003 182.696
50 1.18016 8.39794 181.982
50 1.18016 8.39794 181.982
50 1.15897 8.65731 183.129
50 0.57021 7.82397 183.292
50 0.21672 7.47344 183.315
50 0.21672 7.47344 182.969
50 0.194878 8.85953 182.512
50 0.538668 8.86687 182.485
50 0.893073 8.28413 182.808
50 0.893073 8.28413 182.808
50 0.694246 9.09738 182.933
50 0.694246 9.09738 182.933
50 0.653265 8.86925 182.476
50 0.653265 8.86925 182.476
50 0.92915 8.31174 183.262
50 1.08648 9.56049 183.359
50 1.08648 9.56049 183.359
50 0.69467 8.75827 183.048
50 0.69467 8.75827 183.048
50 0.69467 8.75827 183.048
50 0.69467 8.75827 183.048
50 0.741115 8.31147 183.842
50 0.731567 7.60326 184.086
50 0.731567 7.60326 184.086
50 0.600714 6.57549 184.441
50 0.375181 5.6529 185.257
50 0.266922 4.84498 186.296
50 0.270638 4.15546 187.447
50 0.116467 3.11985 188.48
50 359.928 1.95207 189.289
50 359.639 1.12154 190.206
50 359.59 0.537657 190.784
50 359.59 0.537657 190.784
50 359.625 2.50333 189.183
50 0.111658 9.3119 181.37
50 0.575387 11.2709 177.643
50 0.858116 11.6911 175.995
50 0.858116 11.6911 175.995
50 1.57663 11.6164 179.61
50 1.56653 10.983 183.071
50 0.48221 7.28977 187.547
50 359.963 5.28378 186.657
50 359.608 5.03837 184.146
50 359.608 5.03837 184.146
50 0.342956 8.74914 181.466
50 0.941308 10.9273 181.406
50 1.71931 12.4768 183.039
50 1.79384 12.4849 183.723
50 1.60821 11.3236 183.41
50 1.05703 9.81205 182.898
50 1.05703 9.81205 182.898
50 0.465216 7.59242 181.806
50 0.630138 7.14289 182.715
50 0.630138 7.14289 182.715
50 1.11949 9.11278 183.934
50 1.10736 11.0882 184.266
50 0.944177 12.0122 183.47
50 0.95307 9.5494 181.76
50 0.95307 9.5494 181.76
50 1.07931 8.27248 180.611
50 1.15281 7.60227 181.76
50 1.10133 7.38162 182.799
50 0.945597 7.60979 183.842
50 0.945597 7.60979 183.842
50 0.657295 9.80307 183.622
50 1.11357 11.6443 182.996
50 1.26349 10.1527 182.532
50 1.29105 9.00092 183.231
50 1.2376 9.2295 183.924
50 1.00749 9.70114 183.707
50 1.00749 9.70114 183.707
50 1.00749 9.70114 183.707
50 0.860644 8.64595 182.232
50 0.860644 8.64595 182.232
50 1.14452 9.92489 182.544
50 1.15365 10.9366 182.422
50 1.15365 10.9366 182.422
50 1.14601 9.67091 182.663
50 0.992357 9.10165 182.334
50 1.01242 9.6669 182.444
50 1.01242 9.6669 182.444
50 1.1627 9.55998 182.893
50 1.1627 9.55998 182.893
50 1.08937 9.92734 183.239
50 0.99401 10.2633 183.361
50 0.99401 10.2633 183.361
50 0.99401 10.2633 183.361
50 0.6781 8.75264 181.326
50 0.695025 7.92779 180.067
50 0.429809 7.24392 179.514
50 0.429809 7.24392 179.514
50 0.429809 7.24392 179.514
50 0.317234 3.5506 175.406
50 0.785566 2.13726 172.766
50 0.623431 0.750391 169.562
50 0.623431 0.750391 169.562
50 1.04153 6.86244 176.266
50 1.04153 6.86244 176.266
50 2.07128 14.0244 190.307
50 3.3849 16.605 192.737
50 3.3849 16.605 192.737
50 1.93438 14.1833 187.153
50 1.28963 12.4618 182.279
50 0.695449 10.4485 177.521
50 0.364294 8.27419 173.888
50 0.541974 6.07019 175.039
50 0.8903 5.51118 179.384
50 1.24383 6.82115 183.483
50 1.50783 10.3586 187.689
50 1.73335 13.9864 189.38
50 1.4524 15.5667 187.203
50 1.05946 15.3535 183.556
50 0.867487 14.1501 180.47
50 0.90799 11.7112 177.604
50 1.02812 8.59704 176.822
50 1.29444 6.18136 178.439
50 1.54988 5.98581 181.066
50 1.47759 7.508 183.233
50 1.47759 7.508 183.233
50 0.588283 11.2926 184.778
50 0.433593 13.1497 183.754
50 0.505911 13.9309 182.246
50 0.936677 13.933 181.04
50 1.26783 12.8864 179.973
50 1.42509 11.2578 180.435
50 1.54614 10.1511 181.818
50 1.55746 9.94032 183.314
50 1.41348 9.83061 184.363
50 1.41348 9.83061 184.363
50 0.955706 10.3731 182.904
50 1.02421 11.8617 182.082
50 1.12128 13.1232 181.716
50 1.12128 13.1232 181.716
50 1.43076 12.5775 182.493
50 1.54282 11.4283 182.724
50 1.37192 10.3791 182.406
50 1.37192 10.3791 182.406
50 0.879918 10.106 180.843
50 0.887951 11.1475 180.834
50 1.02067 11.638 182.084
50 1.02067 11.638 182.084
50 0.884044 13.1233 182.667
50 0.874768 13.6026 181.51
50 0.912075 13.8141 179.89
50 1.16563 14.9266 177.421
50 0.882118 15.7619 175.485
50 0.0621806 17.1728 173.499
50 359.196 19.0937 172.461
50 358.401 21.6631 171.669
50 357.512 24.0255 170.564
50 356.996 25.774 169.507
50 356.867 26.7257 168.351
50 356.933 26.9521 167.276
50 357.589 24.1647 168.779
50 359.17 16.6361 174.33
50 0.157817 8.72068 180.563
50 0.743233 4.08452 187.884
50 1.16348 3.51609 195.13
50 1.37886 5.42128 196.741
50 1.32954 7.77791 192.678
50 1.13154 9.96645 186.342
50 0.913168 12.7754 179.898
50 0.436953 16.0227 174.04
50 0.0821521 18.3607 171.158
50 1.0276 16.1181 177.427
50 1.11729 12.7897 181.719
50 1.09993 9.73876 186.114
50 0.892841 7.20137 188.677
50 0.802901 6.16787 188.45
50 0.727482 6.82998 186.384
50 0.792847 9.32794 184.075
50 1.08839 12.4536 181.494
50 1.26223 14.8383 179.028
50 1.87131 16.1183 178.464
50 2.46329 15.9914 180.233
50 2.21276 14.5489 181.913
50 1.67333 12.7033 183.619
50 1.21678 10.6429 184.373
50 0.891871 8.87955 184.068
50 1.19964 10.155 183.113
50 1.539 12.2447 182.484
50 1.83231 14.0581 181.737
50 2.07262 14.8746 181.694
50 2.24042 14.4423 182.142
50 2.0297 13.1842 182.533
50 1.79204 12.2516 182.688
50 1.79204 12.2516 182.688
50 1.66852 11.4319 182.827
50 1.64076 10.8366 182.722
50 1.57545 11.8784 182.947
50 1.62157 13.6241 182.922
50 1.48088 14.9844 182.464
50 1.48088 14.9844 182.464
50 2.07202 14.0742 182.747
50 2.25362 14.3575 184.106
50 2.92402 15.6491 190.755
50 4.20287 18.4713 190.715
50 6.39655 21.8923 195.887
50 6.39655 21.8923 195.887
50 9.57371 27.3123 201.379
50 9.64572 28.0944 201.448
50 7.88002 24.8672 197.277
50 4.82456 17.4629 188.667
50 2.88834 10.5765 180.078
50 1.39864 6.47302 172.117
50 0.134389 5.77232 166.667
50 359.634 7.20966 166.912
50 359.944 9.10068 172.07
50 0.915531 11.388 178.759
50 2.30524 13.5999 185.727
50 3.87509 15.6721 191.168
50 4.4864 18.4975 191.022
50 3.52231 18.4397 186.633
50 2.38736 16.1684 181.282
50 1.46013 12.6071 176.496
50 0.787916 7.89786 173.055
50 0.875479 6.16793 174.905
50 1.32323 7.46172 179.111
50 1.92867 11.3292 183.148
50 2.6742 15.5251 186.807
50 3.379 18.0725 188.755
50 3.11738 17.6101 186.595
50 2.62746 16.5859 183.67
50 2.3321 15.787 180.95
50 1.81996 14.6081 178.844
50 1.68072 12.0436 178.44
50 1.85205 10.1294 180.067
50 2.07612 9.7198 182.697
50 2.0977 11.353 184.86
50 2.2008 13.8171 185.737
50 2.00298 15.6572 185.277
50 1.86762 16.2963 183.321
50 1.72347 16.494 181.487
50 1.88289 16.5856 180.189
50 1.88289 16.5856 180.189
50 2.26676 14.5257 181.824
50 2.08814 11.7848 183.472
50 2.08814 11.7848 184.064
50 1.83455 12.6004 184.064
50 1.62624 13.5208 183.961
50 1.65378 13.8481 183.147
50 1.88827 14.7672 182.066
50 2.24048 16.177 181.881
50 2.51358 16.8861 182.06
50 2.69361 15.6035 182.755
50 2.59532 14.3536 183.138
50 2.10474 13.6367 183.095
50 1.99918 13.8448 182.181
50 1.42957 13.8365 182.25
50 1.65483 14.323 182.101
50 2.19963 15.0432 182.599
50 2.54718 16.2018 183.226
50 2.54718 16.2018 183.226
50 2.58244 16.798 183.326
50 2.58244 16.798 183.326
50 2.01948 14.9901 182.162
50 1.66182 13.9407 181.298
50 1.85888 14.7641 181.839
0 1.85888 14.7641 181.839
0 2.07552 14.7769 182.62
0 1.75248 14.2218 182.898
0 1.68337 14.3257 182.328
0 1.68337 14.3257 182.328
0 1.85905 10.1502 181.445
0 1.85905 10.1502 181.445
0 1.80217 7.60248 181.143
0 1.67402 6.44378 181.168
0 1.58112 6.1072 181.637
