H_VAL   H_STEP_SIZE 70 0.1
ROLL KP KI KD 5 10 12
PITCH KP KI KD 5 10 12
YAW KP KI KD 0 0 0
70 154.847 1.50622 181.157 0.0805643 -0.0166875 0
70 154.847 1.50622 181.157 0.0956029 -0.0198343 0
70 154.847 1.50622 181.157 0.112176 -0.0232353 0
70 154.847 1.50622 181.157 0.128596 -0.0266364 0
70 154.844 2.27851 180.86 0.0630489 0.00127384 0
70 154.844 2.27851 180.86 0.0650275 0.00340045 0
70 154.844 2.27851 180.86 0.0670247 0.00554713 0
70 154.844 2.27851 180.86 0.068854 0.00767375 0
70 154.965 2.52987 180.795 -5.801 1.5142 0
70 154.965 2.52987 180.795 0.0458489 0.0186999 0
70 154.965 2.52987 180.795 0.0431519 0.0220493 0
70 154.965 2.52987 180.795 0.0406565 0.0251484 0
70 154.965 2.52987 180.795 0.0379847 0.0284666 0
70 154.723 2.6117 180.938 -2.11416 -3.70121 0
70 154.723 2.6117 180.938 0.0240841 0.0198663 0
70 154.723 2.6117 180.938 0.0198985 0.0205554 0
70 155.085 2.66924 180.706 0.0101911 0.0431782 0
70 155.085 2.66924 180.706 0.00533721 0.0482013 0
70 155.085 2.66924 180.706 3.759e-05 0.0528489 0
70 155.085 2.66924 180.706 -0.00531155 0.057872 0
70 154.841 2.77625 180.736 -0.0210041 0.0595073 0
70 154.841 2.77625 180.736 -0.0284387 0.0640443 0
70 154.841 2.77625 180.736 -0.0353276 0.0682484 0
70 154.841 2.77625 180.736 -0.0426939 0.0727854 0
70 154.841 2.77625 180.736 -0.0507423 0.0776555 0
70 154.841 2.77625 180.736 -0.057563 0.0818179 0
70 154.841 2.77625 180.736 -0.0649975 0.086355 0
70 154.841 2.77625 180.736 -0.0719546 0.0906007 0
70 154.841 2.77625 180.736 -0.0788435 0.0948047 0
70 154.838 3.13679 180.699 -0.123116 0.102858 0
70 154.838 3.13679 180.699 -0.13754 0.108143 0
70 154.838 3.13679 180.699 -0.150916 0.113043 0
70 154.836 2.93814 180.538 -0.144598 0.133974 0
70 154.836 2.93814 180.538 -0.154437 0.141753 0
70 154.836 2.93814 180.538 -0.165145 0.150219 0
70 154.832 3.29857 180.501 -0.210715 0.161645 0
70 154.954 3.52491 180.547 -0.226811 0.169996 0
70 154.954 3.52491 180.547 -0.267047 0.174225 0
70 154.835 3.04998 180.563 -0.244659 0.180402 0
70 154.835 3.04998 180.563 -0.257417 0.188311 0
70 154.835 3.04998 180.563 -0.270175 0.196221 0
70 154.823 3.14999 180.116 -0.292373 0.251242 0
70 154.713 3.49413 180.666 -8.34626 -12.5907 0
70 154.713 3.49413 180.666 -0.357361 0.223071 0
70 154.616 4.03495 180.908 -0.430423 0.204625 0
70 154.739 4.37379 180.979 -0.493487 0.199293 0
70 154.739 4.37379 180.979 -0.528884 0.199221 0
70 154.813 4.29161 180.254 -0.558423 0.275302 0
70 154.813 4.29161 180.254 -0.598012 0.290273 0
70 154.91 4.64192 179.741 -0.673952 0.355598 0
70 154.91 4.64192 179.741 -0.714122 0.377566 0
70 154.934 5.07773 179.953 -0.797472 0.378485 0
70 154.908 4.97876 179.345 1.45853 14.598 0
70 154.908 4.97876 179.345 -0.890764 0.482707 0
70 154.991 5.04072 179.004 -0.946965 0.549349 0
70 155.068 5.21518 178.217 -1.01153 0.66246 0
70 155.017 5.69686 177.62 -1.10948 0.770377 0
70 155.165 6.02143 178.272 -1.20285 0.774921 0
70 155.165 6.02143 178.272 -1.26758 0.823038 0
70 155.034 6.13571 177.834 -1.34298 0.914049 0
70 155.065 6.03726 178.28 -1.4015 0.933268 0
70 155.065 6.03726 178.28 -1.47097 0.981234 0
70 154.907 6.04715 177.703 -1.53698 1.0868 0
70 155.082 6.1864 178.665 -1.62661 1.06091 0
70 155.082 6.1864 178.665 -1.69361 1.10164 0
70 155.08 5.67787 178.318 -1.71835 1.17971 0
70 154.977 5.51095 178.991 -1.76163 1.16524 0
70 154.977 5.51095 178.991 -1.82164 1.20333 0
70 154.972 5.62634 178.547 -1.88872 1.28269 0
70 155.124 5.83612 179.643 -1.96115 1.22396 0
70 155.124 5.83612 179.643 -2.0286 1.2479 0
70 154.866 5.77251 178.936 -2.0853 1.33806 0
70 154.866 5.77251 178.936 -2.14559 1.37435 0
70 154.866 5.77251 178.936 -2.20589 1.41063 0
70 154.777 6.07025 177.596 -2.30043 1.58261 0
70 154.777 6.07025 177.596 -2.36603 1.64275 0
70 155.172 6.3063 178.569 -2.45536 1.60511 0
70 155.053 5.88347 178.365 -2.49316 1.67017 0
70 155.053 5.88347 178.365 -2.55544 1.71664 0
70 155.122 5.52667 179.457 -2.58072 1.64981 0
70 154.952 5.49827 178.519 -1.97322 23.5932 0
70 154.952 5.49827 178.519 -2.69388 1.80731 0
70 154.952 5.49827 178.519 -2.74875 1.8506 0
70 154.99 6.37011 177.3 -2.80417 1.89431 0
70 154.99 6.37011 177.3 -2.95745 2.07192 0
70 154.99 6.37011 177.3 -3.02769 2.1367 0
70 155.199 6.47061 176.842 -3.10769 2.24348 0
70 155.199 6.47061 176.842 -3.18042 2.32355 0
70 155.199 6.47061 176.842 -3.25885 2.39641 0
70 155.199 6.47061 176.842 -3.33086 2.46927 0
70 155.017 6.52947 176.04 -3.40977 2.62709 0
70 155.195 6.58212 176.866 -3.49481 2.648 0
70 155.195 6.58212 176.866 -3.56879 2.72043 0
70 155.095 6.42057 177.071 -3.62675 2.77236 0
70 155.142 6.38509 177.766 -3.70146 2.78007 0
70 155.142 6.38509 177.766 -3.77266 2.8372 0
70 155.09 6.33359 176.934 -3.83837 2.97124 0
70 155.09 6.33359 176.934 -3.91416 3.04882 0
70 155.09 6.33359 176.934 -3.98445 3.12074 0
70 155.09 6.33359 176.934 -4.06025 3.19832 0
70 154.991 6.5682 177.461 -4.15277 3.22035 0
70 155.025 6.46991 177.908 -4.21835 3.24251 0
70 155.025 6.46991 177.908 -4.29676 3.30139 0
70 155.054 6.48294 178.379 -4.37073 3.31067 0
70 155.054 6.48294 178.379 -4.44296 3.35643 0
70 155.054 6.48294 178.379 -4.5159 3.40626 0
70 155.039 6.22256 177.97 -4.56876 3.49301 0
70 155.039 6.22256 177.97 -4.63706 3.54651 0
70 155.033 5.93729 177.673 -4.67963 3.62683 0
70 155.033 5.93729 177.673 -4.74782 3.69022 0
70 155.036 5.73453 177.98 -0.0745811 -3.42744 0
70 155.036 5.73453 177.98 -4.85267 3.77503 0
70 155.02 5.87499 177.425 -4.92598 3.88262 0
70 155.02 5.87499 177.425 -4.9875 3.94521 0
70 155.02 5.87499 177.425 -5.05449 4.01336 0
70 155.02 5.87499 177.425 -5.11661 4.07657 0
70 155.148 5.87208 177.887 -5.17874 4.13977 0
70 155.148 5.87208 177.887 -5.24055 4.15433 0
70 155.124 5.74711 177.391 -5.2951 4.26281 0
70 155.124 5.74711 177.391 -5.35495 4.32661 0
70 155.048 5.88805 177.896 -5.42876 4.34035 0
70 155.048 5.88805 177.896 -5.49601 4.39945 0
70 155.048 5.88805 177.896 -5.55776 4.45373 0
70 155.055 5.77221 178.34 -5.60887 4.46368 0
70 155.051 5.77644 177.871 -5.76233 15.4579 0
70 155.051 5.77644 177.871 -5.73464 4.61113 0
70 155.051 5.77644 177.871 -5.79442 4.66584 0
70 155.051 5.77644 177.871 -5.85419 4.72542 0
70 155.012 5.61006 177.483 -5.90264 4.8209 0
70 155.168 5.60036 178.062 -5.95915 4.82993 0
70 155.168 5.60036 178.062 -6.01582 4.88127 0
70 155.054 5.66479 177.847 -6.0843 4.9584 0
70 154.963 5.76263 178.46 -6.1518 4.95696 0
70 154.963 5.76263 178.46 -6.21192 5.00174 0
70 155.038 5.42497 177.794 -6.23904 5.11156 0
70 155.192 5.41545 178.373 -6.07497 -8.34505 0
70 155.192 5.41545 178.373 -6.35049 5.16753 0
70 155.157 5.53782 177.814 -6.4162 5.26761 0
70 155.21 5.45354 178.733 -6.47219 5.24578 0
70 155.21 5.45354 178.733 -6.52373 5.2857 0
70 154.953 5.18887 178.333 -6.55447 5.36173 0
70 154.953 5.18887 178.333 -6.60437 5.40829 0
70 154.981 5.28826 178.941 -6.66848 5.39605 0
70 154.926 5.28758 177.886 -6.72009 5.53522 0
70 154.926 5.28758 177.886 -6.77175 5.59021 0
70 154.926 5.28758 177.886 -6.82696 5.64897 0
70 155.078 4.57009 177.957 -6.80963 5.69714 0
70 155.252 4.66107 179.144 -6.86016 5.64847 0
70 155.022 4.69413 179.513 -7.67291 -2.93097 0
70 155.022 4.69413 179.513 -6.94471 5.67434 0
70 154.759 4.67942 178.58 -6.98429 5.7973 0
70 154.979 4.47019 178.408 -7.00828 5.86009 0
70 155.3 4.55787 177.477 -7.05306 5.99063 0
70 155.3 4.55787 177.477 -7.09174 6.0529 0
70 155.336 4.61086 178.778 -7.13506 5.9915 0
70 155 4.48291 178.88 -7.16271 6.02109 0
70 154.689 4.11655 179.514 -7.20005 -24.2335 0
70 154.695 3.97961 179.6 -4.00259 4.21186 0
70 154.874 3.88578 178.4 -7.2166 6.04827 0
70 154.874 3.88578 178.4 -7.23614 6.19881 0
70 154.874 3.88578 178.4 -7.26521 6.2487 0
70 155.196 4.28456 177.656 -7.32827 6.36296 0
70 155.196 4.28456 177.656 -7.36208 6.42147 0
70 155.113 4.42225 178.628 -7.40894 6.38845 0
70 155.113 4.42225 178.628 -7.44804 6.43392 0
70 155.113 4.42225 178.628 -7.4843 6.4753 0
70 155.113 4.42225 178.628 -7.52021 6.51667 0
70 155.113 4.42225 178.628 -7.55931 6.56214 0
70 155.228 3.82791 178.611 -7.53841 6.60516 0
70 155.228 3.82791 178.611 -7.56812 6.65385 0
70 155.25 3.81715 179.194 -7.59242 6.6346 0
70 155.25 3.81715 179.194 -7.62016 6.66878 0
70 154.908 4.022 179.368 -7.66445 6.68453 0
70 154.908 4.022 179.368 -7.6933 6.71285 0
70 154.887 3.9229 178.76 -7.71577 6.80069 0
70 154.887 3.9229 178.76 -7.74315 6.84012 0
70 155.138 4.1 179.025 -7.78653 6.85554 0
70 155.138 4.1 179.025 -7.81944 6.89565 0
70 155.138 4.1 179.025 -7.85236 6.93039 0
70 155.03 4.02401 179.364 -7.87522 6.93348 0
70 154.883 4.14628 178.809 -7.91808 7.01359 0
70 154.883 4.14628 178.809 -7.94942 7.05516 0
70 154.883 4.14628 178.809 -7.98323 7.0937 0
70 155.156 4.11319 179.497 -8.01123 7.06875 0
70 155.061 3.73876 180.122 0.704684 7.06176 0
70 155.061 3.73876 180.122 -8.0347 7.05594 0
70 154.946 3.79823 180.374 -8.06692 7.04588 0
70 154.817 4.37818 180.391 -8.14703 7.05589 0
70 154.817 4.37818 180.391 -8.18529 7.06619 0
70 154.912 4.41884 179.691 -8.2278 7.14478 0
70 154.915 4.19562 179.641 -3.04951 8.3294 0
70 154.915 4.19562 179.641 -8.27639 7.19579 0
70 154.905 3.93516 179.232 -8.28239 7.26348 0
70 154.905 3.93516 179.232 -8.3143 7.29944 0
70 154.792 4.19323 179.645 -8.3714 7.2878 0
70 154.792 4.19323 179.645 -8.40326 7.31124 0
70 154.919 3.74882 179.542 -8.39095 7.34803 0
70 155.053 3.78834 179.898 -8.41968 7.33759 0
70 155.035 3.99924 179.476 -8.46369 7.39485 0
70 155.035 3.99924 179.476 -8.49242 7.42153 0
70 154.79 3.99505 179.484 -8.52076 7.44753 0
70 154.782 3.93334 179.235 -2.13736 13.2802 0
70 154.782 3.93334 179.235 -8.57375 7.52915 0
70 154.782 3.93334 179.235 -8.60131 7.56012 0
70 154.782 3.93334 179.235 -8.62886 7.59109 0
70 155.17 3.92729 179.807 -8.65798 7.56775 0
70 154.946 3.90995 180.399 -8.68376 7.53169 0
70 154.946 3.90995 180.399 -8.7109 7.54195 0
70 154.808 3.89522 179.931 -8.73658 7.60024 0
70 154.808 3.89522 179.931 -8.76583 7.61883 0
70 154.942 3.93482 180.287 -8.79676 7.60099 0
70 154.942 3.93482 180.287 -8.82434 7.61323 0
70 155.055 3.56458 179.849 -8.8168 7.67056 0
70 154.936 4.29466 180.25 -25.8924 -1.67571 0
70 154.936 4.29466 180.25 -8.93663 7.66789 0
70 155.065 4.80638 180.593 -9.02358 7.6453 0
70 155.449 5.39019 181.172 -9.13009 7.59359 0
70 155.731 6.0121 182.112 -9.24339 7.49962 0
70 156.134 6.66876 182.932 -9.37019 7.40139 0
70 156.184 7.28242 183.882 -9.50363 7.27912 0
70 156.129 7.70826 184.679 -9.63607 7.15136 0
70 155.946 8.28218 185.287 -23.1374 -8.86861 0
70 155.946 8.28218 185.287 -9.88679 6.9548 0
70 155.777 8.94024 186.033 -10.0611 6.79978 0
70 155.777 8.94024 186.033 -10.1881 6.70179 0
70 155.691 7.03232 183.391 -10.1079 6.88891 0
70 155.379 3.99358 179.463 -9.8711 7.25832 0
70 204.937 2.48171 183.796 -9.60346 7.51047 0
70 155.101 358.871 174.474 3.00717 32.1123 0
70 155.101 358.871 174.474 -9.28498 7.96976 0
70 155.058 0.310007 177.02 -9.36933 7.82558 0
70 155.048 2.05205 179.75 -9.51268 7.61342 0
70 154.961 3.69872 180.821 -9.6774 7.52442 0
70 154.76 4.11128 181.624 -9.74561 7.44416 0
70 154.616 3.0284 180.681 -9.66898 7.52608 0
70 154.661 1.92259 177.731 -9.57246 7.81968 0
70 154.894 1.36029 176.547 -9.50918 7.9937 0
70 154.894 1.36029 176.547 -9.4911 8.07176 0
70 154.894 1.36029 176.547 -9.47303 8.14981 0
70 155.456 3.5039 177.947 -9.67047 8.08842 0
70 155.39 4.1439 179.848 -9.75879 7.95022 0
70 154.942 3.82309 180.262 -9.75729 7.92799 0
70 154.581 2.58729 179.996 -9.66605 7.96725 0
70 154.57 1.95622 179.149 -9.60983 8.06611 0
70 154.904 2.31912 178.051 -9.63659 8.20266 0
70 155.349 3.43041 178.286 -9.73568 8.23356 0
70 155.475 3.91767 178.74 -9.80142 8.24325 0
70 155.475 3.91767 178.74 -9.82843 8.28264 0
70 155.037 2.99588 179.724 -9.77135 8.23246 0
70 155.037 2.99588 179.724 -9.78307 8.25648 0
70 154.711 2.28994 180.278 -9.72075 8.22126 0
70 154.711 2.28994 180.278 -9.71907 8.23354 0
70 154.836 2.71441 180.488 -9.7613 8.22427 0
70 155.051 3.16638 179.526 -9.81114 8.32617 0
70 155.027 3.31522 178.856 -9.83928 8.41574 0
70 155.005 3.24012 178.136 -8.10139 25.2753 0
70 155.005 3.24012 178.136 -9.86437 8.56798 0
70 155 3.06574 177.863 -9.86234 8.65211 0
70 155.031 3.29042 178.968 -9.89707 8.59624 0
70 154.919 3.43832 179.356 -9.92743 8.5946 0
70 154.919 3.43832 179.356 -9.94599 8.62568 0
70 155.06 3.31592 179.911 -9.9537 8.59692 0
70 154.905 3.31418 178.859 -9.97011 8.71245 0
70 154.905 3.31418 178.859 -9.98665 8.75012 0
70 155.04 3.55183 179.377 -10.0263 8.74426 0
70 155.04 3.55183 179.377 -10.0469 8.7727 0
70 155.027 3.6262 179.042 -10.0751 8.83418 0
70 155.056 3.45266 179.824 -10.081 8.79481 0
70 155.056 3.45266 179.824 -10.0931 8.8155 0
70 154.92 3.32647 179.331 -10.0821 8.88372 0
70 155.054 3.25356 179.663 -8.54892 1.93082 0
70 155.054 3.25356 179.663 -10.0758 8.90965 0
70 155.133 3.16992 178.938 -10.0685 9.00405 0
70 155.133 3.16992 178.938 -10.0685 9.04066 0
70 155.147 3.18321 179.41 -10.0696 9.02899 0
70 155.147 3.18321 179.41 -10.0696 9.05739 0
70 154.809 3.24997 179.669 -11.629 12.1747 0
70 154.809 3.24997 179.669 -10.0754 9.08578 0
70 155.042 3.0168 179.142 -10.0551 9.16161 0
70 155.042 3.0168 179.142 -10.0551 9.19488 0
70 155.381 3.45885 179.229 -10.0937 9.21628 0
70 155.418 4.47162 177.806 -10.1821 9.38513 0
70 155.27 4.96672 177.215 -10.2253 9.49798 0
70 154.834 5.27788 175.89 -10.2524 9.68997 0
70 154.287 5.52352 174.905 -10.2738 9.87331 0
70 154.287 5.52352 174.905 -10.2738 9.98242 0
70 154.147 6.42801 173.583 -10.3528 10.2189 0
70 153.952 7.13516 173.163 -10.4145 10.3949 0
70 154.107 7.98636 172.993 -10.4888 10.5528 0
70 154.034 8.81417 171.888 -27.8985 34.1455 0
70 154.057 8.84189 171.888 -10.5634 10.793 0
70 153.657 9.51075 171.832 -10.6218 10.7979 0
70 153.657 9.51075 171.832 -10.6218 10.7979 0
70 153.657 9.51075 171.832 -10.6218 10.7979 0
70 152.329 10.9854 170.726 -10.7505 10.8943 0
70 152.019 11.2393 170.335 -10.7726 10.9285 0
70 152.019 11.2393 170.335 -10.7726 10.9285 0
70 152.347 12.414 170.229 -10.8752 10.9377 0
70 152.347 12.414 170.229 -10.8752 10.9377 0
70 152.304 12.8797 169.389 -10.9158 11.011 0
70 152.307 12.6858 169.224 -10.8989 11.0255 0
70 152.307 12.6858 169.224 -10.8989 11.0255 0
70 152.307 12.6858 169.224 -10.8989 11.0255 0
70 152.307 12.6858 169.224 -10.8989 11.0255 0
70 153.62 12.2477 170.793 -10.8606 10.8885 0
70 154.157 10.1291 173.945 -10.6758 10.6134 0
70 154.773 6.98004 177.799 -10.401 10.2771 0
70 155.561 3.38273 181.201 -10.087 9.97963 0
70 156.142 1.14336 184.574 -9.8877 9.67052 0
70 156.366 0.786495 185.197 -9.8311 9.5435 0
70 156.162 2.22971 182.225 -9.93283 9.73699 0
70 155.715 4.45601 178.965 -10.1342 10.0123 0
70 154.988 6.9991 176.026 -10.4013 10.314 0
70 154.42 8.3406 174.001 -10.5197 10.5877 0
70 154.42 8.3406 174.001 -10.5197 10.6086 0
70 154.565 6.80691 176.477 -10.3858 10.3925 0
70 154.982 5.17686 178.917 -10.2436 10.1796 0
70 155.671 3.59506 180.774 26.7047 -33.1978 0
70 155.671 3.59506 180.774 -10.1056 10.0175 0
70 156.282 3.52263 181.675 -10.0992 9.92717 0
70 155.843 4.74574 179.256 -10.206 10.1499 0
70 155.359 5.57465 177.109 -10.2783 10.3374 0
70 154.9 6.21958 175.859 -10.3346 10.4464 0
70 154.509 6.16557 175.159 -10.3299 10.5075 0
70 154.699 5.01601 177.6 -10.3299 -46.5138 0
70 155.148 4.36149 179.434 -10.1724 10.1344 0
70 155.538 3.66496 180.442 6.09731 -13.3965 0
70 155.538 3.66496 180.442 -10.1117 10.0465 0
70 155.899 3.54283 180.99 -10.101 9.99847 0
70 155.487 4.06848 179.124 -10.1469 10.1615 0
70 155.201 4.77008 178.114 -10.2081 10.2497 0
70 155.201 4.77008 178.114 -10.2081 10.2497 0
70 155.201 4.77008 178.114 -10.2081 10.2497 0
70 155.201 4.77008 178.777 -10.2081 10.2497 0
70 155.044 4.37194 179.91 -10.236 -10.1915 0
70 155.044 4.37194 179.91 -10.1734 10.0929 0
70 155.044 4.37194 179.91 -10.1734 10.0929 0
70 155.044 4.37194 179.91 -10.1734 10.0929 0
70 155.044 4.37194 179.91 -10.1734 10.0929 0
70 155.278 3.86911 180.026 -10.1295 10.0828 0
70 155.147 4.89537 179.669 -10.1295 10.0828 0
70 155.147 4.89537 179.669 -10.219 10.1139 0
70 154.995 5.12749 179.14 -10.2393 10.1601 0
70 154.995 5.12749 179.14 -10.2393 10.1601 0
70 155.038 4.61995 179.848 -10.195 10.0983 0
70 155.038 4.08626 179.613 -10.1484 10.1189 0
70 155.038 4.08626 179.613 -10.1484 10.1189 0
70 155.155 4.64744 179.732 -10.1974 10.1085 0
70 154.992 4.92924 178.979 -10.222 10.1742 0
70 154.992 4.92924 178.979 -10.222 10.1742 0
70 154.992 4.92924 178.979 -10.222 10.1742 0
70 154.983 4.55712 178.545 -10.1895 10.2121 0
70 154.983 4.55712 178.545 -10.1895 10.2121 0
70 155.367 4.57632 179.474 -10.1912 10.131 0
70 155.367 4.57632 179.474 -10.1912 10.131 0
70 155.367 4.57632 179.474 -10.1912 10.131 0
70 155.27 4.78647 179.64 -10.2095 10.1165 0
70 155.124 4.68351 179.037 -10.2005 10.1691 0
70 155.124 4.68351 179.037 -10.2005 10.1691 0
70 155.279 4.42652 179.678 -10.1781 10.1131 0
70 155.279 4.42652 179.678 -10.1781 10.1131 0
70 155.279 4.42652 179.678 -10.1781 10.1131 0
70 155.424 3.5015 180.645 -10.1164 10.0288 0
70 155.424 3.5015 180.645 -10.0974 10.0288 0
70 155.286 3.28576 180.016 -10.0786 10.0837 0
70 155.286 3.28576 180.016 -10.0786 10.0837 0
70 155.286 3.28576 180.016 -10.0786 10.0837 0
70 155.319 2.76756 181.309 2.02556 -20.123 0
70 155.319 1.87232 182.919 -10.0333 9.96439 0
70 154.623 1.15845 184.253 11.0012 -21.351 0
70 154.623 1.15845 184.253 -9.86396 9.61266 0
70 154.3 359.305 185.599 -9.66047 9.41563 0
70 154.682 357.946 186.467 22.1576 -10.9358 0
70 154.682 357.946 186.467 -9.40152 9.15844 0
70 154.428 356.963 188.13 -9.32326 9.06162 0
70 154.428 356.963 188.13 -9.13241 8.77789 0
70 153.614 356.306 189.152 -8.96788 8.54476 0
70 153.296 355.87 189.874 -8.81444 8.32442 0
70 153.457 357.38 186.567 -8.83705 8.46184 0
70 153.9 0.255707 181.94 -9.01302 8.79998 0
70 154.377 3.73585 177.558 -9.30455 9.19791 0
70 154.729 6.70755 173.737 -9.61022 9.62081 0
70 155.016 8.34696 171.603 -9.84254 9.95191 0
70 155.473 7.23096 174.058 13.5137 -47.2167 0
70 155.388 5.07904 177.235 39.2737 -64.5118 0
70 155.3 2.62808 180.34 47.4479 -62.7076 0
70 155.321 1.46431 182.431 17.5927 -39.2659 0
70 155.321 1.46431 182.431 -9.47307 9.3544 0
70 155.411 2.72791 179.89 -38.9742 68.6725 0
70 155.383 4.50549 177.11 -9.73627 9.82656 0
70 155.203 5.99128 174.738 -9.90807 10.1093 0
70 154.912 6.73898 173.029 -10.0404 10.3757 0
70 154.912 6.73898 173.029 -10.1194 10.5199 0
70 154.872 6.29338 175.524 -10.1541 10.416 0
70 154.946 5.21354 178.221 -10.1178 10.2403 0
70 155.063 4.16122 180.332 -10.0633 10.0561 0
70 155.332 3.47708 181.816 -10.0263 9.91527 0
70 155.648 3.85238 180.127 -10.0459 9.90015 0
70 155.553 4.62338 178.186 -26.3223 50.8864 0
70 155.496 5.32757 177.167 -10.1953 10.2434 0
70 155.496 5.32757 177.167 -10.2567 10.3323 0
70 155.21 5.55984 176.641 -10.277 10.3782 0
70 155.206 5.05617 178.411 -10.2331 10.2237 0
70 155.171 4.35002 180.018 -10.1714 10.0835 0
70 155.079 3.72673 180.705 -10.117 10.0235 0
70 155.215 3.51906 181.124 -10.0989 9.98607 0
70 155.215 3.51906 181.124 -10.0989 9.9834 0
70 155.038 4.08626 179.613 -10.1484 10.1189 0
70 154.855 4.07206 178.089 -10.1472 10.2518 0
70 154.937 3.84855 176.98 -10.1277 10.3486 0
70 154.789 3.28871 175.333 -10.0788 10.4923 0
70 154.9 2.2366 173.687 -9.98478 10.636 0
70 155.19 1.08578 172.964 -9.8644 10.699 0
70 155.627 359.542 171.812 -9.68308 10.7996 0
70 156.177 358.339 170.629 -9.50281 10.9029 0
70 156.378 357.38 169.496 -9.33422 11.0017 0
70 156.767 356.964 168.483 -9.2027 11.0901 0
70 157.373 356.81 167.186 -9.09202 11.2033 0
70 157.881 356.521 166.568 -8.96479 11.2572 0
70 158.177 355.983 166.123 -8.81088 11.2961 0
70 158.177 355.983 166.123 -8.68685 11.2961 0
70 157.448 356.164 166.234 -8.5891 11.2864 0
70 156.292 358.376 170.406 -8.68695 10.9223 0
70 154.864 1.90871 176.199 -8.94956 10.4168 0
70 153.937 5.76844 181.57 -9.30746 9.94362 0
70 153.596 8.62423 187.096 -9.64232 9.38245 0
70 153.57 9.13429 190.054 -9.83306 8.96696 0
70 153.247 6.85655 186.465 -9.73416 9.15042 0
70 153.408 3.87214 180.09 -9.52909 9.66716 0
70 154.259 1.3332 174.192 -9.30766 10.2595 0
70 155.483 359.684 170.665 -9.12496 10.7318 0
70 156.424 359.546 169.834 -9.06271 10.9722 0
70 156.715 1.07992 173.085 -9.16158 10.6885 0
70 156.18 3.09463 178.661 -9.33725 10.2019 0
70 155.422 5.04541 183.799 -9.54952 9.71119 0
70 154.403 6.06257 187.027 -9.7065 9.32179 0
70 153.33 5.9106 186.945 -9.75581 9.21413 0
70 152.814 4.98112 183.328 -9.72774 9.48282 0
70 152.978 3.82597 177.854 -9.65257 10.016 0
70 154.612 3.11391 170.941 -9.61442 10.5974 0
70 154.612 3.11391 170.941 -9.61848 10.8756 0
70 155.769 3.88582 174.5 -9.70607 10.565 0
70 155.951 4.48667 179.314 -9.79717 10.1449 0
70 155.667 4.65055 184.05 -9.85119 9.69513 0
70 154.922 4.36937 186.84 -9.86393 9.35784 0
70 153.346 3.20218 182.407 14.6501 100 0
70 153.104 2.70158 177.582 -9.76592 10.0557 0
70 153.429 2.89745 173.262 -9.7896 10.5141 0
70 154.096 3.62932 170.945 -9.86599 10.8672 0
70 154.096 3.62932 170.945 -9.88835 10.8753 0
70 155.33 5.30266 174.115 -10.082 10.5986 0
70 155.76 5.67949 178.17 -10.173 10.2448 0
70 155.601 5.47248 181.885 -10.2159 9.90559 0
70 155.207 4.56094 184.404 -10.1769 9.62747 0
70 154.189 3.17361 182.606 -10.0688 9.73906 0
70 153.737 2.93624 179.037 -10.0481 10.0536 0
70 153.733 3.50318 175.639 -10.0975 10.4165 0
70 153.916 4.57192 173.522 -10.1908 10.6504 0
70 153.916 4.57192 173.522 -10.1908 10.6504 0
70 155.136 6.045 175.576 -10.3194 10.4711 0
70 155.317 5.30569 178.343 -10.2548 10.2296 0
70 155.19 4.02771 180.415 -10.1433 10.0488 0
70 154.739 2.77131 181.795 -10.0337 9.92096 0
70 154.739 2.77131 181.795 -10.0337 9.90621 0
70 154.345 2.917 179.606 -10.0464 10.1024 0
70 154.491 3.87296 177.468 -10.1298 10.306 0
70 154.901 4.76892 176.598 -10.208 10.3819 0
70 155.063 5.43444 176.149 -10.2661 10.4211 0
70 155.057 4.95432 177.807 0.948756 -28.3092 0
70 154.671 4.07937 179.624 -10.1478 10.1179 0
70 154.671 4.07937 179.624 -10.1478 10.1179 0
70 154.243 2.73641 180.39 -10.0306 10.051 0
70 154.243 2.73641 180.39 -10.0306 10.051 0
70 154.44 3.20804 178.847 -10.0718 10.1857 0
70 154.71 3.97283 177.484 -10.1385 10.3047 0
70 155.036 4.63083 177.15 -10.1959 10.3338 0
70 155.036 4.63083 177.15 -10.1959 10.3338 0
70 155.036 4.63083 177.15 -10.1959 10.3338 0
70 154.639 4.05768 178.211 -10.1459 10.2412 0
70 154.327 3.66356 179.424 -10.1115 10.1353 0
70 154.326 3.35406 179.236 -10.1115 10.1353 0
70 154.326 3.35406 179.236 -10.0845 10.1517 0
70 154.781 3.42489 178.887 -10.0907 10.1822 0
70 154.855 3.67489 177.766 -10.1125 10.28 0
70 154.716 3.74957 177.434 -10.119 10.309 0
70 154.521 3.83327 178.164 -11.8793 -5.04688 0
70 154.521 3.83327 178.164 -10.1263 10.2453 0
70 154.431 3.76682 178.974 -10.1205 10.1746 0
70 154.462 3.58939 179.755 -10.1051 10.1064 0
70 154.462 3.58939 179.755 -10.1051 10.1064 0
70 154.554 3.4581 178.783 -10.0936 10.1913 0
70 154.554 3.4581 178.783 -10.0936 10.1913 0
70 154.554 3.4581 178.783 -10.0936 10.1913 0
70 154.554 3.4581 178.783 -10.0936 10.1913 0
70 154.381 4.41577 178.182 -10.1772 10.2437 0
70 154.29 4.06467 178.693 -10.1465 10.1991 0
70 154.288 3.66929 178.368 -10.112 10.2275 0
70 154.288 3.66929 178.368 -10.112 10.2275 0
70 154.562 3.82959 179.219 -10.126 10.1532 0
70 154.562 3.82959 179.219 -10.126 10.1532 0
70 154.2 3.99608 179.504 -10.1406 10.1284 0
70 154.2 3.99608 179.504 -10.1406 10.1284 0
70 154.294 3.8416 178.642 -10.1271 10.2035 0
70 154.294 3.8416 178.642 -10.1271 10.2035 0
70 154.652 3.89556 178.409 -11.3875 15.6604 0
70 154.652 3.89556 178.409 -10.1318 10.2239 0
70 154.519 3.94502 178.189 -10.1361 10.2431 0
70 154.425 3.90382 178.888 -10.1325 10.1821 0
70 154.425 3.90382 178.888 -10.1325 10.1821 0
70 154.425 3.90382 178.888 -10.1325 10.1821 0
70 154.424 3.70581 178.725 -10.1152 10.1963 0
