H_VAL   H_STEP_SIZE 65 0.1
ROLL KP KI KD 5 2 12
PITCH KP KI KD 5 2 12
YAW KP KI KD 0 0 0
65 154.48 1.86042 181.126 0.0462763 -0.0133545 0
65 154.48 1.86042 181.126 0.048219 -0.0139152 0
65 154.48 1.86042 181.126 0.0502592 -0.0144811 0
65 154.48 1.86042 181.126 0.051976 -0.0149994 0
65 154.48 1.86042 181.126 0.0539371 -0.0155653 0
65 154.48 1.86042 181.126 0.0558981 -0.0161312 0
65 154.486 2.65431 180.248 -0.0134239 0.0620764 0
65 154.486 2.65431 180.248 -0.014428 0.0647922 0
65 154.486 2.65431 180.248 -0.0153665 0.0673304 0
65 154.486 2.65431 180.248 -0.0163894 0.0700969 0
65 154.591 2.48645 180.443 -0.00218727 0.0550222 0
65 154.591 2.48645 180.443 -0.00256799 0.0570273 0
65 154.591 2.48645 180.443 -0.00294519 0.0590138 0
65 154.591 2.48645 180.443 -0.00329772 0.0608704 0
65 154.591 2.48645 180.443 -0.00367844 0.0628754 0
65 154.591 2.48645 180.443 -0.00403449 0.0647505 0
65 154.596 2.43603 180.666 0.00016256 0.0464639 0
65 154.596 2.43603 180.666 -2.63234e-05 0.0476157 0
65 154.596 2.43603 180.666 -0.000216972 0.0487784 0
65 154.596 2.43603 180.666 -0.000407621 0.049941 0
65 154.591 2.48645 180.443 -0.005044 0.0707837 0
65 154.591 2.48645 180.443 -0.00542826 0.0728073 0
65 154.591 2.48645 180.443 -0.00578078 0.0746638 0
65 154.591 2.48645 180.443 -0.00616509 0.0766875 0
65 154.596 2.54776 180.692 -0.012071 0.0565868 0
65 154.596 2.54776 180.692 -0.0126885 0.0576544 0
65 154.596 2.54776 180.692 -0.0133004 0.058722 0
65 154.596 2.54776 180.692 -0.0139575 0.0598687 0
65 154.838 2.46556 180.55 -0.00731093 0.0733569 0
65 154.838 2.46556 180.55 -0.00761291 0.0749597 0
65 154.838 2.46556 180.55 -0.00789533 0.0764587 0
65 154.838 2.46556 180.55 -0.00817494 0.0779428 0
65 154.619 2.77913 180.742 -0.0369887 0.0622432 0
65 154.581 3.12043 180.234 -7.21649 10.7497 0
65 154.581 3.12043 180.234 -0.0711294 0.11036 0
65 154.819 3.28677 180.029 -0.088678 0.131408 0
65 154.819 3.28677 180.029 -0.0921388 0.135006 0
65 154.819 3.28677 180.029 -0.0953479 0.138373 0
65 154.609 3.52655 180.558 -0.120519 0.0950124 0
65 154.609 3.52655 180.558 -0.124542 0.0964806 0
65 154.609 3.52655 180.558 -0.128923 0.0980797 0
65 154.609 3.52655 180.558 -0.132946 0.099548 0
65 154.609 3.52655 180.558 -0.137009 0.101147 0
65 154.804 4.34147 180.03 -0.214668 0.150091 0
65 154.804 4.34147 180.03 -0.221632 0.153453 0
65 154.804 4.34147 180.03 -0.228528 0.157079 0
65 154.716 3.69228 180.828 -0.177505 0.0885024 0
65 154.716 3.69228 180.828 -0.182478 0.0890192 0
65 154.716 3.69228 180.828 -0.187495 0.089582 0
65 154.883 5.49987 179.11 -0.355822 0.245688 0
65 154.804 5.88448 177.907 -0.401737 0.361869 0
65 154.804 5.88448 177.907 -0.415173 0.372793 0
65 154.804 5.88448 177.907 -0.427509 0.38361 0
65 154.804 4.78952 179.66 -0.343764 0.240493 0
65 154.818 5.58203 180.306 -0.422624 0.188758 0
65 154.818 5.58203 180.306 -0.434006 0.191138 0
65 154.818 5.58203 180.306 -0.445275 0.193495 0
65 154.675 8.34809 177.403 -0.70385 0.454549 0
65 154.788 8.41425 175.645 -0.730963 0.623876 0
65 154.736 7.95707 174.956 -0.711847 0.704021 0
65 154.854 7.79833 176.21 -0.717687 0.616148 0
65 154.846 7.7233 177.607 -0.731835 0.509201 0
65 154.823 7.55943 178.866 -0.736345 0.409835 0
65 154.88 7.49718 179.671 -0.74928 0.346355 0
65 154.769 7.70784 178.196 -5.68974 34.7968 0
65 154.776 7.89564 176.825 -0.822986 0.610917 0
65 154.776 7.89564 176.825 -0.842413 0.625691 0
65 154.828 7.95833 176.012 -0.867706 0.714144 0
65 154.805 7.80997 175.627 -0.875911 0.767922 0
65 154.937 7.602 177.104 -0.876641 0.654967 0
65 154.9 7.68648 178.301 -0.902922 0.562255 0
65 154.656 7.98703 178.502 -7.24295 -3.64986 0
65 154.656 7.98703 178.502 -0.968073 0.562994 0
65 154.656 7.98703 178.502 -0.988018 0.571799 0
65 154.56 8.0014 176.981 -1.00945 0.717081 0
65 154.755 7.94486 176.602 -1.02614 0.766521 0
65 154.755 7.94486 176.602 -1.04574 0.781937 0
65 155.104 7.88782 176.333 -1.06016 0.821766 0
65 155.076 7.48373 177.54 -1.04573 0.733027 0
65 154.881 7.24515 178.09 4.50898 -12.0373 0
65 154.903 7.26682 178.09 -1.06226 0.7073 0
65 154.775 7.79396 178.333 -1.12643 0.696036 0
65 154.775 7.79396 178.333 -1.1472 0.70618 0
65 154.819 7.9943 177.433 -5.8462 21.7342 0
65 154.819 7.9943 177.433 -1.20397 0.807003 0
65 155.052 7.64336 177.341 -1.19437 0.828798 0
65 155.052 7.64336 177.341 -1.21309 0.841737 0
65 154.909 7.4928 176.963 -1.21818 0.888876 0
65 154.965 7.837 177.624 -1.26682 0.84466 0
65 154.965 7.837 177.624 -1.28775 0.857525 0
65 154.965 7.837 177.624 -1.30716 0.869454 0
65 154.857 7.3902 177.532 -1.28664 0.889602 0
65 154.855 7.19253 177.371 -1.28849 0.91698 0
65 154.855 7.19253 177.371 -1.30544 0.929684 0
65 154.969 7.72598 177.6 -1.37039 0.922223 0
65 154.872 7.76037 177.966 -1.39226 0.90275 0
65 154.872 7.76037 177.966 -1.41289 0.913357 0
65 154.883 7.11844 177.706 -1.37559 0.948573 0
65 154.996 6.6549 177.597 -1.35088 0.969968 0
65 154.996 6.6549 177.597 -1.36593 0.981875 0
65 154.996 6.6549 177.597 -1.38232 0.994844 0
65 155.25 7.14237 178.043 -1.44122 0.966954 0
65 155.25 7.14237 178.043 -1.45816 0.977395 0
65 154.765 7.02064 178.044 -1.46404 0.98772 0
65 154.765 7.02064 178.044 -1.48184 0.998974 0
65 155.134 6.91736 178 -1.48923 1.01327 0
65 155.134 6.91736 178 -1.50537 1.02386 0
65 155.134 6.91736 178 -1.52277 1.03529 0
65 155.134 6.91736 178 -1.53875 1.04577 0
65 154.909 7.3533 178.227 -1.5937 1.03618 0
65 154.909 7.3533 178.227 -1.61295 1.04683 0
65 154.909 7.3533 178.227 -1.63046 1.05652 0
65 154.909 7.3533 178.227 -1.64815 1.0663 0
65 155.146 7.09086 178.272 -1.64232 1.07205 0
65 155.146 7.09086 178.272 -1.65891 1.08168 0
65 154.897 7.48907 178.14 -1.71076 1.10288 0
65 154.897 7.48907 178.14 -1.73036 1.11377 0
65 154.893 7.10965 178.174 -1.71441 1.12081 0
65 154.893 7.10965 178.174 -1.73123 1.13078 0
65 155.281 6.55567 178.5 -1.69806 1.11129 0
65 155.285 7.04507 178.489 -1.75737 1.12186 0
65 155.285 7.04507 178.489 -1.7738 1.13062 0
65 154.805 7.30069 178.456 -1.81331 1.14247 0
65 154.805 7.30069 178.456 -1.83219 1.15214 0
65 154.787 7.04165 178.047 -1.82616 1.19828 0
65 155.259 6.8085 177.969 -1.82204 1.21562 0
65 155.259 6.8085 177.969 -1.83779 1.22633 0
65 155.481 6.79281 177.953 -1.85336 1.23929 0
65 155.157 6.95526 178.36 -1.88352 1.21388 0
65 154.802 6.81085 178.466 -1.89979 1.2232 0
65 154.802 6.81085 178.466 -1.90294 1.22288 0
65 154.847 6.77347 179.16 -1.91672 1.16991 0
65 154.847 6.77347 179.16 -1.93234 1.17638 0
65 155.163 6.73275 178.31 -1.94427 1.26002 0
65 155.362 6.67932 177.935 -1.95491 1.30346 0
65 155.362 6.67932 177.935 -1.97139 1.31513 0
65 155.345 6.72767 177.712 -1.99107 1.34638 0
65 155.199 6.4121 178.708 -1.97849 1.26865 0
65 155.005 5.92404 179.315 -1.94921 1.22244 0
65 155.005 5.92404 179.315 -1.9628 1.22881 0
65 155.005 5.92404 179.315 -1.97539 1.23472 0
65 155.005 5.92404 179.315 -1.98787 1.24057 0
65 155.168 6.81959 178.447 -2.08292 1.32591 0
65 155.168 6.81959 178.447 -2.09871 1.33491 0
65 155.168 6.81959 178.447 -2.11837 1.34612 0
65 155.274 6.27059 178.203 -2.08429 1.37721 0
65 155.323 5.9019 178.825 -2.09812 1.38707 0
65 155.323 5.9019 178.825 -2.07945 1.34107 0
65 155.309 6.26032 178.787 -2.1262 1.35345 0
65 155.202 6.61043 178.869 -2.17228 1.35465 0
65 155.202 6.61043 178.869 -2.18717 1.36208 0
65 155.16 6.53451 178.15 -2.19551 1.43534 0
65 155.23 6.50334 177.669 -2.20865 1.4885 0
65 155.23 6.50334 177.669 -2.22331 1.50027 0
65 155.23 6.50334 177.669 -2.23797 1.51204 0
65 155.514 6.69651 178.401 -2.27127 1.45851 0
65 155.302 6.59397 178.86 -2.27739 1.42644 0
65 155.302 6.59397 178.86 -2.29385 1.43463 0
65 155.207 6.38761 178.82 -2.29009 1.44582 0
65 155.207 6.38761 178.82 -2.30546 1.45418 0
65 155.379 6.63095 178.159 -2.34173 1.52129 0
65 155.351 6.81466 177.848 -2.37321 1.55901 0
65 155.351 6.81466 177.848 -2.38652 1.57015 0
65 155.351 6.81466 177.848 -2.38652 1.58313 0
65 155.297 6.50709 178.724 4.79765 -18.8679 0
65 155.297 6.50709 178.724 -2.35968 1.52616 0
65 155.308 6.68083 178.996 -2.37484 1.50984 0
65 155.308 6.68083 178.996 -2.37484 1.51744 0
65 155.308 6.68083 178.996 -2.37484 1.52448 0
65 155.431 6.26313 178.781 -2.33839 1.5507 0
65 155.431 6.26313 178.781 -2.33839 1.55912 0
65 155.431 6.26313 178.781 -2.33839 1.56694 0
65 155.475 6.00632 179.427 -2.31598 1.51667 0
65 155.495 5.93358 179.762 -2.30963 1.49232 0
65 155.466 5.83177 179.155 0.0684979 1.55039 0
65 155.466 5.83177 179.155 -2.30075 1.55681 0
65 155.466 5.83177 179.155 -2.30075 1.56329 0
65 155.466 5.83177 179.155 -2.30075 1.56976 0
65 155.466 5.83177 179.155 -2.30075 1.57675 0
65 155.539 6.93391 178.92 -2.39693 1.60442 0
65 155.438 6.23891 178.893 -2.33628 1.61418 0
65 155.438 6.23891 178.893 -2.33628 1.62217 0
65 155.463 5.32079 179.279 -2.25616 1.59543 0
65 155.463 5.32079 179.279 -2.25616 1.60147 0
65 155.653 6.25009 178.767 -2.33725 1.65318 0
65 155.653 6.25009 178.767 -2.33725 1.66166 0
65 155.653 6.25009 178.767 -2.33725 1.66944 0
65 155.653 6.25009 178.767 -2.33725 1.67731 0
65 155.326 6.10036 178.986 -2.32419 1.66634 0
65 155.474 6.11779 179.451 -2.32571 1.63223 0
65 155.474 6.11779 179.451 -2.32571 1.6376 0
65 155.474 6.11779 179.451 -2.32571 1.64345 0
65 155.474 6.11779 179.451 -2.32571 1.64888 0
65 155.4 6.66962 178.519 -2.37386 1.73655 0
65 155.4 6.66962 178.519 -2.37386 1.7453 0
65 155.4 6.66962 178.519 -2.37386 1.75404 0
65 155.685 6.35288 179.374 -2.34622 1.68735 0
65 155.753 6.31504 180.182 -2.34292 1.62213 0
65 155.753 6.31504 180.182 -2.34292 1.62498 0
65 155.753 6.31504 180.182 -2.34292 1.62802 0
65 155.753 6.31504 180.182 -2.34292 1.63085 0
65 155.343 6.25005 179.37 -2.33725 1.70623 0
65 155.681 6.15431 179.214 -2.32889 1.72618 0
65 155.681 6.15431 179.214 -2.32889 1.73245 0
65 155.681 6.15431 179.214 -2.32889 1.73866 0
65 155.987 5.61168 180.138 -2.28154 1.66138 0
65 155.754 5.66788 180.396 -2.28645 1.64142 0
65 155.754 5.66788 180.396 -2.28645 1.64346 0
65 155.292 6.72936 178.773 -2.28645 1.64552 0
65 155.292 6.72936 178.773 -2.37908 1.79574 0
65 155.611 6.77114 178.059 -2.38272 1.86799 0
65 155.611 6.77114 178.059 -2.38272 1.87838 0
65 155.611 6.77114 178.059 -2.38272 1.88866 0
65 155.944 6.20071 179.562 -2.33294 1.76435 0
65 155.736 5.85127 180.085 -2.30245 1.72234 0
65 155.484 5.4483 179.306 -2.26728 1.79489 0
65 155.484 5.4483 179.306 -2.26728 1.8013 0
65 155.484 5.4483 179.306 -2.26728 1.80725 0
65 155.484 5.4483 179.306 -2.26728 1.81319 0
65 155.847 5.67971 179.807 -2.28748 1.77368 0
65 155.845 5.9028 179.855 -2.30695 1.77391 0
65 155.682 5.73276 179.006 -2.29211 1.85279 0
65 155.682 5.73276 179.006 -2.29211 1.8598 0
65 155.682 5.73276 179.006 -2.29211 1.86736 0
65 155.682 5.73276 179.006 -2.29211 1.8743 0
65 155.682 5.73276 179.006 -2.29211 1.88131 0
65 156.095 5.77449 179.932 -2.29575 1.80506 0
65 156.095 5.77449 179.932 -2.29575 1.80906 0
65 155.945 5.66661 179.331 -2.28633 1.86669 0
65 155.959 6.04168 179.762 -2.31907 1.83469 0
65 155.959 6.04168 179.762 -2.31907 1.83935 0
65 155.959 6.04168 179.762 -2.31907 1.84367 0
65 156.136 5.72034 180.739 -2.29102 1.76068 0
70 156.152 5.53743 181.051 -2.27506 1.73373 0
70 155.992 5.69957 180.273 -2.28921 1.8027 0
70 155.992 5.69957 180.273 -2.28921 1.8052 0
70 156.232 6.15425 180.356 -2.32889 1.80021 0
70 156.3 6.34613 179.456 -2.34563 1.88263 0
70 156.3 6.34613 179.456 -2.34563 1.88846 0
70 156.3 6.34613 179.456 -2.34563 1.89382 0
70 156.137 6.37247 178.767 -2.34793 1.96008 0
70 156.137 6.37247 178.767 -2.34793 1.96794 0
70 156.264 6.77465 179.079 -2.38303 1.94836 0
70 156.264 6.77465 179.079 -2.38303 1.95505 0
70 156.264 6.77465 179.079 -2.38303 1.96233 0
70 156.322 6.69879 179.997 -2.37641 1.88651 0
70 156.322 6.69879 179.997 -2.37641 1.88996 0
70 156.322 6.69879 179.997 -2.37641 1.89371 0
70 156.173 6.67729 179.532 -2.37453 1.93925 0
70 155.874 6.94696 178.786 -2.39807 2.01108 0
70 155.851 7.19782 178.254 -2.41996 2.06698 0
70 155.851 7.19782 178.254 -2.41996 2.07657 0
70 156.258 7.10887 179.149 -2.4122 2.00582 0
70 156.293 6.79246 179.55 -2.38458 1.97641 0
70 156.293 6.79246 179.55 -2.38458 1.98188 0
70 156.293 6.79246 179.55 -2.38458 1.98691 0
70 156.023 6.34607 178.885 -2.34563 2.05086 0
70 155.974 6.90964 178.42 -2.39481 2.0994 0
70 155.974 6.90964 178.42 -2.39481 2.10912 0
70 156.142 7.52381 177.718 -2.44841 2.18085 0
70 156.142 7.52381 177.718 -2.44841 2.19234 0
70 156.484 6.8724 179.087 -2.39156 2.08422 0
70 156.484 6.8724 179.087 -2.39156 2.09095 0
70 156.42 6.88443 179.678 -2.39261 2.04407 0
70 156.201 7.33885 180.257 -2.43226 1.99688 0
70 155.997 7.25997 178.963 -2.42538 2.11473 0
70 155.931 7.02758 177.861 -2.4051 2.21994 0
70 156.237 7.28542 177.193 -2.4276 2.28989 0
70 156.237 7.28542 177.193 -2.4276 2.30441 0
70 156.237 7.28542 177.193 -2.4276 2.31787 0
70 156.604 8.00162 177.671 -2.4901 2.28824 0
70 156.395 7.19442 177.635 -2.41966 2.29149 0
70 156.405 6.68151 177.762 -2.3749 2.28039 0
70 156.405 6.68151 177.762 -2.3749 2.28039 0
70 156.539 7.05986 178.184 -2.40792 2.24351 0
70 156.527 7.6845 178.08 -2.46243 2.25266 0
70 156.527 7.6845 178.08 -2.46243 2.25266 0
70 156.527 7.6845 178.08 -2.46243 2.25266 0
70 156.271 7.30367 177.664 -2.4292 2.28888 0
70 156.271 7.30367 177.664 -2.4292 2.28888 0
70 156.309 7.40995 178.271 -2.43847 2.23597 0
70 156.434 7.92269 178.604 -2.48321 2.20689 0
70 156.434 7.92269 178.604 -2.48321 2.20689 0
70 156.434 7.92269 178.604 -2.48321 2.20689 0
70 156.398 7.39409 177.793 -2.43709 2.27766 0
70 156.364 7.37537 177.322 -2.43545 2.31877 0
70 156.343 7.73239 177.28 -2.46661 2.32244 0
