H_VAL   H_STEP_SIZE 5 0.1
ROLL KP KI KD 0 0 0
PITCH KP KI KD 0 0 0
YAW KP KI KD 0 0 0
5 152.508 1.84759 181.63
-nan -nan -nan -nan
-nan -nan -nan -nan
-nan -nan -nan -nan
-nan -nan -nan -nan
-nan -nan -nan -nan
-nan -nan -nan -nan
-nan -nan -nan -nan
-nan -nan -nan -nan
-nan -nan -nan -nan
-nan -nan -nan -nan
-nan -nan -nan -nan
-nan -nan -nan -nan
-nan -nan -nan -nan
-nan -nan -nan -nan
-nan -nan -nan -nan
-nan -nan -nan -nan
-nan -nan -nan -nan
-nan -nan -nan -nan
-nan -nan -nan -nan
-nan -nan -nan -nan
-nan -nan -nan -nan
-nan -nan -nan -nan
-nan -nan -nan -nan
-nan -nan -nan -nan
-nan -nan -nan -nan
-nan -nan -nan -nan
-nan -nan -nan -nan
-nan -nan -nan -nan
-nan -nan -nan -nan
-nan -nan -nan -nan
-nan -nan -nan -nan
0 180 180 180
0 180 180 180
0 180 180 180
0 180 180 180
0 180 180 180
0 180 180 180
0 180 180 180
0 180 180 180
0 180 180 180
0 180 180 180
0 180 180 180
0 180 180 180
0 180 180 180
0 180 180 180
0 180 180 180
0 180 180 180
0 180 180 180
0 180 180 180
0 180 180 180
0 180 180 180
0 180 180 180
0 180 180 180
0 180 180 180
0 180 180 180
0 180 180 180
0 180 180 180
0 180 180 180
0 180 180 180
0 180 180 180
0 180 180 180
0 180 180 180
0 180 180 180
0 180 180 180
0 180 180 180
0 180 180 180
0 180 180 180
0 180 180 180
0 180 180 180
0 180 180 180
0 180 180 180
0 180 180 180
0 180 180 180
0 180 180 180
0 180 180 180
0 180 180 180
0 180 180 180
0 180 180 180
0 180 180 180
0 180 180 180
0 180 180 180
0 180 180 180
0 180 180 180
0 180 180 180
0 180 180 180
0 180 180 180
0 180 180 180
0 180 180 180
0 180 180 180
0 180 180 180
0 180 180 180
0 180 180 180
0 180 180 180
0 180 180 180
0 180 180 180
0 180 180 180
0 180 180 180
0 180 180 180
0 180 180 180
0 180 180 180
0 180 180 180
0 180 180 180
0 180 180 180
0 180 180 180
0 180 180 180
0 180 180 180
0 180 180 180
0 180 180 180
0 180 180 180
0 180 180 180
0 180 180 180
0 180 180 180
0 180 180 180
0 180 180 180
0 180 180 180
0 180 180 180
0 180 180 180
0 180 180 180
0 180 180 180
0 180 180 180
0 180 180 180
0 180 180 180
0 180 180 180
0 180 180 180
0 180 180 180
0 180 180 180
0 180 180 180
0 180 180 180
0 180 180 180
0 180 180 180
0 180 180 180
0 180 180 180
0 180 180 180
0 180 180 180
0 180 180 180
0 180 180 180
0 180 180 180
0 180 180 180
0 180 180 180
0 180 180 180
0 180 180 180
0 180 180 180
0 180 180 180
0 180 180 180
0 180 180 180
0 180 180 180
0 180 180 180
0 180 180 180
0 180 180 180
0 180 180 180
0 180 180 180
0 180 180 180
0 180 180 180
0 180 180 180
0 180 180 180
0 180 180 180
0 180 180 180
0 180 180 180
0 180 180 180
0 180 180 180
0 180 180 180
0 180 180 180
0 180 180 180
0 180 180 180
0 180 180 180
0 180 180 180
0 180 180 180
0 180 180 180
0 180 180 180
0 180 180 180
0 180 180 180
0 180 180 180
0 180 180 180
0 180 180 180
0 180 180 180
0 180 180 180
0 180 180 180
0 180 180 180
0 180 180 180
0 180 180 180
0 180 180 180
0 180 180 180
0 180 180 180
0 180 180 180
0 180 180 180
0 180 180 180
0 180 180 180
0 180 180 180
0 180 180 180
0 180 180 180
0 180 180 180
0 180 180 180
0 180 180 180
0 180 180 180
5 180 180 180
5 180 180 180
5 180 180 180
5 180 180 180
5 180 180 180
5 180 180 180
5 180 180 180
5 180 180 180
5 180 180 180
5 180 180 180
5 180 180 180
5 180 180 180
5 180 180 180
5 180 180 180
5 180 180 180
5 180 180 180
5 180 180 180
5 180 180 180
5 180 180 180
5 180 180 180
5 180 180 180
5 180 180 180
5 180 180 180
5 180 180 180
5 180 180 180
5 180 180 180
5 180 180 180
5 180 180 180
5 180 180 180
5 180 180 180
5 180 180 180
5 180 180 180
5 180 180 180
5 180 180 180
5 180 180 180
5 180 180 180
5 180 180 180
5 180 180 180
5 180 180 180
5 180 180 180
5 180 180 180
5 180 180 180
5 180 180 180
5 180 180 180
5 180 180 180
5 180 180 180
5 180 180 180
5 180 180 180
5 180 180 180
5 180 180 180
5 180 180 180
5 180 180 180
5 180 180 180
5 180 180 180
5 180 180 180
5 180 180 180
5 180 180 180
5 180 180 180
5 180 180 180
5 180 180 180
5 180 180 180
5 180 180 180
5 180 180 180
5 180 180 180
5 180 180 180
5 180 180 180
5 180 180 180
5 180 180 180
5 180 180 180
5 180 180 180
5 180 180 180
5 180 180 180
5 180 180 180
5 180 180 180
5 180 180 180
5 180 180 180
5 180 180 180
5 180 180 180
5 180 180 180
5 180 180 180
5 180 180 180
5 180 180 180
5 180 180 180
5 180 180 180
5 180 180 180
5 180 180 180
5 180 180 180
5 180 180 180
5 180 180 180
5 180 180 180
