H_VAL   H_STEP_SIZE 70 0.1
ROLL KP KI KD 5 3 12
PITCH KP KI KD 5 3 12
YAW KP KI KD 0 0 0
70 155.56 4.19039 181.259
70 155.56 4.19039 181.259
70 155.56 4.19039 181.259
70 155.56 4.19039 181.259
70 155.56 4.19039 181.259
70 155.56 4.19039 181.259
70 155.56 4.19039 181.259
70 155.56 4.19039 181.259
70 155.56 4.19039 181.259
70 155.56 4.19039 181.259
70 155.56 4.19039 181.259
70 155.562 3.49472 181.225
70 155.562 3.49472 181.225
70 155.562 3.49472 181.225
70 155.562 3.49472 181.225
70 155.562 3.49472 181.225
70 155.562 3.49472 181.225
70 155.562 3.49472 181.225
70 155.562 3.49472 181.225
70 155.563 3.24637 181.288
70 155.563 3.24637 181.288
70 155.563 3.24637 181.288
70 155.563 3.24637 181.288
70 155.563 3.24637 181.288
70 155.555 3.31938 180.953
70 155.555 3.31938 180.953
70 155.563 3.13432 181.264
70 155.563 3.13432 181.264
70 155.564 3.4704 181.337
70 155.564 3.4704 181.337
70 155.564 3.4704 181.337
70 155.549 3.81586 180.826
70 155.549 3.81586 180.826
70 155.681 3.63444 181.133
70 155.681 3.63444 181.133
70 155.565 3.69431 181.385
70 155.565 3.69431 181.385
70 155.565 3.69431 181.385
70 155.565 3.69431 181.385
70 155.565 3.69431 181.385
70 155.565 3.69431 181.385
70 155.57 3.89382 181.546
70 155.57 3.89382 181.546
70 155.57 3.89382 181.546
70 155.57 3.89382 181.546
70 155.57 3.89382 181.546
70 155.57 3.89382 181.546
70 155.54 4.64692 180.772
70 155.54 4.64692 180.772
70 155.526 4.71967 180.437
70 155.549 4.59841 180.996
70 155.549 4.59841 180.996
70 155.562 4.74896 181.38
70 155.535 5.00597 180.733
70 155.535 5.00597 180.733
70 155.616 5.62476 180.042
70 155.616 5.81442 180.786
70 155.649 5.81442 180.786
70 155.576 5.48222 181.302
70 155.458 4.78266 181.273
70 155.553 4.46245 181.084
70 155.553 4.46245 181.084
70 155.759 4.99818 180.252
70 155.759 4.99818 180.252
70 155.891 6.04623 180.822
70 155.891 6.04623 180.822
70 155.788 5.18909 180.995
70 155.783 4.87796 180.811
70 155.757 5.33322 180.324
70 155.757 5.33322 180.324
70 155.776 6.01767 180.94
70 155.71 6.10868 181.665
70 155.71 6.10868 181.665
70 155.71 6.10868 181.665
70 155.224 4.14129 181.495
70 155.291 3.57213 180.313
70 155.291 3.57213 180.313
70 155.671 4.93746 181.064
70 155.671 5.71811 181.233
70 155.866 5.83407 182.417
70 155.866 5.83407 182.417
70 155.578 4.65196 181.828
70 155.427 4.25961 180.928
70 155.427 4.25961 180.928
70 155.615 5.20288 179.834
70 155.615 5.20288 179.834
70 155.777 5.34876 180.796
70 155.777 5.34876 180.796
70 155.352 4.56841 181.701
70 155.352 4.56841 181.701
70 155.506 4.39423 179.78
70 155.724 4.51977 179.213
70 155.953 5.10912 179.681
70 155.953 5.10912 179.681
70 155.953 5.10912 179.681
70 156.152 5.23572 181.922
70 156.191 5.23572 181.922
70 156.018 4.46504 181.065
70 156.018 4.46504 181.065
70 156.018 4.46504 181.065
70 155.729 5.34167 179.741
70 155.729 5.34167 179.741
70 155.635 5.32951 180.329
70 155.366 4.6879 179.498
70 155.366 4.6879 179.498
70 155.427 4.81759 181.05
70 155.427 4.81759 181.05
70 155.487 5.22396 179.727
70 155.487 5.22396 179.727
70 155.93 5.51461 178.948
70 155.93 5.51461 178.948
70 156.101 5.86252 180.068
70 155.97 5.5714 179.778
70 155.732 5.11837 179.693
70 155.732 5.11837 179.693
70 155.732 5.11837 179.693
70 155.68 5.53374 178.846
70 155.968 5.79475 179.826
70 155.968 5.79475 179.826
70 155.594 5.07621 179.338
70 155.531 4.69543 180.549
70 155.531 4.69543 180.549
70 155.37 5.30946 179.398
70 155.37 5.30946 179.398
70 155.502 5.90933 179.874
70 155.304 5.8635 178.466
70 155.304 5.8635 178.466
70 155.513 5.32581 180.335
70 155.513 5.32581 180.335
70 155.626 5.15465 180.057
70 155.626 5.15465 180.057
70 155.426 6.5403 176.962
70 155.36 7.28681 176.305
70 155.356 7.59647 176.489
70 155.356 7.59647 176.489
70 155.126 7.06232 176.268
70 155.376 6.74215 178.183
70 155.387 6.91609 178.455
70 155.339 6.94992 177.76
70 155.339 6.94992 177.76
70 155.362 6.98854 178.12
70 155.262 6.92757 176.35
70 155.35 6.91353 175.872
70 155.537 7.07415 177.189
70 155.537 7.07415 177.189
70 155.557 6.51748 177.068
70 155.555 6.15442 178.751
70 155.555 6.15442 178.751
70 155.152 6.55898 178.038
70 155.176 6.79514 178.558
70 154.941 6.40624 176.604
70 154.941 6.40624 176.604
70 155.135 6.60792 177.815
70 155.135 6.60792 177.815
70 155.196 6.7806 177.027
70 155.549 6.79863 179.008
70 155.572 6.72641 179.343
70 155.401 6.36 178.334
70 155.401 6.36 178.334
70 155.486 6.18076 179.699
70 155.279 6.35755 178.34
70 155.279 6.35755 178.34
70 155.446 6.21469 179.004
70 155.446 6.21469 179.004
70 155.365 6.05972 177.566
70 155.414 5.8027 178.212
70 155.587 5.83465 179.149
70 155.395 5.7639 177.853
70 155.395 5.7639 177.853
70 155.431 5.95303 178.596
70 155.199 6.27188 176.681
70 155.299 6.25354 176.671
70 155.388 6.29707 178.086
70 155.388 6.29707 178.086
70 155.388 6.29707 178.086
70 155.375 6.35105 179.977
70 155.274 6.16259 180.294
70 155.088 5.76079 178.923
70 155.208 5.56503 178.757
70 155.208 5.56503 178.757
70 155.496 6.54614 178.017
70 155.662 6.11486 178.854
70 155.662 6.11486 178.854
70 155.66 5.29501 178.326
70 155.66 5.29501 178.326
70 155.65 6.05144 178.607
70 155.65 6.05144 178.607
70 155.65 6.05144 178.607
70 155.657 6.73858 178.754
70 155.657 6.73858 178.754
70 155.657 6.73858 178.754
70 155.642 5.08226 180.393
70 155.748 4.51128 179.796
70 155.726 4.71941 179.373
70 155.704 5.54928 179.317
70 155.704 5.54928 179.317
70 155.628 6.12329 178.271
70 155.819 5.99827 179.408
70 155.83 6.06198 179.656
70 155.863 6.69804 180.494
70 155.785 7.72845 181.19
70 155.785 7.72845 181.19
70 155.689 9.15994 181.624
70 155.797 10.2612 182.671
70 155.912 11.1772 183.916
70 156.113 11.79 184.854
70 156.492 12.3807 186.111
70 156.626 12.7288 187.346
70 156.753 13.101 188.469
70 156.752 13.4798 189.497
70 156.759 13.943 190.295
70 156.606 14.395 190.892
70 156.606 14.395 190.892
70 156.174 14.7665 191.163
70 155.571 13.3835 188.456
70 155.4 10.6334 183.616
70 155.62 6.74715 178.171
70 156.285 2.67119 174
70 157.1 0.0936268 170.898
70 157.744 359.272 170.627
70 157.818 0.519803 173.798
70 157.461 2.83413 178.111
70 156.758 5.56286 181.493
70 155.723 7.49171 183.96
70 154.435 7.97803 183.811
70 153.492 6.5206 179.886
70 153.589 4.82568 176.538
70 154.161 3.26624 174.515
70 155.004 2.48183 173.623
70 156.122 3.39419 176.735
70 156.672 4.52841 179.647
70 156.5 5.39955 181.122
70 156.052 5.66112 181.551
70 156.052 5.66112 181.551
70 154.776 4.60439 178.915
70 154.211 3.82984 176.173
70 154.086 3.46056 175.738
70 154.815 3.84899 176.983
70 154.815 3.84899 176.983
70 155.593 4.69551 180.529
70 155.996 4.69573 180.529
70 155.824 4.50842 179.207
70 155.439 4.28705 178.117
70 155.029 4.45664 176.876
70 154.879 4.84335 176.263
70 154.879 4.84335 176.263
70 155.165 5.0044 177.579
70 155.327 4.85871 178.246
70 155.327 4.85871 178.246
70 155.327 4.85871 178.246
70 155.449 4.03915 178.18
70 155.537 4.1851 177.505
70 155.788 4.76157 178.09
70 155.788 4.76157 178.09
70 155.788 4.76157 178.09
70 155.726 4.71941 179.373
70 155.726 4.71941 179.373
70 155.32 4.37344 178.257
70 155.32 4.37344 178.257
70 155.466 4.47664 178.861
70 155.523 4.9434 177.787
70 155.7 5.03916 178.973
70 155.7 5.03916 178.973
70 155.559 4.59922 178.298
70 155.336 3.99358 179.463
70 155.379 3.99358 179.463
70 155.354 3.60534 178.558
70 155.337 3.7904 178.247
70 155.567 4.77438 178.57
70 155.515 5.56621 177.687
70 155.515 5.56621 177.687
70 155.593 5.1878 179.362
70 155.464 4.27743 178.701
70 155.464 4.27743 178.701
70 155.626 4.08535 179.592
70 155.686 4.37666 178.246
70 155.79 4.44966 177.906
70 155.703 4.3044 178.581
70 155.703 4.3044 178.581
70 155.409 4.20917 177.397
70 154.976 4.38327 178.272
70 154.976 4.38327 178.272
70 154.58 4.11058 176.931
70 154.855 3.87352 177.928
70 154.855 3.87352 177.928
70 154.822 3.53746 176.328
70 154.923 2.95233 175.724
70 155.044 2.31314 174.877
70 155.258 1.81355 173.355
70 155.407 1.19627 172.403
70 155.321 0.310062 171.617
70 155.242 359.779 170.33
70 155.02 359.409 169.418
70 155.255 359.069 168.165
70 155.891 358.517 167.124
70 155.891 358.517 167.124
70 156.569 357.741 166.52
70 156.882 357.003 165.905
70 156.395 357.192 166.984
70 155.998 358.924 170.156
70 155.691 2.19784 176.372
70 155.814 5.73847 181.699
70 156.122 8.43419 186.247
70 156.375 9.51362 189.154
70 156.375 9.51362 189.154
70 155.566 7.56008 185.279
70 155.271 5.74173 180.084
70 155.472 4.42693 176.385
70 156 4.01601 174.406
70 156 4.01601 174.406
70 157.041 5.5969 177.86
70 157.368 6.37584 182.094
70 157.262 6.44054 184.689
70 156.69 5.91673 185.437
70 155.89 5.46593 183.04
70 155.373 5.50834 179.559
70 155.206 5.87001 176.827
70 155.38 6.26342 176.081
70 155.38 6.26342 176.081
70 155.95 6.35955 177.718
70 156.215 6.00158 179.974
70 156.155 5.18008 181.563
70 155.914 4.72201 181.006
70 155.827 5.44045 179.288
70 155.826 6.46917 177.748
70 155.826 6.46917 177.748
70 155.998 7.17073 177.183
70 156.151 6.01394 178.808
70 155.986 4.96657 180.353
70 156.022 4.32945 181.154
70 156.022 4.32945 181.154
70 156.027 4.75265 181.361
70 155.952 5.64282 179.443
70 155.862 5.95207 177.988
70 155.835 6.13492 177.676
70 155.835 6.13492 177.676
70 155.903 5.92098 178.683
70 156.011 5.29289 180.537
70 156.047 4.63375 181.921
70 156.154 4.03824 181.438
70 156.239 4.7026 180.52
70 156.255 5.46397 178.57
70 156.311 5.98763 177.739
70 156.311 5.98763 177.739
70 156.145 5.83763 179.006
70 156.096 5.12901 180.148
70 155.925 3.79892 181.982
70 155.925 3.79892 181.982
70 156.028 3.13823 181.251
70 156.111 4.29915 180.206
70 156.034 5.788 178.766
70 155.835 6.13492 177.676
70 155.835 6.13492 177.676
70 155.701 5.35014 179.157
70 155.767 4.41497 180.243
70 155.91 3.80671 181.398
70 156.033 4.14618 181.466
70 155.966 4.95002 179.882
70 155.801 5.53609 178.841
70 155.801 5.53609 178.841
70 155.801 5.53609 178.841
70 155.436 5.72991 178.548
70 155.409 5.25037 180.205
70 155.558 4.99638 181.317
70 156.045 5.01414 181.296
70 156.045 5.01414 181.296
70 156.045 5.01414 181.296
70 155.869 5.16126 180.047
70 155.869 5.16126 180.047
70 155.671 5.49527 181.185
70 155.671 5.49527 181.185
70 155.312 5.34749 180.817
70 155.341 5.08891 181.463
70 155.516 4.87977 180.237
70 155.516 4.87977 180.237
70 155.516 4.87977 180.237
70 155.905 4.88182 180.806
70 155.749 4.93452 180.004
70 155.549 5.04483 181.093
70 155.549 5.04483 181.093
70 155.497 4.75354 179.741
70 155.497 4.75354 179.741
70 155.784 4.65432 180.763
70 155.736 4.78311 179.62
70 155.736 4.78311 179.62
70 155.91 4.74597 180.894
70 155.91 4.74597 180.894
70 155.741 4.75906 179.732
70 155.788 4.7421 180.899
70 155.788 4.7421 180.899
70 155.891 4.95368 180.471
70 156.054 4.85447 181.496
70 156.054 4.85447 181.496
70 155.88 4.4451 180.598
70 155.88 4.4451 180.598
70 155.894 5.37683 180.678
70 155.849 5.56812 179.784
70 155.849 5.56812 179.784
70 155.896 4.81785 180.559
70 155.863 4.31727 180.102
70 155.863 4.31727 180.102
70 155.896 4.70595 180.535
70 155.737 4.67129 179.596
70 155.737 4.67129 179.596
70 155.887 4.75388 180.311
70 155.887 4.75388 180.311
70 155.887 4.75388 180.311
70 156.136 5.27468 181.115
70 156.136 5.27468 181.115
70 155.985 5.07816 180.377
70 155.985 5.07816 180.377
70 156.014 4.82397 181.025
70 155.851 4.92159 179.528
70 155.814 5.17706 178.881
70 155.905 6.12029 178.843
70 155.816 6.80299 177.819
70 155.754 7.3477 177
70 155.249 7.83718 175.37
70 154.404 8.20396 173.968
70 154.404 8.20396 173.968
70 153.804 9.40383 172.151
70 153.804 9.40383 172.151
70 154.452 9.85837 171.971
70 154.812 9.60696 172.955
70 155.092 8.77298 175.466
70 155.413 7.15262 178.975
70 155.65 5.59164 180.737
70 155.966 4.63427 182.509
70 155.966 4.63427 182.509
70 155.678 5.9556 179.054
70 155.413 7.05478 176.84
70 155.076 7.65156 175.813
70 154.837 7.14292 175.479
70 154.837 7.14292 175.479
70 155.072 6.32242 178.578
70 155.548 6.04988 180.841
70 155.996 6.32127 180.64
70 156 6.32127 180.64
70 155.617 7.16823 178.379
70 155.101 7.22217 176.069
70 154.797 7.14292 176.54
70 154.864 6.98616 177.678
70 155.227 6.4256 179.179
70 155.798 5.8104 181.363
70 155.798 5.8104 181.363
70 156.121 5.34559 180.779
70 156.092 5.57466 179.773
70 156.092 5.57466 179.773
70 155.628 6.41285 178.099
70 155.628 6.41285 178.099
70 155.569 6.52786 179.183
70 155.569 6.52786 179.183
70 155.569 6.52786 179.183
70 156.14 4.8043 181.132
70 156.14 4.8043 181.132
70 155.986 5.72337 180.161
70 155.986 5.72337 180.161
70 155.672 6.28952 179.126
70 155.889 6.27927 178.643
70 156.257 5.35225 178.547
70 156.63 3.68526 178.07
70 157.245 1.65034 177.061
70 157.508 359.68 175.73
70 157.847 357.587 173.805
70 158.094 356.129 171.546
70 158.313 355.214 169.501
70 158.297 354.583 167.854
70 158.519 353.864 166.55
70 158.913 352.623 165.991
70 159.316 351.11 166.217
70 159.316 351.11 166.217
70 159.316 351.11 166.217
70 159.316 351.11 166.217
70 159.316 351.11 166.217
70 159.305 347.821 168.867
70 159.305 347.821 168.867
70 158.832 349.645 166.815
70 158.09 352.3 166.917
70 157.379 355.227 169.806
70 156.689 0.0490393 175.8
70 156.342 5.54695 182.682
70 156.491 10.5228 188.3
70 156.947 12.9675 191.71
70 156.947 12.9675 191.71
70 156.184 9.28398 188.423
70 155.709 5.88549 181.617
70 155.74 3.08703 175.505
70 156.159 2.05586 172
70 156.159 2.05586 172
70 156.859 4.09998 175.456
70 156.943 5.60468 180.675
70 156.864 6.70419 185.702
70 156.527 7.09867 188.275
70 156.527 7.09867 188.275
70 155.131 6.50506 184.135
70 154.407 6.06187 179.259
70 154.372 6.10499 172.715
70 154.697 6.36706 172.724
70 156.01 6.83686 177.112
70 156.507 6.71503 181.515
70 156.691 6.32249 185.171
70 156.49 5.7255 186.345
70 156.49 5.7255 186.345
70 155.773 5.54706 183.182
70 155.428 6.06451 178.621
70 155.141 6.82141 174.685
70 155.043 7.79715 172.548
70 155.342 8.10984 173.659
70 155.638 7.43334 177.142
70 156.024 6.22629 181.087
70 156.247 4.74357 183.69
70 156.247 4.74357 183.69
70 156.564 3.78709 180.567
70 155.924 6.74101 177.566
70 155.603 8.25956 175.558
70 155.603 8.25956 175.558
70 155.17 8.71482 176.273
70 155.14 7.62152 178.507
70 155.56 5.88988 181.04
70 156.053 4.36265 182.097
70 156.377 3.67534 181.471
70 156.449 4.31845 180.08
70 156.36 5.62439 178.365
70 156.001 6.86036 177
70 156.001 6.86036 177
70 155.41 6.98533 177.059
70 155.261 6.20793 177.955
70 155.465 5.20934 179.255
70 155.871 4.93764 179.999
70 155.871 4.93764 179.999
70 156.055 4.98328 179.181
70 156.018 5.32379 178.2
70 155.715 5.62358 177.338
70 155.715 5.62358 177.338
70 155.401 6.04999 178.149
70 155.208 5.87482 178.942
70 155.208 5.87482 178.942
70 155.208 5.87482 178.942
70 155.636 3.23415 180.229
70 156.123 3.35534 180.24
70 156.348 4.55251 180.132
70 156.186 5.58502 179.654
70 156.186 5.58502 179.654
70 155.784 5.80705 178.665
70 155.404 5.02975 177.927
70 155.299 4.35926 177.785
70 155.595 4.34237 178.945
70 155.874 4.60192 179.927
70 155.874 4.60192 179.927
70 155.88 4.55676 180.622
70 155.88 4.55676 180.622
70 155.755 4.26334 179.86
70 155.755 4.26334 179.86
70 155.725 5.25407 179.605
70 155.695 5.37416 179.046
70 155.746 4.735 179.844
70 155.746 4.735 179.844
70 155.751 4.17544 179.724
70 155.751 4.17544 179.724
70 156.127 4.6518 180.749
70 155.963 4.75048 179.722
70 155.963 4.75048 179.722
70 155.955 4.57463 179.45
70 156.023 4.90186 178.462
70 156.075 5.11199 179.677
70 156.113 4.72286 180.413
70 156.113 4.72286 180.413
70 156.113 3.96327 180.135
70 156.142 3.5492 180.983
70 156.113 3.85124 180.111
70 156.113 3.85124 180.111
70 156.136 4.49257 180.949
70 155.905 4.76993 180.782
70 155.639 4.77141 180.208
70 155.671 4.3787 180.943
70 155.671 4.3787 180.943
70 155.773 4.16696 180.307
70 155.784 4.65432 180.763
70 155.784 4.65432 180.763
70 155.393 5.21187 179.845
70 155.393 5.21187 179.845
70 155.535 5.00597 180.733
70 155.628 4.28496 179.752
70 155.628 4.28496 179.752
70 155.889 4.06206 180.75
70 155.862 4.42898 180.126
70 155.862 4.42898 180.126
70 155.801 4.33422 181.162
70 155.801 4.33422 181.162
70 155.535 3.68927 180.33
70 155.793 3.71023 180.794
70 155.793 3.71023 180.794
70 155.763 4.43905 180.132
70 155.763 4.43905 180.132
70 155.763 4.43905 180.132
70 155.623 3.99761 179.456
70 155.499 3.79615 179.299
70 155.76 4.12725 179.948
70 155.76 4.12725 179.948
70 155.76 4.12725 179.948
70 155.658 4.45122 180.607
70 155.529 4.04924 180.291
70 155.529 4.04924 180.291
70 155.658 4.3394 180.583
70 155.658 4.3394 180.583
70 155.602 4.94043 179.426
70 155.59 4.9887 179.202
70 155.59 4.9887 179.202
70 155.607 4.4935 179.329
70 155.651 4.05209 180.287
70 155.786 3.64635 180.546
70 155.786 3.64635 180.546
70 155.545 4.17572 180.787
70 155.545 4.17572 180.787
70 155.386 4.16827 179.736
70 155.621 4.10955 179.48
70 155.739 4.44753 179.548
70 155.739 4.44753 179.548
70 155.781 4.23076 180.555
70 155.686 4.05817 181.342
70 155.686 4.05817 181.342
70 155.305 4.25597 180.932
70 155.305 4.25597 180.932
70 155.487 4.80202 179.518
70 155.603 4.82875 179.401
70 155.63 4.59624 179.936
70 155.63 4.59624 179.936
70 155.517 4.01028 179.931
70 155.671 3.93109 180.846
70 155.671 3.93109 180.846
70 155.671 3.93109 180.846
70 155.539 5.65217 180.52
70 155.539 5.65217 180.52
70 155.246 5.83952 179.637
70 155.246 5.83952 179.637
70 155.426 4.84185 180.467
70 155.517 4.65654 180.189
70 155.517 4.65654 180.189
70 155.656 5.34461 180.801
70 155.4 5.60961 180.166
70 155.4 5.60961 180.166
70 155.449 5.50181 181.196
