H_VAL   H_STEP_SIZE 60 0.1
ROLL KP KI KD 5 15 15
PITCH KP KI KD 5 15 15
YAW KP KI KD 0 0 0
60 165.666 1.83802 181.038 0.0525027 -0.00611147 0
60 165.666 1.83802 181.038 0.0676945 -0.00789653 0
60 165.666 1.83802 181.038 0.083173 -0.00968159 0
60 165.666 1.83802 181.038 0.0973616 -0.0114667 0
60 165.666 1.83802 181.038 0.112697 -0.0131183 0
60 165.651 1.85343 180.002 0.127642 0.0979123 0
60 165.651 1.85343 180.002 0.142546 0.12516 0
60 165.651 1.85343 180.002 0.157449 0.152408 0
60 165.537 1.93767 180.245 0.163041 0.153638 0
60 165.537 1.93767 180.245 0.174764 0.174259 0
60 165.537 1.93767 180.245 0.187542 0.193543 0
60 165.76 1.91965 180.355 0.201351 0.200833 0
60 165.76 1.91965 180.355 0.214643 0.218511 0
60 165.76 1.91965 180.355 0.226838 0.236028 0
60 165.541 2.0226 180.487 0.229643 0.239033 0
60 165.541 2.0226 180.487 0.239901 0.252951 0
60 165.541 2.0226 180.487 0.250252 0.266742 0
60 165.541 2.0226 180.487 0.259756 0.279511 0
60 165.76 2.14697 180.384 0.257651 0.303369 0
60 165.76 2.14697 180.384 0.264394 0.318844 0
60 165.76 2.14697 180.384 0.271202 0.335712 0
60 165.76 2.14697 180.384 0.277442 0.351187 0
60 165.542 2.36417 180.53 0.262438 0.354227 0
60 165.542 2.36417 180.53 0.262995 0.365862 0
60 165.542 2.36417 180.53 0.263643 0.379475 0
60 165.551 2.42011 180.999 -1.2053 -11.922 -0
60 165.551 2.42011 180.999 0.258274 0.34846 0
60 165.551 2.42011 180.999 0.257294 0.347773 0
60 165.551 2.42011 180.999 0.256378 0.347131 0
60 165.551 2.42011 180.999 0.255389 0.346437 0
60 165.548 2.90415 180.83 0.209073 0.36173 0
60 165.548 2.90415 180.83 0.194271 0.365832 0
60 165.442 2.95762 181.302 0.175526 0.32528 0
60 165.442 2.95762 181.302 0.159349 0.31604 0
60 165.437 2.63111 181.144 0.176389 0.322893 0
60 165.437 2.63111 181.144 0.169893 0.318056 0
60 165.437 2.63111 181.144 0.162948 0.313574 0
60 165.437 2.63111 181.144 0.15554 0.308781 0
60 165.551 3.47252 180.902 0.0558134 0.331354 0
60 165.548 3.82765 180.832 -0.0108943 0.340773 0
60 165.548 3.82765 180.832 -0.052049 0.344857 0
60 165.43 3.48486 180.792 -0.0901831 0.348642 0
60 165.43 3.48486 180.792 -0.0896266 0.35738 0
60 165.43 3.48486 180.792 -0.121287 0.362264 0
60 165.43 3.48486 180.792 -0.150357 0.367101 0
60 165.43 3.48486 180.792 -0.182017 0.372368 0
60 165.646 4.58229 180.346 -0.314615 0.41921 0
60 165.646 4.58229 180.346 -0.372703 0.43584 0
60 165.637 4.49752 180.104 -0.422836 0.476928 0
60 165.637 4.49752 180.104 -0.483659 0.501993 0
60 165.646 4.46891 180.332 -0.536798 0.49935 0
60 165.632 4.62519 180.005 -0.608049 0.548166 0
60 165.632 4.62519 180.005 -0.667857 0.574058 0
60 165.763 4.47092 180.327 -0.715098 0.565969 0
60 165.763 4.47092 180.327 -0.770787 0.583265 0
60 165.546 4.5226 180.805 -2.33434 -11.9469 0
60 165.546 4.5226 180.805 -0.888177 0.562295 0
60 165.404 4.04056 180.055 -0.945246 0.566836 0
60 165.404 4.04056 180.055 -0.950844 0.658732 0
60 165.404 4.04056 180.055 -0.994608 0.68329 0
60 165.404 4.04056 180.055 -1.0388 0.707607 0
60 165.404 4.04056 180.055 -1.08647 0.734091 0
60 165.671 4.26966 180.999 -1.1563 0.653096 0
60 165.441 4.24991 181.121 -1.20449 0.639322 0
60 165.295 4.12302 180.301 -1.24876 0.723161 0
60 165.295 4.12302 180.301 -1.29098 0.740978 0
60 165.295 4.12302 180.301 -1.33738 0.758972 0
60 165.776 4.08779 180.625 -1.38805 0.745079 0
60 165.776 4.08779 180.625 -1.42926 0.754416 0
60 165.67 3.92916 180.956 -1.45798 0.729713 0
60 165.67 3.92916 180.956 -1.50701 0.730264 0
60 165.39 3.75838 179.557 -1.52495 0.883928 0
60 165.39 3.75838 179.557 -1.56161 0.921782 0
60 165.39 3.75838 179.557 -1.60079 0.962233 0
60 165.757 3.70442 180 -1.63214 0.956417 0
60 165.665 3.71633 180.813 -1.66845 0.907661 0
60 165.665 3.71633 180.813 -1.70365 0.912308 0
60 165.665 3.71633 180.813 -1.74197 0.916575 0
60 165.292 3.57067 180.114 -1.7619 0.995831 0
60 165.427 3.49941 180.678 -1.78685 0.965734 0
60 165.427 3.49941 180.678 -1.81922 0.97435 0
60 165.658 3.51774 180.558 -1.8504 0.993542 0
60 165.67 3.34671 180.998 3.1097 -11.8326 -0
60 165.67 3.34671 180.998 -1.89299 0.964595 0
60 165.535 2.74897 180.233 -1.85329 1.04792 0
60 165.535 2.74897 180.233 -1.8629 1.06753 0
60 165.563 2.81738 181.511 -1.87949 0.958731 0
60 165.333 3.26658 181.576 -1.93513 0.937065 0
60 165.333 3.26658 181.576 -1.95842 0.921172 0
60 165.35 3.66192 182.089 -2.02173 0.853487 0
60 165.494 4.10201 182.369 -2.09618 0.794773 0
60 165.494 4.10201 182.369 -2.14561 0.757923 0
60 165.785 4.9896 183.625 -2.29329 0.57681 0
60 166.265 6.27559 185.608 -2.50772 0.283034 0
60 166.38 7.54479 186.683 -2.75495 0.0375729 0
60 166.376 8.97205 187.325 -3.05106 -0.187109 0
60 166.282 10.0322 188.275 -3.34492 -0.462602 0
60 165.75 10.2936 188.71 -3.64959 -0.775181 0
60 165.75 10.2936 188.71 -3.86076 -0.981737 0
60 165.25 8.71386 186.224 -3.90596 -0.924643 0
60 165.13 5.55413 181.766 -3.73552 -0.585929 0
60 165.374 1.50443 177.306 -3.37615 -0.117786 0
60 165.972 357.863 173.85 -2.95384 0.373554 0
60 166.613 355.513 171.852 -2.56131 0.786846 0
60 166.972 355.356 171.969 -2.36024 1.01736 0
60 166.8 357.115 174.939 -2.37299 0.919408 0
60 166.491 2.80229 181.716 -83.3433 -86.3311 0
60 166.148 4.58046 184.249 -54.7029 -73.5533 0
60 165.713 4.65375 185.323 -3.03603 0.0526281 0
60 165.713 4.65375 185.323 -3.10359 -0.158334 0
60 165.139 3.36351 182.633 -3.02465 0.0171182 0
60 165.051 1.84056 179.201 -2.8808 0.355859 0
60 165.167 0.286252 176.918 -2.6933 0.64366 0
60 165.551 359.069 175.492 -2.49895 0.917651 0
60 166.019 359.077 175.27 -2.41135 1.08882 0
60 166.218 0.234438 178.067 -2.44917 0.935611 0
60 166.351 1.75626 180.787 -2.5584 0.715425 0
60 166.171 3.18869 182.347 -2.69848 0.546304 0
60 165.838 3.70408 182.77 -2.77827 0.463388 0
60 165.32 2.62897 181.147 -2.70981 0.571925 0
60 164.935 1.51474 179.044 -2.60653 0.774474 0
60 165.053 0.610003 178 -2.49232 0.93295 0
60 165.053 0.610003 178 -2.44537 1.0116 0
60 165.416 0.558052 179.263 -2.39216 0.950058 0
60 165.876 1.3519 180.283 -2.43003 0.885999 0
60 166.128 2.02553 181.4 -2.47254 0.784315 0
60 166.136 2.06993 181.983 -2.46761 0.711596 0
60 165.761 1.45062 180.412 -2.3997 0.836144 0
60 165.415 0.984639 179.549 -2.32663 0.937419 0
60 165.415 0.984639 179.549 -2.28629 0.978489 0
60 165.303 1.25276 180.161 -2.27761 0.95091 0
60 165.541 1.9087 180.473 -2.31199 0.942048 0
60 165.794 1.98217 181.747 -2.30622 0.832744 0
60 165.794 1.98217 181.747 -2.29471 0.81072 0
60 165.794 1.98217 181.747 -2.28405 0.790314 0
60 165.758 1.82018 180.227 -2.25467 0.943041 0
60 165.754 1.73491 179.986 -2.23044 0.988639 0
60 165.754 1.73491 179.986 -2.21034 1.01919 0
60 165.867 1.87749 179.771 -2.20876 1.06888 0
60 166.005 1.82381 181.147 -2.18849 0.958947 0
60 165.895 1.75148 181.718 -2.16588 0.895403 0
60 165.768 1.73491 180.909 -1.66562 27.3964 0
60 165.768 1.73491 180.909 -2.13026 0.949726 0
60 165.768 1.73491 180.909 -2.11152 0.951607 0
60 165.77 2.07594 180.952 -2.1323 0.948592 0
60 165.77 2.07594 180.952 -2.12274 0.949292 0
60 165.77 2.07594 180.952 -2.11447 0.949898 0
60 165.776 1.36533 182.018 -2.02914 0.836034 0
60 165.769 0.896079 182.075 -1.95344 0.80077 0
60 165.878 0.0457062 183.352 22.8956 -36.4754 -0
60 165.712 359.172 184.747 23.7183 -40.1105 0
60 165.756 358.073 186.11 30.2697 -39.6049 -0
60 165.756 358.073 186.11 -1.39114 0.0976606 0
60 164.907 354.972 189.875 37.2545 -49.1532 0
60 164.907 354.972 189.875 -0.738612 -0.686758 0
60 164.887 355.886 187.319 -0.613219 -0.69359 0
60 165.373 358.779 183.193 -0.729819 -0.4484 0
60 165.745 2.45943 179.73 -1.00387 -0.158868 0
60 166.123 6.12411 176.355 -1.37475 0.216913 0
60 166.159 8.33835 173.491 -1.68908 0.61765 0
60 166.159 8.33835 173.491 -1.84649 0.815535 0
60 166.596 5.95982 176.542 -1.77671 0.733659 0
60 166.784 3.74479 179.626 -1.65713 0.540472 0
60 166.942 1.81589 182.284 -1.50354 0.314614 0
60 167.18 1.06127 183.921 -1.41382 0.11834 0
60 167.18 1.06127 183.921 -1.37604 0.034261 0
60 166.822 3.03008 180.811 -1.53465 0.262054 0
60 166.351 4.52574 177.885 -1.69922 0.554644 0
60 166.016 5.68531 176.192 -1.87994 0.81883 0
60 165.852 5.9833 175.656 -1.999 1.0006 0
60 165.852 5.9833 175.656 -2.09413 1.14124 0
60 166.362 3.91821 181.046 -2.07599 1.00816 -0
60 166.63 2.78454 182.864 31.0507 -52.3096 -0
60 166.63 2.78454 182.864 -1.93683 0.532987 0
60 166.846 2.00678 182.652 -1.86577 0.504849 0
60 166.813 2.41316 181.087 -1.89655 0.617554 0
60 166.66 3.32856 179.235 -1.99162 0.804921 0
60 166.66 3.32856 179.235 -2.01655 0.850913 0
60 166.269 4.6991 178.488 -2.17964 0.972608 0
60 166.315 3.96811 179.668 -2.16982 0.923075 0
60 166.473 2.78323 180.906 -2.09534 0.835946 0
60 166.473 2.78323 180.906 -2.10586 0.837752 0
60 166.714 1.89531 181.604 -2.02306 0.764686 0
60 166.714 1.89531 181.604 -2.00894 0.748058 0
60 166.43 3.75547 179.523 -2.1751 0.931702 0
60 166.43 3.75547 179.523 -2.21132 0.970081 0
60 166.43 3.75547 179.523 -2.25078 1.01188 0
60 166.397 4.07727 178.755 -2.31907 1.12618 0
60 166.397 4.07727 178.755 -2.36424 1.18547 0
60 166.482 2.61517 181.348 -2.25623 0.971512 0
60 166.378 1.99336 182.661 -2.19562 0.820833 0
60 166.378 1.99336 182.661 -2.18525 0.77625 0
60 166.255 2.31415 181.894 -2.20924 0.809664 0
60 166.255 2.31415 181.894 -2.20719 0.78709 0
60 165.994 4.69607 177.574 -2.38229 58.5378 0
60 165.994 4.69607 177.574 -2.52176 1.30118 0
60 165.889 4.88177 177.947 -8.00188 -9.49977 0
60 165.642 5.0676 177.519 -2.66612 1.43861 0
60 165.642 5.0676 177.519 -2.75957 1.57549 0
60 165.642 5.0676 177.519 -2.8312 1.66778 0
60 165.51 7.25221 174.903 -3.12778 2.02937 0
60 165.691 8.35226 173.521 -3.37101 2.35143 0
60 165.691 8.35226 173.521 -3.54285 2.54852 0
60 166.228 9.39439 172.449 -3.80704 2.8554 0
60 166.228 9.39439 172.449 -3.99237 3.10092 0
60 166.888 6.28144 177.72 -3.84778 2.73889 0
60 167.098 3.18108 182.549 -3.60577 2.28641 0
60 166.915 0.293328 186.491 -3.30471 1.80339 0
60 166.506 357.508 190.492 -3.03792 -21.0926 0
60 166.085 357.9 190.492 -2.86356 0.958512 0
60 165.69 359.34 187.08 -2.90794 1.09325 0
60 165.038 4.37976 176.644 -3.10387 1.56619 0
60 165.064 5.92535 173.835 -3.384 84.3409 -0
60 165.064 5.92535 173.835 -3.62174 2.55692 0
60 165.064 5.92535 173.835 -3.71534 2.74569 0
60 165.963 4.6657 176.878 -3.67455 2.61061 0
60 166.465 2.71 180.552 -3.52663 2.3262 0
60 166.705 0.802355 184.014 -3.32238 1.95102 0
60 166.862 359.343 185.693 -3.11947 1.68477 0
60 166.991 359.325 184.881 -3.03628 1.64793 0
60 167.036 0.525787 182.481 -3.08166 1.80291 0
60 166.792 2.5317 180.062 -3.25642 2.03328 0
60 166.792 2.5317 180.062 -3.25998 2.05764 0
60 165.981 5.68871 177.926 -3.60964 2.31385 0
60 165.835 4.82651 179.329 -3.60725 2.24787 0
60 165.835 4.82651 179.329 -3.66733 2.28838 0
60 166.348 0.511115 182.483 -3.32606 2.03517 0
60 166.348 0.511115 182.483 -3.27551 1.99409 0
60 166.54 359.327 183.727 -3.10554 1.82834 0
60 166.54 359.327 183.727 -3.02467 1.75557 0
60 166.582 0.570306 182.027 -3.08468 1.87558 0
60 166.582 0.570306 182.027 -3.03241 1.84556 0
60 166.582 0.570306 182.027 -2.98394 1.81747 0
60 166.343 3.07715 180.368 -3.1713 1.94541 0
60 166.366 1.98702 181.737 -3.08883 1.83409 0
60 166.366 1.98877 181.737 -3.07823 1.81374 0
60 166.366 1.98877 181.737 -3.06764 1.79338 0
60 166.429 359.365 183.385 -2.78681 1.59764 0
60 166.429 359.365 183.385 -2.69981 1.5339 0
60 166.339 0.14152 182.67 -2.70587 1.54935 0
60 166.352 1.87023 180.8 -2.81206 1.68394 0
60 166.352 1.87023 180.8 -2.79722 1.68897 0
60 166.351 2.58099 180.655 -2.85517 1.70831 0
60 166.478 1.79031 181.48 -2.7829 1.63617 0
60 166.477 1.05719 182.778 -2.6965 1.4979 0
60 166.235 0.726376 183.55 -2.62991 1.37731 0
60 166.235 0.726376 183.55 -2.58213 1.30315 0
60 166.009 1.22849 182.228 -2.59282 1.37912 0
60 165.998 2.00757 180.593 -2.64908 1.52822 0
60 166.323 2.83136 179.532 -26.6759 32.5007 -0
60 166.323 2.83136 179.532 -2.72578 1.67546 0
60 166.323 2.83136 179.532 -2.73757 1.71362 0
60 166.596 1.51041 181.907 -2.61069 1.50262 0
60 166.352 0.711882 182.738 -2.50886 1.39601 0
60 166.116 0.68926 181.93 -1.80016 24.9269 0
60 166.116 0.68926 181.93 -2.41334 1.39194 0
60 166 1.51036 180.878 -2.45969 1.48387 0
60 165.973 2.71602 179.526 -2.5662 1.63438 0
60 166.329 3.58648 179.968 -2.57505 -11.2301 -0
60 166.329 3.58648 179.968 -2.68308 1.66032 0
60 166.476 2.7697 181.02 -2.62216 1.56719 0
60 166.469 0.796317 182.055 -2.42679 1.45718 0
60 166.567 359.831 182.401 -2.28499 1.38929 0
60 166.567 359.831 182.401 -2.21143 1.35157 0
60 166.465 1.89882 180.571 -2.35113 1.49775 0
60 166.559 3.60236 179.847 -2.4947 1.5752 0
60 166.559 3.60236 179.847 -2.52687 1.60531 0
60 166.671 3.73055 179.743 -2.57433 1.64726 0
60 166.472 1.60293 181.112 -2.4103 1.5514 0
60 166.472 1.60293 181.112 -2.3892 1.54769 0
60 166.333 359.986 182.998 -2.19528 1.33775 0
60 166.344 0.429016 183.166 -2.16809 1.26087 0
60 166.344 0.429016 183.166 -2.11584 1.20235 0
60 166.344 0.429016 183.166 -2.0595 1.13924 0
60 166.566 3.46179 180.061 -2.3394 1.42294 0
60 166.635 4.06436 178.86 -2.43809 1.58167 0
60 166.635 4.06436 178.86 -2.48249 1.63757 0
60 166.917 2.83473 180.44 -2.40372 1.5352 0
60 166.935 1.76736 181.702 -2.3139 1.42911 0
60 167.056 1.5779 182.37 -2.27991 1.34824 0
60 167.056 1.5779 182.37 -2.25856 1.31135 0
60 167.038 2.58263 180.639 -2.33809 1.44832 0
60 167.105 2.91627 178.715 -2.37646 1.64433 0
60 167.542 1.88319 176.517 -2.29318 1.91197 0
60 168.062 359.853 174.801 -2.0829 2.20587 0
60 168.673 356.796 173.921 -1.71411 2.47304 0
60 169.317 353.703 173.3 -1.24194 2.72304 0
60 169.687 351.606 173.016 -0.799126 2.95651 0
60 169.783 350.603 172.468 -0.412668 3.24073 0
60 169.615 350.846 171.314 -0.0967845 3.57885 0
60 169.615 350.846 171.314 0.205307 3.8343 0
60 168.716 353.804 171.313 0.259369 4.11012 0
60 167.911 357.858 175.163 0.104907 4.00336 0
60 167.27 3.16773 180.584 -0.27488 3.6472 0
60 167.098 8.3214 186.371 -0.793228 3.10191 0
60 167.238 11.5209 191.377 -1.25943 2.47638 0
60 167.139 11.7147 193.973 -1.52242 1.94352 0
60 166.295 9.19468 192.58 -1.5292 1.72734 0
60 165.284 5.91415 187.239 -1.40386 1.9194 0
60 164.861 2.77205 180.945 -1.18858 2.37216 0
60 165.151 0.778818 175.828 -1.00252 2.8771 0
60 165.816 0.452553 172.663 -0.922732 3.3526 0
60 166.687 1.39765 173.008 -0.966221 3.53768 0
60 167.272 2.9276 176.52 -1.09393 3.39819 0
60 167.647 4.3503 181.393 -1.25155 3.02684 0
60 167.747 5.21571 186.328 -1.39184 2.50652 0
60 167.429 5.28043 189.932 -1.48014 1.98486 0
60 166.573 4.86767 189.82 -1.51495 1.75719 0
60 165.63 4.54289 186.235 -1.54725 1.89158 0
60 165.112 4.45129 181.39 -1.59543 2.25 0
60 165.073 4.60192 177.597 -1.66642 2.63749 0
60 165.678 4.72452 175.625 -1.73849 2.95048 0
60 165.678 4.72452 175.625 -1.80585 3.08892 0
60 167.609 4.46153 180.369 -1.8424 2.76439 0
60 167.726 4.0008 183.656 -1.85039 2.44211 0
60 167.431 3.46129 186.376 -1.83798 2.09038 0
60 166.734 3.12869 186.939 -1.83391 1.89065 0
60 165.987 3.52468 184.245 -1.89276 1.97081 0
60 165.671 4.15618 180.984 -1.98306 2.19021 0
60 165.683 4.81132 178.524 -2.09197 2.42139 0
60 166.093 4.94997 177.369 -2.1698 2.59545 0
60 166.093 4.94997 177.369 -2.24365 2.69928 0
60 167.132 4.64533 179.831 -2.28076 2.54204 0
60 167.432 4.16818 181.959 -2.29197 2.35352 0
60 167.367 3.77067 183.529 -2.29781 2.16221 0
60 167.367 3.77067 183.529 -2.33806 2.08798 0
60 166.611 3.62862 181.579 -2.36103 2.20795 0
60 166.331 4.02716 180.136 -2.43256 2.33059 0
60 166.331 4.02716 180.136 -2.47983 2.35474 0
60 166.331 4.02716 180.136 -2.52324 2.37713 0
60 166.834 4.14213 181.17 -2.56708 2.3993 0
60 167.102 3.53608 182.474 -2.62448 2.30385 -0
60 167.102 3.53608 182.474 -2.60473 2.14683 0
60 167.182 2.54388 182.015 -2.53121 2.15501 0
60 167.169 2.50706 181.319 -2.53181 2.19579 0
60 167.037 3.0507 180.577 -2.58773 2.25734 0
60 167.037 3.0507 180.577 -2.60536 2.26785 0
60 167.037 3.0507 180.577 -2.62452 2.2793 0
60 167.061 2.93421 181.602 -2.6316 2.19597 0
60 166.967 2.2385 182.676 -2.58095 2.07803 0
60 166.839 1.65101 182.726 14.5654 0.559576 0
60 166.839 1.65101 182.726 -2.50464 1.97824 0
60 166.839 1.65101 182.726 -2.48503 1.93148 0
60 166.822 2.23351 181.642 -2.5254 1.99471 0
60 166.925 2.79557 180.782 -2.57875 2.06546 0
60 167.061 2.93421 181.602 -6.63498 -24.8287 -0
60 167.061 2.93421 181.602 -2.61678 1.98062 0
60 167.061 2.93421 181.602 -2.63273 1.96241 0
60 167.061 2.93421 181.602 -2.64724 1.94583 0
60 166.688 0.197118 183.251 -2.39223 1.76657 0
60 166.452 0.0165276 182.77 -2.31642 1.7516 0
60 166.452 0.0165276 182.77 -2.25751 1.70366 0
60 166.497 2.11072 182.672 -2.40551 1.66935 0
60 166.626 3.19333 182.335 -2.50732 1.65755 0
60 166.952 2.9664 181.376 -2.52699 1.62442 -0
60 166.952 2.9664 181.376 -2.52391 1.6966 0
60 167.044 1.72055 181.118 -2.40037 1.71472 0
60 167.04 1.13765 181.167 -2.31741 1.70542 0
60 167.04 1.13765 181.167 -2.28147 1.69989 0
60 167.052 2.5049 181.322 -2.38286 1.67946 0
60 167.055 2.84633 181.361 -2.41736 1.66662 0
60 167.055 2.84633 181.361 -2.42967 1.6555 0
60 166.924 2.56805 180.756 -2.41127 1.71423 0
60 166.924 2.56805 180.756 -2.4161 1.72002 0
60 166.712 2.03611 181.389 -2.36634 1.66066 0
60 166.935 1.34713 182.346 -2.28993 1.55677 0
60 167.248 359.997 184.151 37.1267 -51.1582 -0
60 167.248 359.997 184.151 -2.07807 1.27438 0
60 167.505 358.409 186.051 -1.83704 0.965571 0
60 168.073 355.781 188.209 -1.46807 0.621857 0
60 168.073 355.781 188.209 -1.29344 0.43056 0
60 167.848 354.275 190.13 -0.965572 0.0401517 0
60 167.848 354.275 190.13 -0.729894 -0.225883 0
60 167.804 353.61 189.829 -0.452328 -0.442773 0
60 167.804 353.61 189.829 -0.215703 -0.681527 0
60 167.715 354.329 188.51 -0.0596867 -0.772334 0
60 167.533 358.181 183.951 -0.257267 -0.484622 0
60 167.003 2.42248 179.007 -0.599591 -0.02967 0
60 167.003 2.42248 179.007 -0.60057 0.0223546 0
60 167.003 2.42248 179.007 -0.60154 0.0738641 0
60 167.003 2.42248 179.007 -0.602616 0.13104 0
60 167.003 2.42248 179.007 -0.603595 0.183064 0
60 165.947 5.54523 177.216 -0.926147 0.420051 0
60 166.72 2.59304 181.57 -0.713142 0.0799856 0
60 167.383 0.344773 185.223 -0.486637 -0.31326 0
60 167.756 359.203 187.41 -0.311344 -0.658086 0
60 167.845 0.43892 184.54 -0.332542 -0.581118 0
60 167.614 2.74136 180.297 -0.491829 -0.288121 0
60 167.05 5.40715 176.111 -0.746622 0.115213 0
60 166.466 7.26007 173.578 -1.00358 0.487553 0
60 166.312 7.41696 173.256 -1.15868 0.730813 0
60 166.541 6.62522 175.93 -1.23041 0.703521 0
60 166.876 5.0353 179.425 -1.19406 0.509471 0
60 167.312 2.96414 182.405 -1.06998 0.270508 0
60 167.655 1.59716 184.437 -0.958283 0.0474706 0
60 167.655 1.59716 184.437 -0.935581 -0.0522466 0
60 167.765 2.30517 182.205 -0.988663 0.0883248 0
60 167.584 3.75204 179.486 -1.14213 0.345062 0
60 167.242 5.15294 177.346 -1.32581 0.609687 0
60 166.933 5.76692 176.159 -1.47074 0.839858 0
60 166.933 5.76692 176.159 -1.56016 0.967205 0
60 167.012 3.87348 179.518 -1.46344 0.761242 0
60 167.179 2.44283 181.889 -1.35586 0.556026 0
60 167.293 1.50716 183.05 -1.25908 0.409627 0
60 167.533 2.02098 182.64 -16.2281 12.2989 0
60 167.533 2.02098 180.03 -43.3286 76.5068 -0
60 167.39 4.54557 177.62 -33.0336 70.9275 0
60 167.39 4.54557 177.62 -1.58755 0.910843 0
60 167.334 5.20195 176.885 -1.7193 1.08303 0
60 167.179 4.49637 178.083 -1.72849 1.07854 0
60 167.264 3.07935 180.343 -1.64525 0.934551 0
60 167.521 2.00708 181.717 -1.55734 0.813055 0
60 167.521 2.00708 181.717 -1.54724 0.793239 0
60 167.747 1.82026 181.346 -1.51623 0.814859 0
60 167.747 1.82026 181.346 -1.49996 0.804155 0
60 167.667 4.39523 178.861 -1.76148 1.06128 0
60 167.667 4.39523 178.861 -1.81462 1.11718 0
60 167.567 4.6863 179.357 -1.9062 1.12203 0
60 167.497 3.7652 180.412 -1.86423 1.04719 0
60 167.413 2.68881 181.795 -1.79539 0.926001 0
60 167.537 2.89444 182.045 -1.82283 0.880603 0
60 167.391 3.38443 180.72 -1.88269 0.971386 0
60 167.483 3.70137 179.945 -11.1572 23.5915 -0
60 167.483 3.70137 179.945 -1.97265 1.0751 0
60 167.59 3.39806 179.562 -1.97656 1.1453 0
60 167.59 3.39806 179.562 -2.00572 1.18264 0
60 167.497 3.30988 180.362 -2.02291 1.13108 0
60 167.29 3.43277 181.305 -2.06133 1.04413 0
60 167.29 3.43277 181.305 -2.09149 1.03463 0
60 167.148 3.07798 180.347 -2.08451 1.12022 0
60 167.369 2.90339 179.86 -2.08694 1.18175 0
60 167.369 2.90339 179.86 -2.10186 1.21385 0
60 167.497 3.30988 180.362 -13.9765 -13.4115 -0
60 167.497 3.30988 180.362 -2.17874 1.21625 0
60 167.517 3.46262 181.07 -2.22051 1.15358 0
60 167.514 2.89306 181.008 -2.19331 1.1572 0
60 167.514 2.89306 181.008 -2.20686 1.15633 0
60 167.514 2.89306 181.008 -2.21922 1.15553 0
60 167.411 2.70143 181.681 -2.2116 1.07644 0
60 167.411 2.70143 181.681 -2.21996 1.05777 0
60 167.298 2.6734 181.911 -2.22534 1.01294 0
60 167.64 2.6049 181.549 -2.2268 1.02102 0
60 167.64 2.6049 181.549 -2.23266 1.00569 0
60 167.64 2.6049 181.549 -2.23898 0.989159 0
60 167.64 2.6049 181.549 -2.24478 0.973978 0
60 167.394 2.67585 180.872 -4.32091 20.7239 0
60 167.394 2.67585 180.872 -2.26468 1.02233 0
60 167.394 2.67585 180.872 -2.27304 1.02506 0
60 167.394 2.67585 180.872 -2.2808 1.02782 0
60 167.736 2.94612 180.546 -2.31638 1.06406 0
60 167.736 2.94612 180.546 -2.33253 1.07639 0
60 167.736 2.94612 180.546 -2.34735 1.08772 0
60 167.736 2.94612 180.546 -2.36218 1.10006 0
60 167.514 2.53853 181.084 -2.3365 1.05615 0
60 167.514 2.53853 181.084 -2.34059 1.05323 0
60 167.514 2.53853 181.084 -2.34464 1.05035 0
60 167.514 2.53853 181.084 -2.34908 1.04718 0
60 167.629 2.07153 181.146 -2.30508 1.03792 0
60 167.629 2.07153 181.146 -2.29678 1.0334 0
60 167.629 2.07153 181.146 -2.28774 1.02848 0
60 167.627 2.79338 180.878 -2.35531 1.05202 0
60 167.627 2.79338 180.878 -2.36609 1.05457 0
60 167.731 2.20566 180.929 -2.31908 1.05218 0
60 167.731 2.20566 180.929 -2.3139 1.05351 0
60 168.246 6.72894 190.043 -2.72396 0.218765 0
60 168.218 8.50089 194.644 -3.00247 -0.445329 0
60 167.764 9.50971 193.182 -3.26228 -0.676435 0
60 167.819 7.02949 190.219 -3.232 -0.748612 0
60 168.023 3.97063 186.182 -3.06227 -0.608574 0
60 168.298 0.401354 179.466 -2.75335 -0.0872863 0
60 168.734 358.43 171.325 -2.50559 0.755428 0
60 168.918 357.852 167.564 -2.34289 1.38468 0
60 168.928 358.93 170.8 -2.32572 1.45463 0
60 168.727 0.38197 174.971 -2.36841 1.31542 0
60 168.516 2.03514 179.284 -2.48168 1.04179 0
60 168.302 3.03737 185.266 -2.57317 0.484983 0
60 167.964 3.48585 189.714 -2.63599 -0.0977063 0
60 167.241 3.11059 189.462 -2.62933 -0.307459 0
60 166.676 2.79174 184.823 -2.61519 -0.0467004 0
60 166.544 2.67176 178.931 -2.61351 0.470187 0
60 167.03 2.70232 175.579 -2.62451 0.885392 0
60 167.653 2.88902 173.624 -2.65316 1.24135 0
60 168.224 3.09089 173.637 -2.68853 1.43435 0
60 168.543 2.99302 176.614 -2.69685 1.3145 0
60 168.422 2.604 180.494 -2.67077 0.996746 0
60 168.007 2.10009 183.099 -2.61915 0.712689 0
60 167.425 1.72666 184.226 -2.56991 0.530199 0
60 167.06 2.07257 182.08 -12.6454 0.985268 0
60 167.239 2.73844 179.268 -2.63686 0.868082 0
60 167.514 3.41802 177.261 -2.71022 1.10251 0
60 167.514 3.41802 177.261 -2.73752 1.20072 0
60 167.942 4.14323 176.864 -2.84693 1.35207 0
60 168.007 3.65806 178.195 -2.84939 1.34631 0
60 167.838 2.78027 179.95 -2.8038 1.25545 0
60 167.838 2.78027 179.95 -2.81424 1.28254 0
60 167.507 1.75235 180.883 -2.70856 1.20604 0
60 167.513 1.57553 181.439 -2.67386 1.15238 0
60 167.72 2.67762 179.827 -34.8094 48.1856 -0
60 167.72 2.67762 179.307 -2.7586 1.31513 -0
60 167.913 3.48442 178.756 -2.86065 1.4725 0
60 168.021 3.50816 178.525 -2.89244 1.55554 0
60 168.021 3.50816 178.525 -2.92242 1.62096 0
60 167.951 2.73672 180.289 -2.87531 1.51033 0
60 167.75 2.4036 181.294 -2.85116 1.42751 0
60 167.631 2.05911 181.259 -2.82005 1.42216 0
60 167.631 2.05911 181.259 -2.81142 1.41464 0
60 167.619 2.4884 180.5 -2.84142 1.47622 0
60 167.844 2.7559 180.178 -10.6493 10.888 -0
60 167.844 2.7559 180.178 -2.87794 1.53885 0
60 167.85 2.66273 180.975 -2.87894 1.48367 0
60 167.85 2.66273 180.975 -2.88693 1.48367 0
60 167.85 2.66273 180.975 -2.89426 1.48366 0
60 167.849 1.95514 181.13 -2.82572 1.46701 0
60 167.849 1.95514 181.13 -2.81333 1.46254 0
60 167.849 1.95514 181.13 -2.80094 1.45807 0
60 167.849 1.95514 181.13 -2.78956 1.4536 0
60 167.849 1.95514 181.13 -2.77717 1.4495 0
60 167.849 1.95514 181.13 -2.76478 1.44503 0
60 167.73 2.74254 180.294 -2.83767 1.53044 0
60 167.853 2.17084 181.268 -2.79222 1.45495 0
60 167.755 1.7464 182.029 -2.74517 1.37321 0
60 167.755 1.7464 182.029 -2.72811 1.34504 0
60 167.757 1.72178 182.257 -2.70857 1.29242 0
60 167.743 2.56695 180.851 -24.8915 38.197 0
60 167.946 2.87461 180.073 -11.0795 21.8229 -0
60 167.946 2.87461 180.073 -2.81119 1.47939 0
60 167.946 2.87461 180.073 -2.82541 1.50559 0
60 167.946 2.87461 180.073 -2.83834 1.52944 0
60 168.091 2.13894 181.605 -2.7725 1.38914 0
60 167.878 2.07964 182.178 -2.75895 1.30931 0
60 167.878 2.07964 182.178 -2.75014 1.27466 0
60 167.625 2.91982 180.777 -2.81861 1.3685 0
60 167.625 2.91982 180.777 -2.83288 1.37378 0
60 167.963 3.31556 180.349 -2.88355 1.41843 0
60 167.789 4.38336 178.97 -34.0668 41.6684 0
60 166.893 8.0783 174.438 -3.05939 1.61356 0
60 166.93 8.15239 174.458 -3.55571 2.19677 0
60 166.442 10.2924 174.272 -3.9396 2.39072 0
60 166.442 10.2924 174.272 -4.14867 2.56795 0
60 166.339 5.13488 177.728 -3.80073 2.37607 0
60 166.934 1.19393 182.674 -3.43397 1.90945 -0
60 167.712 356.498 189.896 40.9316 -68.4512 -0
60 167.712 356.498 189.896 -2.73758 0.826955 0
60 168.184 358.463 186.983 -2.76835 0.887868 0
60 168.203 1.09818 182.762 -2.93124 1.15674 0
60 168.018 3.95232 178.686 -3.20273 1.54581 0
60 167.548 6.10474 175.012 -3.4757 2.0032 0
60 167.298 6.6533 173.35 -3.63487 2.34102 0
60 167.664 5.23416 176.529 -3.61498 2.24184 0
60 168.061 3.3309 180.118 -3.4998 1.99949 0
60 168.333 1.64881 183.048 -3.35535 1.7268 0
60 168.537 0.386205 185.334 -3.20864 1.44144 0
60 168.537 0.386205 185.334 -3.15107 1.31591 0
60 168.792 1.27476 183.463 -3.19075 1.39546 0
60 168.652 2.9603 180.409 -3.33848 1.65053 0
60 168.456 4.78455 178.41 -3.54168 1.87699 0
60 168.456 4.78455 178.41 -3.61077 1.94481 0
60 168.135 4.61208 178.981 -3.65861 1.95958 0
60 168.206 3.2259 181.14 -3.58766 1.81027 0
60 168.33 1.54635 182.922 -3.45233 1.63361 0
60 168.33 1.54635 182.922 -3.42816 1.58212 0
60 168.418 0.372203 183.146 -3.27716 1.50554 0
60 168.437 2.04317 181.473 -51.9796 50.2755 0
60 168.437 2.04317 181.473 -3.3633 1.58318 0
60 168.381 3.87072 179.357 -3.55503 1.80269 0
60 168.354 4.38336 178.833 -3.648 1.90034 0
60 168.354 4.38336 178.833 -3.70502 1.96144 0
60 168.187 2.84113 180.409 -3.58958 1.84622 0
60 168.202 1.13367 182.42 -3.44145 1.67249 0
60 168.311 0.711691 183.182 -3.40835 1.63426 0
60 168.311 0.711691 183.182 -3.32596 1.50307 0
60 168.55 1.43954 181.755 -3.35768 1.59882 0
60 168.661 2.10423 180.899 -3.40522 1.67194 0
60 168.652 2.84619 180.398 -3.46684 1.72114 0
60 168.538 2.49115 180.48 -3.47902 1.7364 0
60 168.538 2.49115 180.48 -3.45089 1.74256 0
60 168.442 1.88259 181.917 -3.38563 1.59275 0
60 168.327 1.44389 182.796 -3.3231 1.47156 0
60 168.327 1.44389 182.796 -3.29599 1.41911 0
60 168.327 1.44389 182.796 -3.27084 1.37047 0
60 168.443 2.24827 181.724 -3.32495 1.42746 0
60 168.667 2.18433 181.252 -3.31527 1.45185 0
60 168.667 2.18433 181.252 -3.30948 1.44386 0
60 168.558 2.01078 181.813 -3.28578 1.37734 0
60 168.558 2.01078 181.813 -3.27587 1.35518 0
60 168.558 2.01078 181.813 -3.26508 1.33105 0
60 168.083 1.70666 181.33 -3.22447 1.35726 0
60 168.083 1.70666 181.33 -3.20652 1.34778 0
60 168.313 1.49375 181.189 -3.16253 1.35362 0
60 168.313 1.49375 181.189 -3.13895 1.34796 0
60 168.671 2.03596 181.583 -3.17074 1.30164 0
60 168.671 2.03596 181.583 -3.1615 1.28557 0
60 168.43 1.84961 181.108 -3.13064 1.32103 0
60 168.428 1.507 181.073 -3.08114 1.32104 0
60 168.428 1.507 181.073 -3.05768 1.31841 0
60 168.433 1.9522 181.234 -3.07611 1.30009 0
60 168.433 1.9522 181.234 -3.06363 1.29325 0
60 168.433 1.9522 181.234 -3.05206 1.28634 0
60 168.661 1.86433 180.99 -3.03105 1.30556 0
60 168.661 1.86433 180.99 -3.01604 1.30512 0
60 168.661 1.86433 180.99 -3.00213 1.30471 0
60 168.661 1.86433 180.99 -2.98835 1.3043 0
60 168.661 1.86433 180.99 -2.97334 1.30385 0
60 168.661 1.86433 180.99 -2.95943 1.30344 0
60 168.661 1.86433 180.99 -2.94565 1.30303 0
60 169.727 4.62401 187.669 -3.24503 0.541361 0
60 170.226 6.2148 191.251 -3.48611 -0.0456527 0
60 169.438 5.41324 187.755 -3.51585 -0.00207978 0
60 168.644 3.38825 184.251 -3.41098 0.138245 0
60 168.064 1.2914 179.789 -3.24515 0.460268 0
60 167.708 359.97 174.925 -3.09074 0.951393 0
60 167.751 359.112 173.219 -2.94399 1.27703 0
60 167.979 359.092 176.566 -2.85299 1.17251 0
60 168.067 359.531 180.066 -2.80551 0.962099 0
60 168.187 0.41302 182.692 -2.81149 0.739621 0
60 168.226 1.25468 184.62 -2.83908 0.49521 0
60 168.145 2.14094 184.946 -2.8962 0.365777 0
60 167.763 2.57039 181.888 -2.92906 0.540207 0
60 167.573 2.80096 178.691 -2.95515 0.808974 0
60 167.526 2.86056 177.085 -2.97283 1.02646 0
60 167.526 2.86056 177.085 -2.98539 1.12932 0
60 168.03 2.77889 178.793 -2.98988 1.06129 0
60 168.314 2.3278 180.929 -2.95687 0.914274 0
60 168.218 1.78302 182.833 -2.90165 0.72836 0
60 168.218 1.78302 182.833 -2.88557 0.678728 0
60 167.969 1.80676 181.458 -2.87055 0.760387 0
60 167.833 2.29231 180.129 -2.90272 0.880038 0
60 167.933 2.97978 179.163 -2.96796 0.997811 0
60 167.933 2.97978 179.163 -2.98368 1.04572 0
60 167.933 2.97978 179.163 -3.00079 1.0979 0
60 168.073 2.6001 180.502 -2.97339 0.993672 0
60 168.094 2.11509 181.833 -2.92378 0.854334 0
60 168.086 1.80878 181.456 -2.91663 0.831632 0
60 168.086 1.80878 181.456 -2.87329 0.85061 0
60 168.074 2.36028 180.592 -2.91944 0.934395 0
60 168.043 3.06092 179.399 -2.99091 1.0675 0
60 168.043 3.06092 179.399 -3.01036 1.11289 0
60 168.075 2.7021 180.628 -2.98977 1.02285 0
60 168.075 2.7021 180.628 -2.99823 1.03212 0
60 168.089 1.64699 181.9 -2.8985 0.910903 0
60 168.089 1.64699 181.9 -2.87898 0.886449 0
60 168.089 1.64699 181.9 -2.85926 0.861752 0
60 168.072 2.37221 180.478 -2.92064 0.997128 0
60 168.072 2.37221 180.478 -2.92026 1.01143 0
60 168.072 2.37221 180.478 -2.91991 1.02456 0
60 168.072 2.37221 180.478 -2.91956 1.03783 0
60 168.072 2.37221 180.478 -2.91918 1.05213 0
60 168.291 356.181 183.41 -2.33643 0.789592 0
60 168.308 350.957 183.694 -1.65534 0.692128 0
60 168.003 346.744 183.82 -0.899367 0.600394 0
60 167.567 345.387 183.164 -0.305061 0.585344 0
60 167.16 349.286 181.686 -0.283545 0.680674 0
60 167.143 357.921 179.997 -0.832266 0.833637 0
60 167.413 6.35134 178.969 -1.57962 0.965014 0
60 167.758 13.3993 178.078 -2.41719 1.10746 0
60 168.107 15.4176 177.663 -2.90764 1.22423 0
60 168.514 12.1838 178.334 -2.89964 1.2435 0
60 168.819 6.63893 179.382 -2.57836 1.19856 0
60 169.105 0.995253 180.44 -2.08567 1.12868 0
60 169.065 357.45 181.368 -1.64573 1.04029 0
60 169.041 356.577 181.974 -1.41625 0.95992 0
60 168.991 2.3746 180.459 -100 37.9456 0
60 168.991 2.3746 180.459 -116.571 47.0999 0
60 168.798 6.22968 178.882 -2.26956 1.28686 0
60 168.448 8.08194 177.702 -2.58332 1.47729 0
60 168.076 7.46238 177.086 -2.67675 1.64173 0
60 167.935 5.33462 177.565 -2.58006 1.69398 0
60 167.935 5.33462 177.565 -2.65804 1.78414 0
60 168.549 2.19391 181.14 -2.40681 1.49952 0
60 168.917 1.92872 182.718 -2.37179 1.32158 0
60 169.167 2.33827 183.328 -2.40347 1.20909 0
60 169.167 2.33827 183.328 -2.40212 1.14133 0
60 168.54 3.85911 180.617 -2.56105 1.36397 0
60 168.259 4.10926 179.27 -2.63029 1.51865 0
60 168.136 3.90497 179.023 -2.65486 1.59017 0
60 168.294 3.3332 180.111 -2.64014 1.53481 0
60 168.445 2.36238 181.736 -2.57412 1.40505 0
60 168.685 1.92215 182.722 -2.533 1.29377 0
60 168.685 1.92215 182.722 -2.52075 1.24755 0
60 168.672 2.2758 181.491 -2.54371 1.32354 0
60 168.652 2.9603 180.409 -2.60983 1.41866 0
60 168.652 2.9603 180.409 -2.62503 1.43363 0
60 168.5 3.64352 179.33 -2.71926 1.57259 0
60 168.5 3.64352 179.33 -2.75287 1.61651 0
60 168.431 2.91135 180.87 -2.71107 1.50221 0
60 168.561 2.23917 181.836 -2.65744 1.40766 0
60 168.561 2.23917 181.836 -2.65323 1.38287 0
60 168.67 1.67035 181.776 -2.59075 1.36597 0
60 168.655 2.02411 180.546 -2.60725 1.46838 0
60 168.63 2.70887 179.464 -2.66658 1.58913 0
60 168.63 2.70887 179.464 -2.67589 1.63265 0
60 168.63 2.70887 179.464 -2.68444 1.67261 0
60 168.528 2.53707 180.024 -2.67651 1.65904 0
60 168.528 2.53707 180.024 -2.68056 1.68666 0
60 168.545 1.62278 181.083 -2.58268 1.59357 0
60 168.545 1.62278 181.083 -2.56252 1.59071 0
60 168.766 1.37065 181.286 -2.51316 1.56459 0
60 168.783 1.94637 181.341 -2.54776 1.55037 0
60 168.67 2.52695 181.286 -2.59578 1.54634 0
60 168.557 2.62755 181.414 -2.60933 1.52552 0
60 168.679 2.2303 181.947 7.81973 -12.4872 -0
60 168.679 2.2303 181.947 -2.57595 1.43991 0
60 168.793 1.86748 182.139 -2.53022 1.39009 0
60 168.797 1.83366 182.481 -2.51299 1.32572 0
60 168.797 1.83366 182.481 -2.4984 1.28589 0
60 168.674 1.88755 181.913 -2.48854 1.30605 0
60 168.674 1.88755 181.913 -2.47538 1.28099 0
60 168.566 2.94684 181.676 -2.57574 1.28136 0
60 168.59 4.80508 181.631 -2.79153 1.26604 0
60 168.627 7.43466 181.893 -3.13863 1.22038 0
60 168.672 10.7614 182.11 -3.64 1.17182 0
60 168.678 13.6902 181.941 -4.18518 1.16007 0
60 168.472 10.2882 181.155 -4.2054 1.20617 0
60 168.533 4.33707 180.435 -3.8424 1.2692 0
60 168.751 358.381 180.071 -3.33521 1.31767 0
60 168.964 353.744 180.202 -2.79103 1.32966 0
60 169.171 352.36 180.313 -2.40618 1.34102 0
60 169.294 354.975 180.681 -2.38802 1.32341 0
60 169.332 359.489 180.527 -2.62544 1.34604 0
60 169.222 3.79855 180.128 -2.96364 1.39654 0
60 169.07 6.72235 179.721 -3.29357 1.46121 0
60 168.705 7.07903 179.547 -3.44533 1.51224 0
60 168.488 5.04584 179.241 -3.38017 1.58351 0
60 168.518 2.35472 179.546 -3.18608 1.59979 0
60 168.533 359.989 180.114 -2.95212 1.58197 0
60 168.747 358.906 180.583 -2.78172 1.55886 0
60 168.982 359.765 181.243 -2.76342 1.50657 0
60 168.881 1.50865 181.068 -2.84997 1.52021 0
60 168.539 3.28957 180.56 -2.9899 1.56429 0
60 168.539 3.28957 180.56 -3.01405 1.57621 0
60 168.293 3.90222 180.17 -3.10886 1.6311 0
60 168.408 2.89003 179.948 -3.04964 1.67447 0
60 168.418 1.70245 180.288 -2.94611 1.66841 0
60 168.418 1.70245 180.288 -2.92787 1.6882 0
60 168.418 1.70245 180.288 -2.9082 1.70655 0
60 168.996 0.693113 182.369 -2.78364 1.50566 0
60 169.005 1.14975 182.413 -2.7844 1.46399 0
60 168.878 2.12329 180.667 -31.1576 52.3657 0
60 168.758 2.43567 179.894 -3.07216 1.65137 0
60 168.758 2.43567 179.894 -2.86182 1.69278 0
60 168.634 2.1379 179.407 -2.83045 1.77273 0
60 168.644 1.52097 179.806 -2.75986 1.77414 0
60 168.762 1.16502 181.036 -2.70045 1.67872 0
60 168.885 1.35009 181.513 -2.68621 1.62894 0
60 168.885 1.35009 181.513 -2.65883 1.61471 0
60 168.885 1.35009 181.513 -2.63145 1.60048 0
60 168.657 1.65851 180.74 -2.63758 1.67079 0
60 168.649 1.71543 180.17 -2.6227 1.73999 0
60 168.774 1.53411 180.841 -2.60499 1.76127 0
60 168.774 1.53411 180.841 -2.56621 1.70637 0
60 168.886 1.46417 181.524 -2.53611 1.63683 0
60 168.886 1.46417 181.524 -2.50958 1.62216 0
60 168.886 1.46417 181.524 -2.48521 1.60764 0
60 168.78 1.60337 181.308 -6.52223 1.60972 0
60 168.78 1.60337 181.308 -2.45057 1.60278 0
60 168.67 1.79602 181.674 -2.44952 1.55618 0
60 168.67 1.79602 181.674 -2.43394 1.53751 0
60 168.67 1.79602 181.674 -2.41696 1.51756 0
60 168.889 1.6923 181.546 -2.39125 1.51116 0
60 168.889 1.6923 181.546 -2.37274 1.4959 0
60 168.889 1.6923 181.546 -2.35278 1.47944 0
60 168.889 1.6923 181.546 -2.33445 1.46433 0
60 168.67 1.79602 181.674 -2.32705 1.4354 0
60 168.765 1.50715 181.069 6.11903 19.051 -0
60 168.765 1.50715 181.069 -2.26058 1.46672 0
60 169.108 1.44109 180.598 -2.22989 1.51587 0
60 169.22 1.58866 180.265 -2.21754 1.56021 0
60 169.114 1.51166 181.065 -2.18921 1.50582 0
60 168.783 1.4439 181.752 -0.188872 -18.5577 0
60 168.783 1.4439 181.752 -2.13268 1.41941 0
60 168.783 1.4439 181.752 -2.10754 1.39865 0
60 168.777 1.50029 181.182 -2.08758 1.42986 0
60 168.777 1.50029 181.182 -2.06233 1.42437 0
60 168.994 2.01052 180.654 -2.09207 1.47428 0
60 169.116 1.85407 181.097 -2.06734 1.44115 0
60 169.116 1.85407 181.097 -2.05078 1.43734 0
60 169.116 1.85407 181.097 -2.03673 1.4341 0
60 169.116 1.85407 181.097 -2.02143 1.43057 0
60 168.765 2.17335 180.213 -2.03535 1.50831 0
60 168.765 2.17335 180.213 -2.02974 1.53004 0
60 168.765 2.17335 180.213 -2.02364 1.55037 0
60 169.117 2.44622 180.924 -2.04839 1.49114 0
60 169.117 2.44622 180.924 -2.05 1.4925 0
60 169.116 1.48985 181.293 -1.94488 1.45267 0
80 169.113 1.39748 181.054 -1.91106 1.46979 0
80 169.113 1.39748 181.054 -1.88261 1.46751 0
80 169.238 2.30142 181.252 -1.94696 1.44468 0
80 169.238 2.30142 181.252 -1.94474 1.4367 0
80 169.23 2.34453 180.796 -3.20024 14.739 0
80 169.23 2.34453 180.796 -1.94498 1.47529 0
80 169.216 2.6373 180.134 -1.97602 1.55284 0
80 169.216 2.6373 180.134 -1.98268 1.5753 0
80 169.216 2.6373 180.134 -1.98941 1.59754 0
80 169.216 2.6373 180.134 -1.99666 1.62176 0
80 169.357 4.79993 178.029 -2.22611 1.86114 0
80 169.572 4.82957 177.678 -2.29933 1.98289 0
80 169.572 4.82957 177.678 -2.36971 2.07782 0
80 169.729 4.49491 178.677 -2.40721 2.0746 0
80 169.536 4.29816 179.588 -2.44512 2.04875 0
80 169.536 4.29816 179.588 -2.50021 2.0887 0
80 169.536 4.29816 179.588 -2.55128 2.12574 0
80 169.419 3.96659 179.446 -2.56485 2.1786 0
80 169.498 4.16424 178.541 -2.62825 2.31608 0
80 169.498 4.16424 178.541 -2.67948 2.38681 0
80 169.498 4.16424 178.541 -2.72698 2.45118 0
80 169.718 5.21295 178.512 -2.88 2.51903 0
80 169.633 4.93368 179.066 -2.93458 2.536 0
80 169.633 4.93368 179.066 -3.00195 2.58647 0
80 169.534 4.08097 179.453 -2.97483 2.59429 0
80 169.534 4.08097 179.453 -3.02365 2.63811 0
80 169.891 3.83448 179.649 -3.04193 2.65731 0
80 169.891 3.83448 179.649 -3.08025 2.69237 0
80 169.987 4.77639 179.383 -3.21594 2.7556 0
80 169.987 4.77639 179.383 -3.28479 2.80145 0
80 169.617 4.63299 178.58 -3.33356 2.93191 0
80 169.617 4.63299 178.58 -3.39299 2.99524 0
80 169.617 4.63299 178.58 -3.45771 3.06422 0
80 169.617 4.63299 178.58 -3.52243 3.13319 0
80 170.106 4.88098 179.502 -3.6103 3.09654 0
80 170.122 4.73766 179.834 -3.66376 3.10532 0
80 170.122 4.73766 179.834 -3.72595 3.13549 0
80 170.001 4.07316 179.551 -3.71857 3.20091 0
80 169.985 3.66683 178.941 -3.71914 3.30574 0
80 170.081 3.93438 178.501 -3.77972 3.40341 0
80 170.081 3.93438 178.501 -3.82108 3.46948 0
80 170.061 4.8557 178.466 -3.95925 3.53924 0
80 169.844 4.93974 178.827 -4.035 3.57098 0
80 169.844 4.93974 178.827 -4.10321 3.62833 0
80 169.844 4.93974 178.827 -4.17677 3.69018 0
80 169.777 4.27928 179.807 -4.16574 3.63338 0
80 169.777 4.27928 179.807 -4.22028 3.66701 0
80 170.116 4.18778 179.557 -4.26042 3.72712 0
80 170.097 4.78686 179.264 -4.3715 3.79538 0
80 169.816 4.77266 178.123 -4.43562 37.1432 0
80 169.704 4.32836 177.972 8.46034 8.40954 0
80 169.704 4.32836 177.972 -4.51531 4.1164 0
80 169.704 4.32836 177.972 -4.56719 4.19657 0
80 170.116 4.18778 179.557 -4.61039 4.13437 0
80 170.261 4.00614 180.341 -4.64101 4.0983 0
80 170.261 4.00614 180.341 -4.68429 4.11522 0
80 170.33 4.22754 179.092 -11.1913 40.5666 -0
80 170.33 4.22754 179.092 -4.79999 4.29565 0
80 170.302 4.28531 178.408 -4.85564 4.4223 0
80 170.302 4.28531 178.408 -4.90638 4.49084 0
80 170.13 5.04698 177.558 -5.04859 4.66254 0
80 170.072 4.83603 178.694 -5.09912 4.64604 0
80 170.093 4.68286 179.14 -5.15051 4.66602 0
80 170.093 4.68286 179.14 -5.21667 4.71885 0
80 170.348 4.74936 179.711 -5.28487 4.70909 0
80 170.348 4.74936 179.711 -5.34799 4.74285 0
80 170.301 4.94974 178.694 -5.43306 4.88796 0
80 170.148 5.23557 178.034 -5.53896 5.02653 0
80 170.148 5.23557 178.034 -5.61507 5.10507 0
80 170.208 3.02986 178.305 -5.45422 5.15447 0
80 170.48 0.209658 178.868 -5.16847 5.16979 0
80 170.704 357.446 180.252 -4.79739 5.07144 0
80 170.897 355.671 180.921 -4.46554 5.01616 0
80 170.899 354.973 180.865 -4.21128 5.02358 0
80 170.473 357.447 180.247 -4.2571 5.08737 0
80 170.221 2.07884 178.568 -4.59054 5.28148 0
80 169.887 7.46557 176.512 -5.13705 5.55738 0
80 169.556 10.8182 175.561 -5.61574 5.77312 0
80 169.301 11.5941 175.767 -5.95427 5.90879 0
80 169.301 11.5941 175.767 -6.18821 6.04786 0
80 169.549 7.20424 178.239 -5.95236 5.91549 0
80 170.398 3.60712 180.992 -5.70597 5.69925 0
80 171.093 1.89103 182.33 -5.56189 5.56102 0
80 171.093 1.89103 182.33 -5.54881 5.52483 0
80 171.437 4.2891 181.126 -5.80892 5.62595 0
80 171.437 4.2891 181.126 -5.85976 5.62192 0
80 169.415 9.19069 174.388 -6.40734 6.33052 0
80 168.663 9.40385 172.611 -6.62889 6.67588 0
80 168.663 9.40385 172.611 -6.8163 6.89922 0
80 169.056 6.96261 175.939 -6.76968 6.80294 0
80 170.079 5.48863 179.095 -6.74985 6.63306 0
80 171.116 4.72547 181.516 -6.76243 6.44361 0
80 171.116 4.72547 181.516 -6.82491 6.42917 0
80 171.744 5.98937 180.087 -7.01193 6.55549 0
80 171.105 7.12972 177.332 -7.22052 6.8506 0
80 169.991 7.71007 174.91 -7.41553 7.1992 0
80 169.991 7.71007 174.91 -7.55772 7.36114 0
80 168.868 7.73093 175.331 -7.7021 7.47891 0
80 169.16 7.04065 177.556 -7.80356 7.4039 0
80 169.77 6.3513 179.878 -7.8325 7.2455 0
80 169.77 6.3513 179.878 -7.9384 7.2748 0
80 171.07 5.38495 180.42 -7.93847 7.24467 0
80 171.201 5.76397 178.488 -8.06714 7.47237 0
80 170.843 6.51234 176.494 -8.23932 7.7572 0
80 170.42 7.18151 175.651 -8.42281 7.96921 0
80 170.143 7.21625 176.707 -8.55437 8.0051 0
80 170.037 6.47378 178.492 -8.6183 7.94534 0
80 170.261 5.37267 180.458 -8.61408 7.80918 0
80 170.261 5.37267 180.458 -8.69307 7.82285 0
80 170.958 4.31675 180.686 -8.68055 7.81636 0
80 171.14 5.01001 179.353 -8.79588 7.94634 0
80 170.92 5.83563 177.587 -8.94169 8.15165 0
80 170.92 5.83563 177.587 -9.03382 8.24212 0
80 170.314 6.78657 177.466 -9.22039 8.35078 0
80 170.051 6.45413 178.719 0.362129 -28.1321 0
80 170.129 5.40029 180.121 21.3327 -32.5064 -0
80 170.129 5.40029 180.121 -9.40283 8.29173 0
80 170.743 3.34614 181.306 -9.28322 8.19515 0
80 171.183 3.18787 180.475 -9.29566 8.26561 0
80 171.233 4.46093 178.847 -51.0918 55.7873 -0
80 171.233 4.46093 178.847 -9.49117 8.48614 0
80 171.233 4.46093 178.847 -9.55094 8.54741 0
80 170.229 5.86872 177.509 -9.76055 8.75074 0
80 169.84 5.53428 178.765 -9.8176 8.71074 0
80 169.914 4.6852 180.413 -9.81507 8.60178 0
80 169.914 4.6852 180.413 -9.8813 8.61677 0
80 170.499 3.26588 180.847 -9.78279 8.58267 0
80 171.065 3.42396 180.382 -9.82356 8.63612 0
80 171.204 4.5131 178.162 -9.95971 8.87157 0
80 171.204 4.5131 178.162 -10.021 8.95257 0
80 170.604 5.57428 178.041 -10.1821 9.03953 0
80 170.081 4.93014 178.932 8.51864 16.8461 0
80 170.272 3.52027 180.644 26.7492 8.94892 0
80 170.272 3.52027 180.644 -10.1942 8.95784 0
80 171.326 2.38943 181.904 -10.2248 8.96676 -0
80 171.326 2.38943 181.904 -10.1262 8.82957 0
80 171.537 2.82278 180.783 -10.1749 8.92995 0
80 171.26 3.51346 179.234 -10.2626 9.10514 0
80 170.868 4.16476 178.262 -10.3629 9.25648 0
80 170.76 4.84454 178.551 -10.4897 9.30427 0
80 170.945 4.71745 180.143 -10.5427 9.20196 0
80 171.098 3.79999 181.445 -10.5123 9.08611 0
80 171.441 1.76752 182.544 -10.5501 9.07343 0
80 171.441 1.76752 182.544 -10.3559 8.93157 0
80 171.772 1.6899 182.075 -10.3292 8.94075 0
80 171.772 1.6899 182.075 -10.3105 8.91109 0
80 171.372 5.09262 179.579 -10.6047 9.11096 0
80 170.639 5.71047 178.971 -10.677 9.14822 0
80 170.648 5.72762 178.973 -10.8234 9.25569 0
80 170.648 5.72762 178.973 -10.9135 9.30968 0
80 170.493 3.28488 180.618 -10.7534 9.19452 0
80 170.493 3.28488 180.618 -10.7776 9.20414 0
80 172.039 2.18458 183.366 -10.6983 8.95525 0
80 172.039 2.18458 183.366 -10.6929 8.89077 0
80 172.134 2.97069 181.928 -10.7719 8.98082 0
80 171.632 3.34052 180.014 -10.8286 9.16542 0
80 171.12 3.68052 178.561 -10.8943 9.35587 0
80 171.12 3.68052 178.561 -10.9289 9.42032 0
80 170.451 3.51285 179.258 -10.9462 9.412 0
80 170.745 3.4602 181.315 -10.9712 9.23724 0
80 171.017 3.09129 183.117 -10.9605 9.03397 0
80 171.326 2.14304 182.115 -10.8901 9.07106 0
80 171.518 1.69797 180.356 -10.8401 9.20727 0
80 171.599 2.50127 178.805 -10.8972 9.37044 0
80 171.551 3.63079 177.625 -43.858 43.8419 0
80 171.551 3.63079 177.625 -11.0351 9.6241 0
80 170.834 3.64968 180.407 -11.1254 9.59087 0
