H_VAL   H_STEP_SIZE 50 0.1
ROLL KP KI KD 5 12 12
PITCH KP KI KD 5 12 12
YAW KP KI KD 5 12 12
50 40.0024 2.22715 181.752 0.0143788 -0.0705869 -3.49657
50 40.0024 2.22715 181.752 0.018026 -0.0884913 -4.38347
50 40.0024 2.22715 181.752 0.021408 -0.105094 -5.20588
50 40.0024 2.22715 181.752 0.0247899 -0.121696 -6.02828
50 40.0024 2.22715 181.752 0.0281719 -0.138298 -6.91519
50 40.0024 2.22715 181.752 0.0318191 -0.156203 -7.7376
50 39.9784 2.84514 180.432 -0.0308628 -0.0316359 -8.57355
50 39.9784 2.84514 180.432 -0.0407792 -0.0200315 -9.39544
50 39.9784 2.84514 180.432 -0.0505994 -0.00842701 -10.2254
50 39.9784 2.84514 180.432 -0.0607084 0.00351874 -11.0634
50 39.9784 2.84514 180.432 -0.0707211 0.0153507 -11.9014
50 39.986 2.70785 180.725 -0.0666456 -0.00310659 -12.7563
50 39.986 2.70785 180.725 -0.0737356 0.0023876 -13.6026
50 39.986 2.70785 180.725 -0.0807579 0.00782946 -14.4407
50 39.986 2.70785 180.725 -0.0878479 0.0133236 -15.295
50 39.986 2.70785 180.725 -0.0949377 0.0188178 -15.3581
50 39.986 2.70785 180.725 -0.102028 0.024312 -15.3581
50 39.986 2.70785 180.725 -0.109118 0.0298062 -15.3581
50 39.986 2.70785 180.725 -0.11614 0.0353004 -15.3581
50 39.9907 2.53139 180.911 -0.1069 0.0235324 -15.3585
50 39.9907 2.53139 180.911 -0.109834 0.0249426 -15.3585
50 39.9907 2.53139 180.911 -0.113044 0.0262293 -15.3585
50 39.9907 2.53139 180.911 -0.116253 0.0276382 -15.3585
50 39.9907 2.53139 180.911 -0.119462 0.029047 -15.3585
50 39.7168 2.52739 180.917 -0.122242 0.0298283 -15.3346
50 39.7168 2.52739 180.917 -0.125363 0.0311086 -15.3346
50 39.7168 2.52739 180.917 -0.128484 0.032389 -15.3346
50 39.4428 2.52333 180.922 -0.131213 0.0330735 -15.3107
50 39.4428 2.52333 180.922 -0.134245 0.0342253 -15.3107
50 39.2757 2.52669 180.927 -0.137644 0.0349744 -15.2961
50 39.2757 2.52669 180.927 -0.140483 0.0360351 -15.2961
50 38.9995 2.48433 180.824 -0.139582 0.0466752 -15.272
50 38.9995 2.48433 180.824 -0.141777 0.0499818 -15.272
50 38.639 2.59033 180.794 -0.154799 0.0563867 -15.2405
50 38.639 2.59033 180.794 -0.159304 0.0603537 -15.2405
50 38.1952 2.48139 180.842 -0.151907 0.0591117 -15.2018
50 37.5583 2.47478 180.856 -0.153381 0.060772 -15.1462
50 36.8332 2.4694 180.871 -0.154846 0.0619481 -15.0829
50 36.8332 2.4694 180.871 -0.15671 0.0642482 -15.0829
50 35.829 2.45918 180.892 -0.157332 0.0640769 -14.9953
50 34.919 2.45559 180.912 -0.158464 0.0636782 -14.9159
50 33.5391 2.44036 180.941 -0.158408 0.0619844 -14.7955
50 31.966 2.50463 180.833 -0.166398 0.0742686 -14.6582
50 30.1977 2.5224 180.982 -0.170601 0.0619789 -14.5039
50 28.4093 2.45008 180.799 -0.166084 0.080923 -14.3478
50 26.3157 2.46363 180.955 -0.168936 0.068399 -14.1651
50 23.718 2.52916 180.875 -0.177365 0.0770253 -13.9384
50 21.2721 2.51109 180.929 -0.178439 0.0736597 -13.725
50 18.7007 2.48867 180.985 -0.17896 0.0688812 -13.5006
50 13.3839 2.53097 180.858 -0.191715 0.0642255 49.1223
50 10.4857 2.51597 181.035 0.190447 -4.06804 54.6614
50 7.60671 2.48893 181.098 -0.18982 0.0588108 -12.5324
50 4.73822 2.46314 181.159 -0.189699 0.0503929 -12.2821
50 1.62982 2.54039 180.995 -0.198569 0.06157 -12.0109
50 358.645 2.5138 181.061 -0.199219 0.0549224 -11.7294
50 355.428 2.48044 181.245 -0.198948 0.0361414 -11.3737
50 352.102 2.44678 181.202 -0.197853 0.0341614 -10.9234
50 348.743 2.42601 181.158 -0.197279 0.033086 -10.3711
50 345.4 2.40361 181.115 -0.196006 0.0330249 -9.73194
50 342.155 2.48438 181.2 -0.204635 0.0213046 -9.05106
50 338.771 2.35633 181.139 -0.193764 0.0226172 -8.28542
50 335.641 2.45721 181.116 -0.20356 0.0214015 -7.46116
50 332.786 2.35148 181.51 -0.193978 -0.0233194 -6.59058
50 329.673 2.34213 181.461 -0.192226 -0.0298891 -5.62476
50 326.88 2.33234 181.41 -0.190223 -0.035075 -4.62483
50 321.134 2.26418 181.523 1.43507 4.6127 60.2562
50 318.643 2.18513 181.681 1.66636 -3.75807 55.811
50 318.643 2.19637 181.618 -0.168455 -0.104294 55.1745
50 314.656 2.21579 181.543 -0.573812 1.46137 33.239
50 313.322 2.2631 181.717 -0.16755 -0.134755 1.3722
50 312.57 2.13916 181.689 2.73042 0.507725 20.0083
50 312.57 2.13916 181.689 -0.148393 -0.164269 3.57503
50 312.57 2.13916 181.689 -0.143028 -0.179823 4.65118
50 312.57 2.13916 181.689 -0.137612 -0.195527 5.71708
50 313.451 2.31752 181.868 -0.151048 -0.230195 6.7001
50 314.654 2.25999 181.437 -0.143473 -0.204309 7.62976
50 316.316 2.45644 181.594 -0.161092 -0.230622 8.48755
50 318.806 2.15255 181.783 -0.132055 -0.263356 9.23462
50 321.221 2.41442 181.45 -0.153521 -0.247292 9.93064
50 323.863 2.36927 181.615 -0.149418 -0.273574 10.5589
50 326.611 2.37591 181.667 -0.149561 -0.293232 11.0473
50 329.952 2.62315 181.295 -0.174869 -0.270228 11.4872
50 333.372 2.39293 181.858 -0.155587 -0.337495 11.8381
50 337.025 2.49537 181.557 -0.166431 -0.32397 12.0347
50 341.128 2.50765 180.997 -0.170001 -0.277793 12.1513
50 345.525 2.44709 181.695 -0.165852 -0.353722 12.1384
50 350.137 2.39121 181.699 -0.160988 -0.36885 11.9753
50 354.852 2.48291 181.368 -0.171028 -0.311743 11.7212
50 359.696 2.41356 181.952 -0.274092 -14.7511 11.0648
50 9.22104 2.40801 181.3 -1.1315 2.04106 -100
50 14.4141 2.60872 180.48 -0.185776 -0.290751 9.79444
50 19.8846 2.40757 181.091 -0.171995 -0.3367 9.00338
50 25.3746 2.40662 181.808 -0.172395 -0.407245 8.07487
50 30.6686 2.33508 181.143 -0.166078 -0.362486 7.04805
50 35.9074 2.39029 180.31 -0.170298 -0.285852 5.90127
50 41.3292 2.39367 180.814 -0.170736 -0.320826 4.6114
50 46.813 2.29721 181.256 -0.161427 -0.360736 3.18787
50 51.8137 2.30435 180.54 -0.160185 -0.295106 1.69123
50 56.792 2.28232 180.595 -0.156176 -0.291022 0.0752711
50 61.4942 2.12385 180.874 -0.137755 -0.311042 -1.61983
50 65.6449 2.15988 180.383 -0.136257 -0.258988 -3.27233
50 69.5562 2.20966 180.564 -0.136334 -0.264259 -5.09575
50 72.7369 2.03754 180.637 -0.114527 -0.262819 -6.93738
50 75.1873 2.05511 180.595 -0.108659 -0.250838 -8.77776
50 76.7185 2.0569 180.566 -0.101515 -0.239354 -10.5754
50 77.4518 2.07836 180.392 -0.0969677 -0.213175 -12.194
50 77.4518 2.07836 180.392 -0.0900857 -0.200113 -13.896
50 76.6926 2.09822 180.246 -0.0853714 -0.171548 -15.5174
50 75.2023 2.11487 180.112 -0.081208 -0.141202 -17.0288
50 73.2795 2.11554 180.148 -0.0752138 -0.127261 -18.2635
50 70.5386 2.25915 179.813 -0.083833 -0.074494 -18.0243
50 67.2899 2.42181 179.495 -0.0977395 -0.0155485 -17.7408
50 63.6988 2.3136 179.376 -0.0872451 0.029917 -17.4274
50 59.8881 2.43732 180.32 -0.0985197 -0.0358 -17.0948
50 55.6518 2.37908 180.82 -0.0935132 -0.0740655 -16.7252
50 51.2868 2.35954 180.141 -0.09127 0.00253371 -16.3442
50 46.7943 2.46006 180.189 -0.101492 0.0156164 -15.9522
50 41.9561 2.43973 180.61 -0.100833 6.92779 95.7667
50 32.1413 2.63627 180.436 -0.109495 -0.0116794 -15.1142
50 26.984 2.49766 180.58 3.11173 -3.34683 100
50 21.7569 2.5383 181.031 -0.120103 -0.0296336 -13.7673
50 16.3825 2.58229 181.018 -0.127501 -0.0297563 -13.2983
50 11.0442 2.50657 180.909 -0.124606 -0.0205711 -12.8324
50 5.76689 2.58494 181.132 -0.134603 -0.0399424 -12.3719
50 0.487059 2.5319 181.249 -0.134103 -0.0543286 -11.9056
50 355.313 2.59826 181.137 -0.143676 -0.0498746 -11.3922
50 349.566 2.53547 181.266 -0.142078 -0.0654426 -10.7202
50 345.074 2.49617 181.251 -0.141694 -0.0703091 -10.019
50 340.062 2.44219 181.358 -0.138633 -0.0863869 -9.19566
50 335.173 2.49146 181.486 -0.144632 -0.10677 -8.27906
50 330.329 2.42686 181.59 -0.14044 -0.128642 -7.20337
50 325.691 2.39293 181.578 -0.138187 -0.13966 -6.10394
50 320.779 2.36708 181.568 -0.135713 -0.152117 -4.80825
50 316.857 2.26963 181.755 -0.125362 -0.18337 -3.57175
50 312.372 2.23286 181.481 -0.119067 -0.172644 -2.13268
50 308.759 2.1867 181.808 -0.110887 -0.217794 -0.655797
50 305.415 2.23863 181.667 -0.111964 -0.221385 0.857626
50 302.515 2.14264 181.822 -0.0985893 -0.253036 2.39765
H_VAL   H_STEP_SIZE 50 0.1
ROLL KP KI KD 5 12 12
PITCH KP KI KD 5 12 12
YAW KP KI KD 5 5 12
50 296.512 2.24277 181.386 0.0132284 -0.0381697 5.81925
50 296.512 2.24277 181.386 0.0161868 -0.0467924 6.4318
50 296.512 2.24277 181.386 0.0194441 -0.0561048 6.99898
50 296.512 2.24277 181.386 0.0224325 -0.0647275 7.61721
50 296.512 2.24277 181.386 0.0257196 -0.0742125 8.19006
50 296.512 2.24277 181.386 0.028708 -0.0828351 8.76291
50 296.512 2.24277 181.386 0.0319951 -0.0923201 9.38113
50 296.512 2.24277 181.386 0.0349835 -0.101029 9.95398
50 296.512 2.24277 181.386 0.0383304 -0.1106 10.5835
50 296.512 2.24277 181.386 0.0414084 -0.119482 10.6718
50 296.512 2.24277 181.386 0.0447553 -0.129225 10.6718
50 296.512 2.24277 181.386 0.0478632 -0.138106 10.6718
50 296.512 2.24277 181.386 0.0509412 -0.146988 10.6718
50 296.512 2.24277 181.386 0.054049 -0.155955 10.6718
50 296.512 2.24277 181.386 0.0571569 -0.164923 10.6718
50 296.512 2.24277 181.386 0.0602648 -0.17389 10.6718
50 296.512 2.24277 181.386 0.0638807 -0.184324 10.6718
50 296.512 2.24277 181.386 0.0669886 -0.193291 10.6718
50 296.512 2.24277 181.386 0.0700965 -0.202259 10.6718
50 296.512 2.24277 181.386 0.0735032 -0.212089 10.6718
50 296.538 2.19582 180.814 1.17315 -0.169511 10.6695
50 296.538 2.19582 180.814 0.084728 -0.165754 10.6695
50 296.538 2.19582 180.814 0.0888983 -0.16221 10.6695
50 296.538 2.19582 180.814 0.0931082 -0.158633 10.6695
50 296.538 2.19582 180.814 0.0969608 -0.15536 10.6695
50 296.538 2.19582 180.814 0.101131 -0.151816 10.6695
50 296.538 2.19582 180.814 0.105659 -0.147969 10.6695
50 296.538 2.19582 180.814 0.109829 -0.144425 10.6695
50 296.538 2.19582 180.814 0.114317 -0.140612 10.6695
50 296.538 2.19582 180.814 0.118487 -0.137068 10.6695
50 296.774 2.13882 180.906 0.128265 -0.142622 10.6489
50 296.774 2.13882 180.906 0.133224 -0.141113 10.6489
50 296.774 2.13882 180.906 0.138648 -0.139733 10.6489
50 296.774 2.13882 180.906 0.14402 -0.138237 10.6489
50 297.915 2.15066 180.884 0.148724 -0.134344 10.5493
50 297.915 2.15066 180.884 0.153936 -0.132342 10.5493
50 297.915 2.15931 180.856 0.159542 -0.13017 10.5493
50 299.454 2.15931 180.856 0.163761 -0.125151 10.415
50 300.62 2.16908 180.834 0.1678 -0.120273 10.3133
50 302.239 2.1789 180.804 0.171665 -0.11445 10.172
50 302.239 2.1789 180.804 0.176207 -0.110692 10.172
50 303.93 2.19078 180.772 0.179104 -0.103852 10.0244
50 305.957 2.2062 180.732 0.181842 -0.0954425 9.84753
50 308.275 2.17014 180.791 0.189226 -0.0955136 9.64522
50 310.958 2.18722 180.741 0.192633 -0.086655 9.41113
50 313.417 2.1535 180.8 0.200247 -0.0872533 9.19652
50 315.934 2.11203 180.602 0.209242 -0.0644208 8.9769
50 318.615 2.08006 180.661 0.218342 -0.0621423 8.74294
50 321.385 2.05983 180.719 0.226916 -0.0609851 8.50118
50 324.374 2.08031 180.664 0.23196 -0.0499576 8.2403
50 327.41 2.09504 180.61 0.237556 -0.0371214 7.97535
50 330.392 1.99894 180.526 0.253576 -0.0208295 7.71515
50 333.331 2.01335 180.474 0.260424 -0.00581653 7.45865
50 336.307 1.97536 180.647 0.272465 -0.0127982 7.19894
50 339.233 2.03202 180.371 0.275367 0.0227112 6.94362
50 342.242 1.87702 180.639 0.29931 0.0300436 6.68104
50 345.27 1.90629 180.476 0.307899 0.0326214 6.41678
50 348.275 1.79236 180.529 0.33042 0.0377816 6.15455
50 351.264 1.80735 180.482 0.341488 0.0523352 5.89377
50 354.379 1.71047 180.499 0.365731 0.0563568 5.62193
50 0.00857724 1.72349 180.572 0.038346 -1.63938 -59.024
50 0.00857724 1.72349 180.572 0.393445 0.0732905 5.13062
50 2.77321 1.62823 180.648 0.239929 -2.5722 4.64729
50 5.53868 1.52355 180.5 3.13324 2.64366 4.25828
50 10.5865 1.54976 180.547 0.370046 0.831395 -51.2109
50 13.1162 1.45935 180.64 0.381813 0.808072 -60.7334
50 15.5596 1.4587 180.495 0.505801 0.124616 3.47495
50 17.9949 1.39098 180.708 0.532284 0.115209 3.13094
50 20.3014 1.51637 180.66 0.541872 0.125461 2.77608
50 22.1684 1.52694 180.635 0.559615 0.13455 2.43983
50 24.2974 1.4276 180.631 0.587165 0.142205 2.06529
50 25.9351 1.43603 180.611 0.607032 0.151547 1.71266
50 27.363 1.33265 180.62 0.637687 0.158596 1.36085
50 28.8815 1.36841 180.713 0.657015 0.157431 0.991272
50 30.29 1.34654 180.586 0.681065 0.176024 0.596789
50 31.873 1.38739 180.677 0.701354 0.175758 0.195221
50 33.0759 1.36214 180.553 0.725272 0.194029 -0.189033
50 34.2745 1.29183 180.682 0.75408 0.191179 -0.580118
50 35.2866 1.33425 180.779 0.77404 0.188663 -0.967432
50 36.1941 1.30284 180.66 0.799796 0.203788 -1.35456
50 36.1941 1.30284 180.66 0.823377 0.210642 -1.66938
50 37.0083 1.30646 180.651 0.846564 0.218509 -2.06265
50 37.7326 1.34751 180.751 0.865728 0.214988 -2.45312
50 38.3674 1.31493 180.635 0.89182 0.231502 -2.8439
50 38.8125 1.246 180.776 0.921669 0.225524 -3.2184
50 38.8125 1.246 180.776 0.94625 0.229806 -3.55373
50 38.8125 1.246 180.776 0.971069 0.23413 -3.89232
50 38.8125 1.246 180.776 0.99565 0.238412 -4.2589
50 38.8125 1.246 180.776 1.02047 0.242735 -4.59228
50 38.8125 1.246 180.776 1.0472 0.247391 -4.93087
50 38.4534 1.24371 180.78 1.07226 0.251296 -5.23512
50 38.4534 1.24371 180.78 1.09713 0.255535 -5.57044
50 38.0088 1.27917 180.893 1.11813 0.247439 -5.86294
50 38.0088 1.27917 180.893 1.142 0.249214 -6.19424
50 36.8353 1.23491 180.798 1.1706 0.260705 -6.41287
50 36.1959 1.26495 180.913 1.19271 0.253203 -6.67481
50 36.1959 1.26495 180.913 1.21712 0.254541 -6.98965
50 35.0992 1.33066 180.782 1.2346 0.269787 -7.22748
50 34.2731 1.36777 180.539 1.25373 0.299176 -7.45401
50 33.3546 1.28775 180.692 1.28375 0.293614 -7.66635
50 32.1495 1.35885 180.564 1.30117 0.311962 -7.6742
50 30.8468 1.30283 180.83 1.32873 0.296155 -7.56052
50 29.3524 1.3712 180.707 1.34609 0.310991 -7.43011
50 29.3524 1.3712 180.707 1.36988 0.316759 -7.43011
50 27.5607 1.33195 180.617 1.39603 0.332393 -7.27376
50 26.2124 1.3537 180.745 1.41661 0.326269 -7.15609
50 24.8761 1.38108 180.4 1.43615 0.368199 -7.03948
50 23.6108 1.40142 180.527 1.45588 0.367408 -6.92906
50 22.3354 1.37415 180.431 1.48045 0.38755 -6.81776
50 20.7818 1.47899 180.428 1.4899 0.398719 -6.68218
50 19.6033 1.47357 180.443 1.5104 0.409136 -6.57934
50 18.2078 1.46804 180.461 1.53084 0.418857 -6.45756
50 16.8076 1.46165 180.479 1.55149 0.428188 -6.33536
50 15.6676 1.55667 180.365 1.56176 0.451197 -6.23588
50 14.2618 1.56434 180.497 1.57902 0.450739 -6.1132
50 13.0024 1.54724 180.401 1.59706 0.470996 -6.0033
50 11.7394 1.54359 180.418 1.61727 0.481773 -5.89308
50 10.6973 1.5392 180.432 1.63588 0.492374 -5.80215
50 9.65451 1.53431 180.446 1.65479 0.502834 -5.71114
50 8.49549 1.6261 180.224 1.66432 0.536104 -5.61
50 7.48169 1.65696 180.695 1.67794 0.507859 -5.52153
50 6.54473 1.73705 180.245 1.68638 0.555696 -5.43976
50 5.52392 1.63913 180.609 1.70927 0.538369 -5.35068
50 5.52392 1.63913 180.609 1.72552 0.546332 -5.35068
50 4.59859 1.64016 180.852 1.74167 0.528308 -5.26993
50 3.10398 1.73026 180.297 1.74938 0.583457 -5.1395
50 2.0756 1.73271 180.541 1.76342 0.575558 -5.04976
50 1.03726 1.72528 180.213 1.93394 8.24641 19.2045
50 1.03726 1.72528 180.213 1.79255 0.630658 -4.95457
50 0.120019 1.72383 180.342 1.80722 0.633631 -4.86255
50 359.203 1.7201 180.47 1.822 0.634617 -4.76577
50 358.281 1.94879 180.258 1.8139 0.666294 -4.66048
50 357.363 1.83108 180.271 1.83475 0.680655 -4.54766
50 356.448 2.05683 180.293 1.82589 0.693963 -4.42337
50 356.448 2.05683 180.293 1.83305 0.709958 -4.37796
50 355.41 2.39791 180.439 1.80478 0.709519 -4.23396
50 354.603 2.05957 180.211 1.83947 0.744647 -4.10336
50 353.807 1.93518 180.334 1.85955 0.748736 -3.96578
50 353.807 1.93518 180.334 1.86926 0.76256 -3.89658
50 353.807 1.93518 180.334 1.87897 0.776385 -3.82738
50 353.807 1.93518 180.334 1.88869 0.790209 -3.75818
50 351.172 3.27561 180.827 1.77151 0.757699 -3.44966
50 350.48 2.36255 180.656 1.83524 0.776429 -3.29444
50 349.763 1.82093 180.277 1.88611 0.820361 -3.11328
50 349.763 1.82093 180.277 1.89935 0.835555 -3.00671
50 348.846 3.30529 180.436 1.76842 0.835459 -2.81738
50 348.184 3.02174 180.888 8.37059 -9.71027 12.769
50 348.135 1.74911 180.985 28.5257 -1.23446 -1.48159
50 347.465 1.73983 180.996 1.88659 0.799587 -2.32426
50 346.906 2.84779 180.327 1.7919 0.864864 -2.14423
50 346.543 3.53529 180.416 1.71305 0.870074 -1.97937
50 346.215 3.38917 180.64 1.70235 0.86024 -1.81355
50 345.871 2.47507 180.537 1.76695 0.877226 -1.63138
50 345.712 2.15334 180.384 1.79466 0.901844 -1.47526
50 345.712 2.15334 180.384 1.79972 0.914722 -1.33193
50 345.712 2.15334 180.384 1.80472 0.927477 -1.18997
50 345.712 2.15334 180.384 1.80978 0.941469 -1.03423
50 345.031 3.61735 180.704 1.67898 0.924663 -0.828436
50 345.031 3.61735 180.704 1.6524 0.930513 -0.680358
50 344.933 1.96271 180.028 1.78521 1.0016 -0.521899
50 345.057 2.22989 180.639 1.76819 0.962285 -0.382833
50 345.057 2.22989 181.515 1.77155 0.969537 -0.234984
50 345.983 3.89437 181.284 -1.97182 6.22604 -0.161447
50 346.429 2.4551 180.752 35.1825 13.3253 -10.436
50 346.429 2.4551 180.752 1.67981 0.947133 0.0885822
50 347.584 2.80579 180.765 1.65282 0.950763 0.11974
50 348.32 3.54623 181.399 1.5751 0.896451 0.178967
50 348.32 3.54623 181.399 1.55006 0.887292 0.297482
50 348.32 3.54623 181.399 1.52527 0.878223 0.414847
50 348.32 3.54623 181.399 1.49266 0.868353 0.542567
50 350.137 1.66417 180.719 1.67808 0.933291 0.486189
50 350.593 2.6016 180.559 1.59161 0.956231 0.544503
50 351.401 3.74432 180.74 1.46258 0.94549 0.565707
50 352.203 3.775 180.257 1.42975 1.0014 0.580533
50 352.985 2.99526 179.953 1.48186 1.04888 0.58999
50 354.517 2.69679 181.276 1.49694 0.945809 0.528198
50 354.517 2.69679 181.276 1.49029 0.938812 0.59589
50 356.136 2.23369 181.795 1.52515 0.884843 0.515541
50 356.57 1.57821 180.964 1.52842 0.867312 0.563338
50 356.57 1.57821 180.964 1.60304 0.940096 0.569773
50 357.023 2.05616 180.397 1.57013 1.00001 0.571273
50 357.721 3.08626 180.634 1.46879 0.987503 0.545337
50 358.426 3.54257 181.08 1.40649 0.948753 0.513351
50 359.213 2.75121 180.706 1.46054 0.984225 0.470162
50 0.114841 1.8383 179.998 1.53515 1.05448 0.410644
50 0.933986 2.18884 180.784 1.51445 1.00269 0.349801
50 0.933986 2.18884 180.784 1.5187 1.00681 0.354937
50 2.00232 2.9044 182.012 1.44761 0.881608 0.258825
50 2.79147 2.5653 181.657 1.47215 0.896577 0.180831
50 3.21684 1.95648 180.174 1.53122 1.03531 0.129143
50 3.79066 1.6165 180.29 1.57649 1.04189 0.0585842
50 3.79066 1.6165 180.29 1.59277 1.05636 0.0382428
50 5.47268 3.45389 182.589 1.43901 0.857988 -0.132698
50 5.7927 3.53434 181.773 1.40611 0.897044 -0.200725
50 6.08668 2.30358 180.107 1.88338 1.03127 -0.266151
50 6.08668 2.30358 180.107 1.49476 1.04853 -0.30733
50 7.26031 1.46316 181.284 1.57465 0.958221 -0.450894
50 7.26031 1.46316 181.284 1.59494 0.95141 -0.503626
50 8.65981 1.76889 182.049 1.11224 1.32318 -32.4304
50 8.98115 1.22621 180.938 13.0152 24.2148 -7.50326
50 8.98115 1.22621 180.938 1.67447 0.951343 -0.84084
50 9.30941 1.72563 179.975 1.64402 1.05527 -0.934184
50 9.92974 1.88683 181.791 1.64229 0.895365 -1.06272
50 10.3824 1.49664 182.51 1.69163 0.806694 -1.18076
50 10.4799 1.37326 181.14 1.72246 0.900577 -1.26998
50 10.4687 1.27914 180.113 3.94317 24.8702 -1.09009
50 10.4687 1.27914 180.113 1.77676 1.00724 -1.43179
50 10.604 1.78025 181.791 1.75547 0.873274 -1.52515
50 10.3838 1.91266 182.012 1.7566 0.835371 -1.59513
50 9.87976 1.64857 180.433 7.93592 0.956361 -1.63094
50 9.87976 1.64857 180.433 1.80771 0.966295 -1.70621
50 9.31613 1.5341 180.45 1.83564 0.976309 -1.72919
50 9.10731 1.85356 181.576 1.82151 0.873054 -1.77992
50 8.54361 2.07694 181.568 1.81159 0.860755 -1.79761
50 8.54361 2.07694 181.568 1.81831 0.847832 -1.86148
50 7.59174 1.41308 180.48 1.88908 0.939839 -1.83864
50 7.59174 1.41308 180.48 1.91006 0.950502 -1.89334
50 7.59174 1.41308 180.48 1.93124 0.961268 -1.94858
50 6.56071 2.46904 181.007 1.84478 0.918418 -1.90755
50 5.987 2.0021 180.928 1.88633 0.925034 -1.9029
50 5.63452 1.39896 180.39 1.94959 0.975023 -1.91226
50 5.17112 2.52942 180.001 -24.4368 10.0785 8.8749
50 5.17112 2.52942 180.001 1.86719 1.04346 -1.94188
50 4.62714 2.92092 181.143 -7.2813 -25.6256 10.7318
60 4.62714 2.92092 181.143 1.81748 0.959137 -1.95558
60 4.037 1.6609 181.547 1.94322 0.911489 -1.92706
60 3.21045 2.98091 179.917 1.83899 1.04731 -1.87683
60 2.86353 4.12534 179.897 1.72183 1.07216 -1.86148
60 2.86353 4.12534 179.897 1.68394 1.09563 -1.87381
60 2.82122 4.74898 181.488 1.57908 0.948217 -1.88209
60 2.20442 3.79982 180.73 1.62255 1.01296 -1.83692
60 2.20442 3.79982 180.73 1.59174 1.0183 -1.84326
60 1.36623 6.19995 179.944 1.50143 1.13195 -1.7695
60 1.03133 6.19995 179.944 1.25655 1.13493 -1.73597
60 0.759734 6.08079 179.157 1.18604 1.24044 -1.7059
60 359.213 5.51352 180.382 1.10632 1.27965 -1.69914
60 0.59025 5.5179 180.316 1.08722 1.19277 -1.67444
60 0.253098 4.81702 180.563 1.09359 1.18073 -1.63354
60 359.614 5.17627 179.101 1.00401 1.33874 -1.56201
60 359.021 5.52583 178.786 0.907602 1.41169 -1.49148
60 358.622 5.0578 180.061 0.892165 1.32598 -1.4352
60 357.962 4.11548 180.761 0.928228 1.2758 -1.34792
60 357.365 4.0119 180.092 0.90035 1.34615 -1.26061
60 356.638 5.07396 179.346 0.764276 1.43646 -1.15894
60 356.163 6.12219 179.286 0.608867 1.47499 -1.07518
60 356.181 5.99677 179.625 3.45722 -6.40683 -1.40547
60 355.266 5.99423 179.673 0.460272 1.50574 -0.891889
60 354.477 3.8087 179.61 0.619994 1.541 -0.759245
60 352.65 2.514 180.276 0.777463 1.55299 -0.608029
60 352.65 2.514 180.276 0.736823 1.52431 -0.447428
60 351.625 4.92174 180.36 0.476003 1.53065 -0.268258
60 350.594 6.06914 180.384 0.297799 1.54132 -0.0809138
60 349.292 5.66434 179.839 0.26095 1.61146 0.140495
60 347.781 4.32263 179.539 0.326672 1.66655 0.39014
60 346.656 4.00524 180.352 0.317731 1.61343 0.62997
60 345.765 5.4621 180.682 0.1288 1.59381 0.847233
60 344.87 6.17608 179.776 -0.00939965 1.69232 1.07221
60 344.282 4.5148 179.232 38.7159 14.4125 14.9485
60 344.282 4.5148 179.232 0.0106511 1.80387 1.42679
60 343.965 3.63845 179.7 0.0588903 1.79101 1.61035
60 343.965 3.63845 179.7 0.0297609 1.82063 1.78025
60 343.854 5.77069 180.236 -0.230048 1.78999 1.95017
60 343.997 6.22322 178.671 -0.352373 1.97411 2.09668
60 343.997 6.22322 178.671 -0.435162 2.02381 2.25405
H_VAL   H_STEP_SIZE 70 0.05
ROLL KP KI KD 5 12 12
PITCH KP KI KD 5 12 12
YAW KP KI KD 5 5 12
70 352.574 3.36093 181.366 -0.090438 -0.0362781 0.799673
70 352.574 3.36093 181.366 -0.111277 -0.0446373 0.879172
70 352.574 3.36093 181.366 -0.132116 -0.0536527 0.964907
70 352.574 3.36093 181.366 -0.154589 -0.0620115 1.04441
70 352.574 3.36093 181.366 -0.175837 -0.0705346 1.12547
70 352.57 3.13236 181.351 -0.174875 -0.0775412 1.20611
70 352.57 3.13236 181.351 -0.190988 -0.085661 1.28642
70 352.57 3.13236 181.351 -0.2071 -0.0937808 1.36674
70 352.57 3.13236 181.351 -0.223213 -0.101901 1.45407
70 352.57 3.13236 181.351 -0.240733 -0.11073 1.53439
70 352.57 3.13236 181.351 -0.256846 -0.11885 1.6147
70 352.57 3.13236 181.351 -0.272958 -0.126969 1.69502
70 352.57 3.13236 181.351 -0.289071 -0.135089 1.77533
70 352.57 3.13236 181.351 -0.305183 -0.143209 1.85565
70 352.57 3.13236 181.351 -0.321296 -0.151329 1.93596
70 352.57 3.13236 181.351 -0.337408 -0.159527 2.01706
70 352.57 3.13236 181.351 -0.353834 -0.167726 2.09815
70 352.563 2.91115 181.222 -0.348388 -0.163245 2.18066
70 352.563 2.91115 181.222 -0.359949 -0.168681 2.26181
70 352.563 2.91115 181.222 -0.371399 -0.174066 2.3586
70 352.563 2.91115 181.222 -0.38285 -0.179451 2.43115
70 352.563 2.91115 181.222 -0.3943 -0.184836 2.51231
70 352.563 2.91115 181.222 -0.407704 -0.190687 2.59347
70 352.563 2.91115 181.222 -0.417311 -0.196072 2.67462
70 352.563 2.91115 181.222 -0.429642 -0.201457 2.75578
70 352.563 2.91115 181.222 -0.440212 -0.206893 2.83772
70 352.563 2.91115 181.222 -0.451772 -0.212278 2.91887
70 352.563 2.91115 181.222 -0.4641 -0.217715 3.00081
70 352.563 2.91115 181.222 -0.475664 -0.2231 3.08197
70 352.563 2.91115 181.222 -0.487114 -0.228484 3.16313
70 352.563 2.91115 181.222 -0.498565 -0.233869 3.24428
70 352.563 2.91115 181.222 -0.510015 -0.239254 3.32544
70 352.563 2.91115 181.222 -0.521465 -0.244639 3.4066
70 352.563 2.91115 181.222 -0.533026 -0.250075 3.48853
70 352.563 2.91115 181.222 -0.543485 -0.25546 3.56969
70 352.563 2.91115 181.222 -0.555927 -0.260845 3.65085
70 352.563 2.91115 181.222 -0.567377 -0.26623 3.732
70 352.563 2.91115 181.222 -0.578827 -0.271614 3.81316
70 352.563 2.91115 181.222 -0.589397 -0.277051 3.8951
70 352.563 2.91115 181.222 -0.600847 -0.282436 3.97625
70 352.563 2.91115 181.222 -0.616204 -0.287821 4.05741
70 352.563 2.91115 181.222 -0.624739 -0.293205 4.13857
70 352.563 2.91115 181.222 -0.635308 -0.298642 4.2205
70 352.563 2.91115 181.222 -0.646759 -0.304027 4.30166
70 352.563 2.91115 181.222 -0.659201 -0.309412 4.38282
70 352.563 2.91115 181.222 -0.67065 -0.314796 4.46397
70 352.563 2.91115 181.222 -0.682101 -0.320181 4.54513
70 352.563 2.91115 181.222 -0.693661 -0.325618 4.62707
70 352.563 2.91115 181.222 -0.705112 -0.331003 4.70822
70 352.563 2.91115 181.222 -0.716672 -0.336439 4.79016
70 352.563 2.91115 181.222 -0.728122 -0.341824 4.87132
70 352.789 2.80028 181.209 -0.72757 -0.345821 4.93151
70 352.789 2.80028 181.209 -0.736605 -0.350918 5.01062
70 352.789 2.80028 181.209 -0.745727 -0.356065 5.0905
70 352.789 2.80028 181.209 -0.754763 -0.361163 5.17037
70 352.789 2.80028 181.209 -0.763885 -0.36631 5.24948
70 352.789 2.80028 181.209 -0.773008 -0.371457 5.32935
70 353.016 2.80374 181.203 -0.862865 -0.24273 0.0959835
70 353.016 2.80374 181.203 -0.791637 -0.381113 5.46698
70 353.016 2.80374 181.203 -0.800748 -0.386086 5.54403
70 353.244 2.80717 181.197 -0.810266 -0.390565 5.60197
70 353.244 2.80717 181.197 -0.81875 -0.39546 5.67695
70 353.244 2.80717 181.197 -0.828024 -0.399935 5.72096
70 353.607 2.91813 181.196 -0.848422 -0.404715 5.68931
70 353.607 2.91813 181.196 -0.860024 -0.409584 5.68931
70 353.948 2.92313 181.187 -0.872333 -0.413589 5.65952
70 354.288 2.81361 181.173 -0.884045 -0.418218 5.65952
70 354.288 2.81361 181.173 -0.883994 -0.421329 5.62984
70 354.629 2.93822 181.055 -0.905449 -0.414351 5.6001
70 354.629 2.93822 181.055 -0.917605 -0.416115 5.6001
70 354.974 2.93754 181.16 -0.929687 -0.429201 5.56995
70 355.427 2.83363 181.03 -0.932253 -0.42133 5.53042
70 355.427 2.83363 181.03 -0.942015 -0.422523 5.53042
70 355.772 2.95238 181.025 -0.963223 -0.423326 5.50034
70 355.772 2.95238 181.025 -0.975571 -0.424425 5.50034
70 356.24 2.83447 181.01 -0.975157 -0.423918 5.45948
70 356.809 2.84399 180.882 -0.985966 -0.412058 5.40982
70 356.815 2.83759 181.097 -0.845523 -5.75941 5.27613
70 357.502 2.84548 181.093 -1.00542 -0.431707 5.34937
70 358.187 2.85481 180.962 -1.01582 -0.42064 5.2896
70 359.22 2.86425 180.936 -1.22488 0.122007 -18.8296
70 359.22 2.86425 180.936 -1.03781 -0.417205 5.19949
70 359.796 2.86887 181.036 -1.04894 -0.427307 5.14915
70 0.473481 2.87317 180.561 -1.06012 -0.379243 5.09005
70 1.39729 2.87977 180.767 -1.07057 -0.391191 5.00944
70 2.08827 2.88562 180.864 -1.08202 -0.396356 4.94603
70 2.99905 2.88496 180.612 -1.09306 -0.369547 4.85759
70 3.79405 2.87983 180.363 -1.10354 -0.337083 4.77085
70 4.72422 2.77885 180.459 -1.10467 -0.33287 4.66513
70 5.75762 2.90533 180.657 -1.12552 -0.340645 4.54202
70 6.79074 2.77396 180.18 -1.12453 -0.288623 4.40965
70 8.02536 2.84398 179.571 -1.14029 -0.21315 4.24699
70 9.40458 2.82994 179.423 -1.14914 -0.167926 4.06198
70 11.1588 2.84867 179.608 -1.16056 -0.151033 3.83238
70 12.9889 2.87498 179.904 -1.17334 -0.149011 3.57847
70 15.2242 2.58244 180.234 -1.15692 -0.15618 3.27292
70 17.2743 2.75688 179.814 -1.17775 -0.100117 2.96205
70 19.4529 3.2196 179.1 -1.23057 -0.00568375 2.61907
70 21.9294 3.86803 178.205 -1.31396 0.132295 2.19692
70 24.9196 4.46024 177.843 -1.4058 0.224329 1.73235
70 28.3556 4.5905 178.016 -1.46816 0.280176 1.1993
70 32.0292 4.39472 178.263 -1.49637 0.319647 0.607689
70 36.1817 4.19027 178.397 -1.51895 0.364842 -0.0599728
70 40.2522 4.0638 178.756 -1.54569 0.378194 -0.699866
70 44.826 4.60918 179.72 -1.64011 0.324569 -1.48341
70 49.0074 4.36915 179.902 -1.66401 0.33261 -2.2825
70 52.7318 2.93479 178.937 -1.55362 0.459834 -3.07266
70 56.3067 1.59324 178.113 -1.42249 0.585538 -3.75165
70 298.218 1.78903 181.125 -1.37683 0.641734 -4.60065
70 65.8277 2.51393 180.29 0.451809 1.44737 -25.5677
70 68.32 2.64895 180.425 -1.4844 0.497778 -6.4496
70 70.1744 1.41953 179.426 -1.37605 0.602668 -7.22761
70 71.7582 0.40869 179 -1.26354 0.675264 -7.88104
70 72.9283 0.160658 180.024 -1.19288 0.622189 -8.63658
70 72.9283 0.160658 180.024 -1.14395 0.643093 -9.29103
70 73.5255 1.07847 179.911 -1.17858 0.674325 -9.99854
70 73.5255 1.07847 179.911 -1.14956 0.697948 -10.6647
70 73.5255 1.07847 179.397 -1.12055 11.5364 27.1138
70 71.6997 5.34681 179.628 -1.34422 0.801796 -11.1256
70 69.9919 5.34654 179.628 -1.58114 0.811811 -10.9766
70 67.842 7.93947 180.263 -1.8337 0.80353 -10.789
70 62.3467 6.71611 180.234 -1.99857 0.793186 42.3278
70 59.3 4.4726 179.042 50.398 28.6529 60.8558
70 56.2466 1.43476 177.812 69.1107 29.7059 -9.75748
70 52.8504 359.339 177.898 -1.37014 1.13154 -9.48069
70 49.1425 359.332 178.542 -1.30063 1.14108 -9.15712
70 44.9345 0.149703 180.062 -1.31366 1.05158 -8.7899
70 40.3615 1.93048 182.588 -1.4295 0.837163 -8.39084
70 35.9819 3.52255 184.523 -1.57334 0.614211 -8.00864
70 30.9421 4.97663 185.052 -1.74138 0.484179 -7.56884
70 25.588 5.72856 183.408 -1.87287 0.55537 -7.1016
70 19.8059 5.46867 180.563 -1.92033 0.787068 -6.59702
70 14.2435 4.64099 179.19 -1.90533 0.933454 -6.11161
70 8.72558 2.95172 179.431 -1.78275 0.948144 -5.63008
70 3.00017 2.08898 180.862 -1.70632 0.833852 -5.13044
70 357.322 2.91339 182.935 -1.78383 0.624872 -4.60607
70 351.227 4.9493 184.521 -2.00733 0.416402 -3.99619
70 345.088 7.60771 184.702 -2.33859 0.320351 -3.32396
70 345.088 7.60771 184.702 -2.45344 0.238381 -3.17496
70 330.207 8.85727 178.904 -2.69564 0.747439 -1.63233
70 323.221 4.17161 177.277 -2.35289 0.962287 -0.687681
70 316.464 0.0188225 177.789 -1.96156 0.989833 0.295438
70 309.544 358.428 180.908 -1.74172 0.730793 1.36458
70 302.752 359.754 184.041 -1.79532 0.401802 2.48041
70 296.313 3.62814 185.478 -2.15348 0.180063 3.63467
70 290.124 7.28168 184.228 -2.57207 0.215965 4.81774
70 277.794 12.817 177.894 -3.04801 0.525792 6.06485
70 272.079 9.23412 178.855 80.2328 -21.6139 100
70 266.441 5.1043 180.559 100 -43.9773 100
70 261.401 1.37369 181.239 -2.64674 0.59723 10.4934
70 257.058 358.313 180.462 -2.34647 0.661919 11.7962
