H_VAL   H_STEP_SIZE 60 0.1
ROLL KP KI KD 5 12 12
PITCH KP KI KD 5 12 12
YAW KP KI KD 0 0 0
60 166.599 3.79597 181.138 -0.128113 -0.0150971 0
60 166.599 3.79597 181.138 -0.160018 -0.0185153 0
60 166.599 3.79597 181.138 -0.191923 -0.0222069 0
60 166.599 3.79597 181.138 -0.221465 -0.0256251 0
60 166.599 3.79597 181.138 -0.253665 -0.0293509 0
60 166.599 3.79597 181.138 -0.283207 -0.0327691 0
60 166.599 3.79597 181.138 -0.315112 -0.0364608 0
60 166.599 3.79597 181.138 -0.344654 -0.039879 0
60 166.599 3.79597 181.138 -0.376855 -0.0436048 0
60 166.599 3.79597 181.138 -0.406692 -0.0470572 0
60 166.599 3.79597 181.138 -0.436529 -0.0505096 0
60 166.599 3.79597 181.138 -0.469025 -0.0542696 0
60 166.599 3.79597 181.138 -0.498862 -0.0577562 0
60 166.599 3.79597 181.138 -0.528995 -0.0612086 0
60 166.599 3.79597 181.138 -0.561786 -0.0650028 0
60 166.599 3.79597 181.138 -0.591623 -0.0684552 0
60 166.579 2.611 180.422 27.0591 16.6522 0
60 166.579 2.611 180.422 -0.521227 0.00459863 0
60 166.579 2.611 180.422 -0.526329 0.0161595 0
60 166.587 2.79856 180.79 -0.551522 -0.0119546 0
60 166.587 2.79856 180.79 -0.560347 -0.00773447 0
60 166.587 2.79856 180.79 -0.569777 -0.00382412 0
60 166.579 2.611 180.422 -0.558896 0.0387756 0
60 166.579 2.611 180.422 -0.564045 0.0513935 0
60 166.579 2.611 180.422 -0.568816 0.0630854 0
60 166.592 2.65775 181.004 -0.578332 0.0157167 0
60 166.477 2.99739 181.047 -0.615966 0.0110447 0
60 166.477 2.99739 181.047 -0.62891 0.00951249 0
60 166.477 2.99739 181.047 -0.64288 0.0078589 0
60 166.469 3.038 180.706 -0.660083 0.0420905 0
60 166.469 3.038 180.706 -0.674985 0.0482231 0
60 166.469 3.038 180.706 -0.688784 0.0539055 0
60 166.469 3.038 180.706 -0.70245 0.0595317 0
60 166.587 3.60878 180.77 -0.778668 0.0589374 0
60 166.587 3.60878 180.77 -0.804546 0.0632671 0
60 166.587 3.60878 180.77 -0.830423 0.0675969 0
60 166.583 3.16706 180.603 -0.809313 0.0898645 0
60 166.577 3.08006 180.362 -0.817325 0.121848 0
60 166.577 3.08006 180.362 -0.832018 0.13481 0
60 166.467 3.50658 180.647 -0.891106 0.122212 0
60 166.467 3.50658 180.647 -0.916934 0.129773 0
60 166.478 3.69338 181.015 -0.962704 0.0980417 0
60 166.46 3.30617 180.392 -0.955475 0.15373 0
60 166.46 3.30617 180.392 -0.974951 0.166055 0
60 166.567 3.34799 180.048 -1.00063 0.216235 0
60 166.567 3.34799 180.048 -1.02119 0.236038 0
60 166.567 3.34799 180.048 -1.04155 0.255647 0
60 166.797 4.48799 180.173 -1.18424 0.263604 0
60 166.581 4.43096 180.637 -1.23012 0.232585 0
60 166.581 4.43096 180.637 -1.27381 0.240378 0
60 166.226 3.53026 180.426 -1.22479 0.270048 0
60 166.34 3.31824 180.282 -1.23135 0.296468 0
60 166.34 3.31824 180.282 -1.25108 0.311127 0
60 166.577 4.1037 180.483 -1.34383 0.307307 0
60 166.577 4.1037 180.483 -1.38342 0.318644 0
60 166.577 4.1037 180.483 -1.41976 0.329053 0
60 166.226 3.9844 180.481 -1.44641 0.340539 0
60 166.226 3.9844 180.481 -1.48325 0.351908 0
60 166.226 3.9844 180.481 -1.52009 0.363277 0
60 166.577 4.44435 180.523 -1.59957 0.370789 0
60 166.577 4.44435 180.523 -1.647 0.381199 0
60 166.569 4.13049 180.255 -1.66145 0.415565 0
60 166.569 4.13049 180.255 -1.69837 0.430784 0
60 166.569 4.13049 180.255 -1.73857 0.447359 0
60 166.569 4.13049 180.255 -1.77585 0.462729 0
60 166.569 4.13049 180.255 -1.81276 0.477948 0
60 166.468 3.96118 180.701 -1.83735 0.452641 0
60 166.468 3.96118 180.701 -1.87101 0.458497 0
60 166.468 3.96118 180.701 -1.90434 0.464296 0
60 166.596 3.92306 181.038 -1.9371 0.436456 0
60 166.596 3.92306 181.038 -1.96994 0.435111 0
60 166.573 3.88983 180.342 -1.99887 0.509188 0
60 166.573 3.88983 180.342 -2.03357 0.523762 0
60 166.573 3.88983 180.342 -2.06566 0.537276 0
60 166.46 3.64732 180.433 -2.07445 0.542074 0
60 166.46 3.64732 180.433 -2.10114 0.554562 0
60 166.47 3.60675 180.774 -2.12621 0.530238 0
60 166.47 3.60675 180.774 -2.15204 0.534532 0
60 166.463 3.6338 180.546 -2.18124 0.562763 0
60 166.463 3.6338 180.546 -2.2079 0.571914 0
60 166.325 3.71372 179.868 -2.24211 0.642914 0
60 166.325 3.71372 179.868 -2.27049 0.666558 0
60 166.325 3.71372 179.868 -2.30109 0.692056 0
60 166.46 3.64732 180.433 -2.32264 0.655533 0
60 166.46 3.64732 180.433 -2.34933 0.667 0
60 166.477 3.46599 180.988 -2.35724 0.620253 0
60 166.249 3.43407 181.222 -2.37912 0.596176 0
60 166.226 3.41665 180.413 -2.40176 0.671247 0
60 166.226 3.41665 180.413 -2.42357 0.68314 0
60 166.474 3.70689 180.901 -2.47457 0.64639 0
60 166.474 3.70689 180.901 -2.5028 0.647967 0
60 166.466 3.2791 180.619 -2.4883 0.67924 0
60 166.466 3.2791 180.619 -2.50739 0.68683 0
60 166.34 3.0908 180.255 -2.50887 0.728107 0
60 166.34 3.0908 180.154 -2.52512 0.744701 0
60 166.337 3.21818 180.154 -2.55403 0.770954 0
60 166.46 3.1924 180.379 -2.56911 0.764927 0
60 166.466 3.05154 180.592 -2.57367 0.757359 0
60 166.481 2.74261 181.248 -2.55984 0.706026 0
60 166.481 2.74261 181.248 -2.56739 0.700256 0
60 166.481 2.74261 181.248 -2.57562 0.693971 0
60 166.481 2.74261 181.248 -2.58325 0.688144 0
60 166.247 3.56141 181.122 -2.67958 0.695938 0
60 166.247 3.56141 181.122 -2.70672 0.692573 0
60 166.347 3.85914 180.577 -2.76357 0.747582 0
60 166.488 3.65281 181.356 -2.77519 0.681131 0
60 166.383 3.59564 181.814 -2.79697 0.63047 0
60 166.524 4.33978 182.36 -20.208 -12.142 -0
60 166.524 4.33978 182.36 -2.93294 0.532855 0
60 167.181 5.6343 183.401 -2.55346 0.389719 0
60 167.862 7.12678 184.683 -3.34499 0.200747 0
60 168.444 8.67889 185.614 -3.62122 0.0150079 0
60 169.233 10.199 187.313 -3.9157 -0.263011 0
60 169.983 11.5647 189.57 -4.22804 -0.637377 0
60 170.701 12.5457 191.319 -4.52933 -1.00685 0
60 170.634 13.2562 192.332 -4.82213 -1.3348 0
60 169.834 13.1695 192.537 -5.04798 -1.62206 0
60 168.298 11.1257 189.24 -5.10417 -1.55407 0
60 166.572 6.90711 182.314 -4.88659 -1.06556 0
60 165.483 0.892882 175.724 -4.40513 -0.460036 0
60 165.142 355.206 171.392 -3.82824 0.0603746 0
60 165.643 351.202 169.617 -3.28036 0.441379 0
60 166.443 350.691 170.437 -2.98798 0.604315 0
60 167.045 353.862 174.918 -3.05051 0.385557 0
60 167.496 358.845 179.989 -3.37169 0.00169098 0
60 168.043 3.33211 183.459 -3.75268 -0.330786 0
60 168.219 6.26834 185.374 -4.07197 -0.579624 0
60 167.766 6.57932 185.439 -4.18736 -0.681112 0
60 166.778 4.39468 182.933 -4.0552 -0.525875 0
60 165.629 0.953753 178.85 -3.74656 -0.145903 0
60 164.906 357.858 175.207 -3.39066 0.282234 0
60 164.462 355.654 173.62 -3.06243 0.572242 0
60 164.936 356.743 175.753 -3.01632 0.536666 0
60 165.764 359.218 178.863 -3.11577 0.368634 0
60 166.597 1.76552 181.706 -3.28378 0.15078 0
60 167.359 3.55536 183.39 -3.43868 -0.0255239 0
60 167.359 3.55536 183.39 -3.46368 -0.07712 0
60 166.952 2.72518 181.463 -3.41038 0.0526151 0
60 166.337 1.209 179.568 -3.27446 0.223841 0
60 165.651 0.00203392 178.154 -3.13294 0.387645 0
60 165.651 0.00203392 178.154 -3.08252 0.447313 0
60 165.184 0.118516 179.091 -5.75314 0.426033 0
60 165.422 0.625316 180.542 -14.8287 -33.4072 -0
60 165.422 0.625316 180.542 -2.99773 0.347077 0
60 165.768 1.23737 181.194 -3.02638 0.285447 0
60 166.114 1.19785 180.607 -2.99612 0.336739 0
60 166.106 1.06727 179.784 -2.95843 0.422316 0
60 165.983 0.823487 178.947 -2.90772 0.525155 0
60 165.983 0.823487 178.947 -2.87435 0.568472 0
60 165.64 0.696733 179.972 -2.82528 0.509403 0
60 165.542 0.810633 180.91 -2.80055 0.437352 0
60 165.547 0.951663 181.621 -2.78016 0.370346 0
60 165.547 0.951663 181.621 -2.74983 0.35546 0
60 165.547 0.951663 181.621 -2.7168 0.341793 0
60 165.659 1.55358 180.541 -2.74727 0.437584 0
60 165.756 1.8344 180.114 -2.75636 0.488098 0
60 165.756 1.8344 180.114 -2.74377 0.507755 0
60 165.992 1.48051 180.182 -2.69608 0.519241 0
60 165.992 1.48051 180.182 -2.67694 0.536016 0
60 165.883 1.39513 180.865 -2.64742 0.484921 0
60 165.883 1.39513 180.865 -2.62627 0.487236 0
60 165.635 1.7486 179.874 -2.63855 0.583365 0
60 165.635 1.7486 179.874 -2.62388 0.608728 0
60 165.875 1.47979 180.183 -2.5844 0.60246 0
60 165.875 1.47979 180.183 -2.56505 0.619369 0
60 165.875 1.47979 180.183 -2.5457 0.636279 0
60 165.766 1.74913 180.796 -2.52503 -13.6527 0
60 165.766 1.74913 180.796 -2.53374 0.605058 0
60 165.766 1.74913 180.796 -2.51895 0.609219 0
60 165.655 1.93864 180.244 -2.52562 0.672108 0
60 165.655 1.93864 180.244 -2.51607 0.68773 0
60 165.873 1.72144 180.098 -2.48434 0.718331 0
60 165.833 3.3064 178.563 -2.62308 0.884777 0
60 165.833 3.3064 178.563 -2.64429 0.94033 0
60 165.833 3.3064 178.563 -2.66551 0.995883 0
60 165.833 3.3064 178.563 -2.68673 1.05144 0
60 165.501 11.9772 171.885 -3.63531 1.82127 0
60 165.501 11.9772 171.885 -3.83821 2.01545 0
60 164.564 15.5104 169.145 -4.39786 2.48313 0
60 164.231 15.3821 168.46 -4.66543 2.80432 0
60 164.231 15.3821 168.46 -4.96485 3.09265 0
60 165.166 8.76007 175.927 -4.57031 2.602 0
60 165.559 2.84632 181.284 -4.10578 2.16384 0
60 165.588 357.439 186.494 -3.53596 1.61599 0
60 165.22 353.456 194.729 -2.99781 -59.0861 0
60 164.817 351.952 194.607 -2.62422 0.359941 0
60 164.903 357.611 186.621 -2.9461 0.837531 0
60 164.707 1.99074 178.996 -3.2658 1.45099 0
60 164.227 5.77117 173.498 -3.63403 2.04583 0
60 164.152 8.3208 170.358 -3.95609 2.51313 0
60 164.385 8.78769 169.476 -4.12996 2.8287 0
60 165.207 6.8845 173.485 -4.10706 2.72764 0
60 166.115 4.02209 180.258 -3.91295 2.20026 0
60 166.491 1.09537 186.362 -3.64315 1.57548 0
60 166.757 358.817 190.139 -3.37615 1.06349 0
60 166.757 358.817 190.139 -3.30065 0.86963 0
60 166.354 358.955 187.724 -3.2322 0.910331 0
60 165.886 0.856136 182.415 -3.3587 1.32395 0
60 165.211 3.1818 176.947 -3.57087 1.86884 0
60 164.629 4.86361 173.249 -3.76775 2.35042 0
60 164.669 5.75714 175.101 -3.91139 2.3517 0
60 164.999 4.80863 178.667 -3.89213 2.13387 0
60 165.458 2.98389 181.998 -3.76875 1.86302 0
60 166.003 0.609716 185.385 -3.55744 1.5214 0
60 166.003 0.609716 185.385 -3.51653 1.41979 0
60 166.726 358.837 185.977 -3.29563 1.26455 0
60 166.902 359.712 182.504 -3.30869 1.51019 0
60 166.909 1.19221 179.675 -3.3996 1.76835 0
60 166.412 3.59575 178.928 -59.5231 19.2596 0
60 166.412 3.59575 178.928 -3.61599 1.90459 0
60 166.087 3.72514 179.762 -3.65618 1.85799 0
60 165.91 2.85334 181.275 -3.59018 1.71944 0
60 165.912 1.38665 182.824 -3.44352 1.5477 0
60 166.102 0.0943918 183.012 -3.29296 1.48904 0
60 166.348 0.552165 182.142 -3.28483 1.52406 0
60 166.348 0.552165 182.142 -3.24566 1.49913 0
60 166.474 2.42799 180.98 -3.39385 1.59024 0
60 166.472 3.02446 180.82 -17.3283 5.32217 0
60 166.472 3.02446 180.82 -3.46158 1.60769 0
60 166.249 2.24161 181.539 -3.40265 1.54428 0
60 166.249 2.24161 181.539 -3.39934 1.53128 0
60 166.127 1.37285 182.013 -3.30499 1.46942 0
60 166.133 1.55896 182.382 -3.30092 1.4124 0
60 166.141 2.28366 182.124 -3.28327 7.43556 -0
60 166.141 2.28366 182.124 -3.34414 1.37812 0
60 166.484 2.36023 181.548 -3.34934 1.40904 0
60 166.484 2.36023 181.548 -3.3488 1.39691 0
60 166.484 2.36023 181.548 -3.34822 1.3837 0
60 166.253 1.49298 182.95 -3.26255 1.23378 0
60 166.031 1.33376 183.278 -3.22865 1.16103 0
60 166.031 1.33376 183.278 -3.20442 1.10798 0
60 166.014 1.42819 182.484 -3.19136 1.13785 0
60 166.006 1.44035 181.446 -3.17032 1.20614 0
60 166.237 1.48563 181.102 -3.15448 1.22914 0
60 166.237 1.48563 181.102 -3.13526 1.22643 0
60 166.248 1.60325 182.039 -3.12823 1.12501 0
60 166.134 1.53118 182.61 -3.10278 1.04148 0
60 166.134 1.53118 182.61 -3.0845 1.00655 0
60 165.894 1.76559 181.604 -3.08772 1.06333 0
60 165.879 2.02034 180.481 -3.07448 27.2792 0
60 165.879 2.02034 180.481 -3.0883 1.15925 0
60 166.109 1.82287 180.222 -3.05942 1.19747 0
60 165.884 1.38102 180.979 -3.00727 1.14478 0
60 165.884 1.38102 180.979 -2.98413 1.14469 0
60 165.884 1.38102 180.979 -2.96267 1.1446 0
60 165.668 1.31014 181.549 -2.93364 1.08365 0
60 165.796 1.82537 182.073 -2.96383 1.01546 0
60 165.812 2.85089 182.201 -3.05512 0.978778 0
60 166.103 4.19688 183.514 -3.19944 0.821517 0
60 166.667 5.17929 185.221 -3.33433 0.60005 0
60 167.243 6.28959 186.826 -3.508 0.344175 0
60 167.883 7.94699 188.118 -3.751 0.0947875 0
60 168.514 9.52075 189.048 -4.02017 -0.147486 0
60 169.005 10.6478 189.815 -4.28268 -0.39737 0
60 169.131 11.6484 190.373 -4.54165 -0.639914 0
60 169.189 11.8727 190.732 -4.76582 -0.86358 0
60 169.189 11.8727 190.732 -4.98638 -1.09041 0
60 169.255 11.2774 190.784 -5.13347 -1.30815 0
60 169.27 10.5029 190.354 -5.25373 -1.48106 0
60 168.846 9.541 188.91 -5.33785 -1.54679 0
60 168.065 7.61169 185.758 -5.30606 -1.4139 0
60 166.936 4.65166 180.763 -5.13322 -1.03512 0
60 165.943 1.20573 175.879 -4.84988 -0.559302 0
60 165.404 357.871 172.214 -4.4978 -0.0749314 0
60 165.124 355.625 170.866 -4.16865 0.246782 0
60 165.253 355.921 173.923 -11.8039 -79.8508 -0
60 165.573 357.625 177.737 -43.7164 -88.7506 -0
60 166.226 359.858 180.214 -4.16217 -0.155009 0
60 166.815 1.79143 181.476 -4.28687 -0.255617 0
60 166.935 2.74333 181.237 -4.36231 -0.24428 0
60 166.436 2.08866 178.979 10.9233 52.4882 0
60 165.74 0.742235 176.861 -4.18269 0.187193 0
60 165.184 359.563 176.245 -4.03554 0.339092 0
60 165.184 359.563 176.245 -3.97525 0.44013 0
60 165.184 359.563 176.245 -3.91556 0.540178 0
60 165.072 359.487 177.737 -3.84252 0.49234 0
60 165.536 0.285992 179.575 -3.86304 0.371934 0
60 165.874 1.26632 180.041 -3.91726 0.354761 0
60 165.864 1.25129 179.232 -3.89196 0.449783 0
60 165.746 0.65429 178.465 -3.8106 0.56083 0
60 165.53 0.231924 178.183 7.32144 8.03474 0
60 165.53 0.231924 178.183 -3.68644 0.703889 0
60 165.415 0.572655 179.15 -3.67445 0.667 0
60 165.419 1.26801 180.047 -3.70267 0.619649 0
60 165.42 1.48122 180.189 -3.6961 0.62824 0
60 165.42 1.48122 180.189 -3.67697 0.644858 0
60 165.415 0.984639 179.549 -3.60819 0.725456 0
60 165.414 0.68661 179.164 -3.55013 0.795238 0
60 165.414 0.68661 179.164 -3.51099 0.833913 0
60 165.536 0.71307 179.86 -3.47734 0.803181 0
60 165.539 0.769105 180.328 -3.44692 0.78267 0
60 165.424 0.695462 180.897 -3.40287 0.744965 0
60 165.424 0.695462 180.897 -3.36393 0.74676 0
60 165.303 0.797273 180.103 -3.33708 0.820556 0
60 165.531 0.999051 179.434 -8.01671 16.4563 -0
60 165.531 0.999051 179.434 -3.29181 0.934281 0
60 165.531 0.999051 179.434 -3.25958 0.967193 0
60 165.752 1.53592 179.73 -3.27803 0.975082 0
60 165.752 1.53592 179.73 -3.25988 1.00167 0
60 165.306 1.09478 180.487 -3.19137 0.946913 0
60 165.306 1.09478 180.487 -3.1638 0.957325 0
60 165.306 1.09478 180.487 -3.13406 0.968554 0
60 165.306 1.09478 180.487 -3.10676 0.978864 0
60 165.072 0.548354 181.111 -3.02333 0.925894 0
60 165.072 0.548354 181.111 -2.98139 0.922772 0
60 165.303 1.48046 180.191 -3.03681 1.01654 0
60 165.303 1.48046 180.191 -3.01767 1.03312 0
60 165.303 1.48046 180.191 -2.99682 1.05119 0
60 165.655 2.16651 180.272 -3.04561 1.06098 0
60 165.312 1.97599 180.832 -3.0225 1.02437 0
60 165.312 1.97599 180.832 -3.01384 1.02739 0
60 165.312 1.97599 180.832 -3.00509 1.03044 0
60 165.186 1.59347 180.207 -2.95768 1.09822 0
60 165.186 1.59347 180.207 -2.93943 1.11446 0
60 165.186 1.59347 180.207 -2.92252 1.13086 0
60 165.774 2.95072 180.483 -38.5565 -5.29874 -0
60 165.774 2.95072 180.483 -3.03585 1.13589 0
60 165.557 2.61878 181.255 -3.01243 1.06382 0
60 165.312 1.24898 181.085 28.9813 5.04186 0
60 165.312 1.24898 181.085 -2.86911 1.0705 0
60 165.308 1.17923 180.729 -2.8375 1.1055 0
60 165.308 1.17923 180.729 -2.81199 1.1107 0
60 165.663 2.33685 180.755 -2.88933 1.11405 0
60 165.663 2.33685 180.755 -2.88821 1.11911 0
60 165.556 2.02064 181.41 -2.85282 1.05265 0
60 165.432 1.46375 181.226 -2.78943 1.06174 0
60 165.432 1.46375 181.226 -2.76994 1.05597 0
60 165.432 1.46375 181.226 -2.74696 1.05017 0
60 165.432 1.46375 181.226 -2.72747 1.04486 0
60 165.432 1.46375 181.226 -2.70778 1.03949 0
60 165.432 1.46375 181.226 -2.68654 1.03371 0
60 165.432 1.46375 181.226 -2.66704 1.02839 0
60 165.42 2.16432 180.277 -2.72346 1.12616 0
60 165.425 1.6652 180.559 -2.67125 1.11558 0
60 165.432 1.46375 181.226 -2.63757 1.06389 0
60 165.432 1.46375 181.226 -2.61807 1.05858 0
60 165.435 1.54844 181.468 -2.60731 1.0274 0
60 165.435 1.54844 181.468 -2.58803 1.01697 0
60 165.313 1.73371 180.916 -2.58992 1.06532 0
60 165.313 1.73371 180.916 -2.576 1.06657 0
60 165.198 0.970651 182.321 -2.47983 0.918249 0
60 165.423 0.517344 183.184 -2.40283 0.800413 0
60 165.681 358.596 185.596 -2.36292 0.753214 0
60 165.681 358.596 185.596 -2.11434 0.44403 0
60 165.416 356.765 187.098 -1.8304 0.175925 0
60 165.172 354.578 188.674 -1.49033 -0.113803 0
60 165.172 354.578 188.674 -1.32352 -0.278273 0
60 165.172 354.578 188.674 -1.15672 -0.442742 0
60 164.801 350.821 191.898 -0.63757 -0.910038 0
60 164.474 350.772 192.806 -0.36407 -1.24965 0
60 164.247 351.166 193.197 -0.149484 -1.54048 0
60 164.247 351.166 193.197 0.0901916 -1.80158 0
60 164.247 351.166 193.197 0.327517 -2.06012 0
60 164.894 355.844 186.856 0.0803407 -1.65532 0
60 165.155 7.91161 172.899 -100 100 0
60 165.21 8.00982 172.932 -1.09403 -0.220075 0
60 165.21 8.00982 172.932 -1.21536 -0.0465687 0
60 164.421 14.3819 167.259 -2.00635 0.721229 0
60 164.71 11.1502 171.504 -1.9511 0.60127 0
60 165.233 6.94248 177.429 -1.7033 0.190978 0
60 165.576 2.34579 182.491 -1.33308 -0.248142 0
60 165.715 359.541 186.409 -1.04686 -0.679731 0
60 165.884 358.965 188.302 -0.925876 -0.993104 0
60 166.042 1.80448 183.22 -1.11499 -0.682681 0
60 165.745 4.83898 177.369 -1.39457 -0.167843 0
60 165.241 7.61751 173.109 -1.71499 0.320086 0
60 164.774 9.50071 170.705 -2.00491 0.715531 0
60 164.774 9.50071 170.705 -2.15691 0.934925 0
60 165.246 7.76039 174.753 -2.15948 0.79624 0
60 165.702 5.9038 179.122 -2.10218 0.52406 0
60 165.951 3.9779 182.453 -1.99879 0.254851 0
60 166.076 2.60479 184.242 -1.90325 0.0483044 0
60 166.076 2.60479 184.242 -1.90825 -0.0209209 0
60 166.152 2.17261 183.035 -1.86672 0.0384448 0
60 166.1 3.22939 180.047 -1.9752 0.313958 0
60 165.977 4.73765 177.233 -2.15848 0.64108 0
60 165.977 4.73765 177.233 -2.21267 0.727294 0
60 165.63 6.95618 176.367 -2.49506 0.897221 0
60 165.513 6.59627 178.178 -2.55557 0.80876 0
60 165.401 5.55722 180.018 -2.53831 0.678883 0
60 165.303 3.5267 180.455 -2.42696 0.661253 0
60 165.303 3.5267 179.825 -2.45134 0.672254 0
60 165.404 3.14695 179.825 -2.43446 0.751753 0
60 165.592 3.76137 178.627 -2.51904 0.908638 0
60 165.592 3.76137 178.627 -2.54584 0.954368 0
60 165.792 5.2649 178.576 -2.73916 1.01057 0
60 165.719 5.26424 179.504 -2.80061 0.9671 0
60 165.65 4.68133 180.474 -2.80421 0.893158 0
60 165.65 4.68133 180.474 -2.85278 0.903757 0
60 165.192 3.26845 180.656 -2.76077 0.896281 0
60 165.055 3.24239 179.963 -2.77736 0.968713 0
60 165.149 3.55912 179.308 -2.82759 1.05509 0
60 165.149 3.55912 179.308 -2.85266 1.09069 0
60 165.757 3.70442 180 -2.89249 1.056 0
60 165.757 3.70442 180 -2.9226 1.07824 0
60 165.774 2.6091 180.44 -2.8339 1.05221 0
60 165.665 2.3225 180.869 -2.81163 1.0232 0
60 165.665 2.3225 180.869 -2.8103 1.02545 0
60 165.528 3.00538 180.035 -2.88301 1.1185 0
60 165.518 3.82959 179.909 -2.9725 1.15024 0
60 165.518 3.82959 179.909 -3.00335 1.17302 0
60 165.641 3.36208 179.961 -3.0339 -0.0186808 -0
60 165.641 3.36208 179.961 -3.0158 1.21455 0
60 165.55 2.66217 180.914 -2.96694 1.14124 0
60 165.431 2.319 180.873 -2.94109 1.14634 0
60 165.431 2.319 180.873 -2.93956 1.14868 0
60 165.431 2.319 180.873 -2.93816 1.15082 0
60 165.431 2.319 180.873 -2.93673 1.15298 0
60 165.402 3.04789 179.697 -3.00167 1.26438 0
60 165.402 3.04789 179.697 -3.01693 1.29168 0
60 165.637 2.49486 179.506 -2.97205 1.33938 0
60 165.764 2.43828 179.958 -2.96914 1.32887 0
60 165.543 2.93307 180.603 -3.01541 1.29381 0
60 165.543 2.93307 180.603 -3.027 1.30177 0
60 165.207 3.19459 181.224 -3.06612 1.2445 0
60 165.006 3.6921 181.872 -3.13418 1.17318 0
60 165.161 4.74108 182.698 -3.27076 1.06862 0
60 165.72 6.10592 184 -3.4578 0.901547 0
60 166.287 7.22432 185.378 -3.64581 0.702787 0
60 166.635 8.39708 186.421 -3.87216 0.499443 0
60 167.104 9.48689 187.321 -4.10528 0.296668 0
60 167.664 10.2408 188.056 -4.32978 0.090238 0
60 168.105 10.5554 188.853 -4.52684 -0.134971 0
60 168.246 10.2796 189.389 1.71128 -12.8396 -0
60 168.246 10.2796 189.389 -4.87622 -0.560453 0
60 168.377 10.1421 189.709 -5.04692 -0.791497 0
60 168.377 10.1421 189.709 -5.21263 -0.979904 0
60 168.377 10.1421 189.709 -5.39458 -1.18294 0
60 168.256 10.4105 188.013 -5.57576 -1.18706 0
60 168.074 9.01156 186.722 -5.60892 -1.20972 0
60 167.331 6.15617 183.914 -5.46498 -1.05116 0
60 166.451 2.33565 179.816 -5.1585 -0.698296 0
60 165.682 358.65 176.02 -4.77632 -0.279572 0
60 165.05 355.598 173.759 -4.36808 0.0731457 0
60 164.807 353.964 173.06 -4.03726 0.313983 0
60 164.828 354.968 174.241 -3.95044 0.370297 0
60 165.129 357.622 176.918 -4.07581 0.228365 0
60 165.637 0.540922 179.375 -4.29114 0.0481269 0
60 166.51 4.15327 181.992 -4.52887 -0.114236 0
60 166.51 4.15327 181.992 -4.65973 -0.206688 0
60 166.226 2.96197 180.358 -4.57765 -0.0613429 0
60 165.743 0.881858 178.494 -4.37534 0.149049 0
60 165.198 359.118 176.997 -4.15539 0.358576 0
60 164.892 358.108 175.935 -3.9733 0.562609 0
60 164.961 359.194 177.351 -3.9805 0.548545 0
60 165.296 0.404332 178.666 -4.02059 0.501765 0
60 165.525 1.2705 179.122 -24.212 -10.0969 -0
60 165.525 1.2705 179.122 -4.0319 0.549625 0
60 165.525 1.2705 179.122 -4.00621 0.592302 0
60 165.648 0.215805 178.296 -3.86981 0.720043 0
60 165.655 359.647 177.301 -3.76256 0.883699 0
60 165.665 359.176 177.357 -3.64922 0.96232 0
60 165.66 359.432 178.082 -3.60662 0.96601 0
60 165.535 0.130442 178.978 -3.61196 0.940087 0
60 165.299 0.856108 179.648 -3.63228 0.919457 0
60 165.299 0.856108 179.648 -3.59705 0.950014 0
60 164.946 0.377763 178.894 -3.52003 1.04826 0
60 164.946 0.377763 178.894 -3.47714 1.0927 0
60 165.068 0.0447363 179.659 -3.39841 1.06742 0
60 165.068 0.0447363 179.659 -3.34889 1.09525 0
60 165.422 0.639919 180.428 -3.36043 1.04399 0
60 165.426 1.05189 180.827 -3.3639 1.01584 0
60 165.418 0.94083 179.889 -0.738818 22.9222 0
60 165.411 0.730419 178.824 -3.29272 1.1258 0
60 165.411 0.730419 178.824 -3.239 1.26477 0
60 165.524 0.673496 178.354 -3.19444 1.36498 0
60 165.532 0.885055 179.42 -3.17712 1.32396 0
60 165.423 1.09568 180.486 -8.06542 -23.5569 0
60 165.423 1.09568 180.486 -3.13629 1.27253 0
60 165.311 0.991824 181.282 -3.0953 1.19724 0
60 165.311 0.991824 181.282 -3.06553 1.19073 0
60 165.303 1.02503 180.132 -3.03896 1.3052 0
60 165.303 1.02503 180.132 -3.0099 1.32321 0
60 165.303 1.02503 180.132 -2.98112 1.34103 0
60 165.42 1.70898 180.218 -17.3375 -0.656489 0
60 165.42 1.70898 180.218 -2.99717 1.36911 0
60 165.433 1.7061 181.141 -2.98228 1.29153 0
60 165.315 1.46196 181.227 -2.94279 1.27918 0
60 165.073 1.30552 180.633 -2.90767 1.33313 0
60 165.073 1.30552 180.633 -2.8846 1.34036 0
60 165.073 1.30552 180.633 -2.85972 1.34823 0
60 165.073 1.30552 180.633 -2.83688 1.35546 0
60 165.073 1.30552 180.633 -2.81381 1.36276 0
60 165.311 2.2182 180.748 -2.88478 1.35864 0
60 165.321 2.38689 181.231 -2.89833 1.3144 0
60 165.321 2.38689 181.231 -2.89837 1.30892 0
60 165.195 2.08811 180.849 -2.86644 1.34435 0
60 165.195 2.08811 180.849 -2.85959 1.34726 0
60 164.967 2.26688 181.224 -2.87266 1.3092 0
60 165.091 2.7084 181.395 -2.91344 1.28707 0
60 165.091 2.7084 181.395 -2.92027 1.27819 0
60 165.091 2.7084 181.395 -2.92771 1.26851 0
60 165.205 1.99929 181.53 -2.86507 1.24615 0
60 165.205 1.99929 181.53 -2.8569 1.2344 0
60 165.325 2.9552 181.305 -25.1783 6.49132 -0
60 165.325 2.9552 181.305 -2.9454 1.23467 0
60 165.325 2.9552 181.305 -2.95757 1.22762 0
60 165.197 2.89834 180.839 -2.96472 1.26898 0
60 165.197 2.89834 180.839 -2.97568 1.27189 0
60 165.197 2.89834 180.839 -2.98653 1.2748 0
60 165.197 2.89834 180.839 -2.99834 1.27791 0
60 165.212 2.43922 181.703 -2.96106 1.19 0
60 165.212 2.43922 181.703 -2.9622 1.1746 0
60 165.212 2.43922 181.703 -2.96335 1.15767 0
60 165.423 2.83225 180.477 -3.00663 1.27319 0
60 165.537 2.50694 180.318 -2.9837 1.29976 0
60 165.537 2.50694 180.318 -2.98627 1.31366 0
60 165.42 3.30138 180.422 -3.06539 1.31877 0
60 165.42 3.30138 180.422 -3.08495 1.33058 0
60 165.42 3.30138 180.422 -3.10433 1.34227 0
60 165.806 6.59657 177.237 -3.47181 1.68977 0
60 166.064 8.01841 175.079 -3.71111 1.99633 0
60 166.381 9.30959 172.889 -3.97067 2.35783 0
60 166.596 10.4577 171.147 -4.24126 2.71693 0
60 166.561 11.9035 169.913 -4.56562 3.07736 0
60 166.275 13.7616 169.208 -4.96799 3.38409 0
60 165.901 14.4659 169.563 -5.25611 3.57974 0
60 165.901 14.4659 170.046 -5.51165 3.82114 0
60 165.53 14.2137 170.046 -5.76462 4.03305 0
60 165.53 14.2137 170.046 -6.01483 4.26423 0
60 166.529 6.62112 177.778 -0.77391 4.49057 0
60 166.146 1.80335 183.221 -5.23103 3.36576 0
60 165.466 357.938 187.943 -4.85295 2.87205 0
60 164.513 355.292 191.412 -4.50322 2.38924 0
60 163.659 355.672 190.63 -13.2293 20.4303 0
60 163.57 358.512 186.271 -4.49278 2.41562 0
60 163.574 2.10918 180.651 -4.74348 2.82357 0
60 163.579 5.54141 176.163 -5.05578 3.24658 0
60 164.07 7.41577 174.313 -5.29698 3.52095 0
60 164.07 7.41577 174.313 -5.41287 3.67444 0
60 165.535 5.36561 177.907 -5.32401 3.4721 0
60 165.794 2.72288 181.377 -5.13325 3.20354 0
60 166.08 359.701 185.273 -4.85522 2.82726 0
60 165.924 357.787 187.584 -4.61176 2.50872 0
60 165.924 357.787 187.584 -4.51449 2.36891 0
60 165.782 358.258 182.073 -4.46657 2.44726 0
60 165.048 2.18151 179.246 -4.56403 2.72753 0
60 165.048 2.18151 179.246 -4.75254 3.01445 0
60 164.515 4.68608 177.976 -4.99402 3.17601 0
60 164.569 4.35955 179.434 -5.0129 3.10496 0
60 164.872 2.93884 181.43 -4.92336 2.95207 0
60 164.872 2.93884 181.43 -4.93611 2.94236 0
60 164.872 2.93884 181.43 -4.94781 2.93264 0
60 165.568 358.583 184.788 -4.49387 2.56369 0
60 165.685 358.302 184.291 -4.37743 2.52471 0
60 165.758 359.686 182.499 -4.43066 2.63574 0
60 165.665 1.35328 181.208 -4.54225 2.7342 0
60 165.543 2.93307 180.603 -4.67494 2.78854 0
60 165.543 2.93307 180.603 -4.68756 2.79712 0
60 165.543 2.93307 180.603 -4.69925 2.80507 0
60 165.543 2.93307 180.603 -4.71084 2.81303 0
60 165.543 2.93307 180.603 -4.72357 2.8216 0
60 165.166 359.531 182.712 -4.39079 2.61608 0
60 165.166 359.531 182.712 -4.3304 2.5761 0
60 165.188 0.470858 182.603 -4.34998 2.55869 0
60 165.215 1.88087 182.439 -4.43885 2.53631 0
60 165.215 1.88087 182.439 -4.42807 2.50502 0
60 165.215 1.88087 182.439 -4.41645 2.47128 0
60 165.186 3.75167 180.488 -4.59215 2.63471 0
60 165.428 2.80311 180.705 17.537 -2.41705 -0
60 165.428 2.80311 180.705 -4.54598 2.63167 0
60 165.325 1.38466 182.719 -4.42607 2.45444 0
60 165.203 1.05013 183.488 -4.36994 2.33885 0
60 165.203 1.05013 183.488 -4.34137 2.28517 0
60 165.203 1.18345 182.464 -4.3254 2.33001 0
60 165.319 1.53168 181.583 -4.3304 2.37875 0
60 165.319 1.53168 181.583 -4.31216 2.36575 0
60 165.319 1.53168 181.583 -4.29249 2.35174 0
60 165.446 2.07394 181.881 -4.33071 2.30589 0
60 165.456 2.08565 182.691 -4.32468 2.20105 0
60 165.456 2.08565 182.691 -4.31833 2.16474 0
60 165.446 1.64486 182.519 -4.26265 2.14383 0
60 165.323 1.60141 181.938 -4.2425 2.17111 0
60 165.323 1.60141 181.938 -4.22444 2.1489 0
60 165.333 2.54086 181.829 -4.29971 2.13907 0
60 165.333 2.54086 181.829 -4.30299 2.12101 0
60 165.333 2.54086 181.829 -4.30657 2.10116 0
60 165.208 1.84116 181.856 -4.23418 2.07849 0
60 165.208 1.84116 181.856 -4.22266 2.05984 0
60 165.208 1.84116 181.856 -4.21001 2.03935 0
60 165.208 1.84116 181.856 -4.19747 2.01904 0
60 165.211 2.32557 181.688 -15.5018 5.92639 -0
60 165.211 2.32557 181.688 -4.22775 1.99995 0
60 165.102 1.96156 182.684 -4.18883 1.88178 0
60 165.102 1.96156 182.684 -4.17906 1.84241 0
60 165.135 359.301 185.34 -3.91385 1.5502 0
60 165.041 358.143 187.039 -3.73908 1.31905 0
60 164.89 356.91 189.19 -3.52973 0.968616 0
60 164.958 355.986 190.932 -3.31181 0.620426 0
60 164.958 355.986 190.932 -3.17645 0.409801 0
60 165.368 354.58 191.349 -2.89467 0.153996 0
60 165.372 354.091 190.588 -2.66521 -0.00769544 0
60 165.277 354.524 189.012 -2.53109 -0.0560722 0
60 165.151 356.197 186.906 -2.52261 -0.0267164 0
60 165.005 358.419 184.067 -2.60382 0.11932 0
60 164.729 1.1546 180.039 -2.78474 0.44955 0
60 164.392 4.27879 177.579 -3.07034 0.715161 0
60 164.325 6.39694 177.407 -3.32225 0.804842 0
60 164.304 6.86429 177.356 -3.4545 0.886178 0
60 164.464 5.34499 177.373 -3.4095 0.968637 0
60 164.464 5.34499 177.373 -3.4721 1.04483 0
60 164.464 5.34499 177.373 -3.53533 1.12178 0
60 164.464 5.34499 177.373 -3.60351 1.20477 0
60 164.464 5.34499 177.373 -3.66612 1.28096 0
60 165.769 0.356193 183.622 -3.24151 0.746739 0
60 165.687 1.69322 183.098 -3.32631 0.739619 0
60 165.321 3.2117 181.107 -3.45216 0.878421 0
60 165.071 3.80562 180.151 -3.52393 0.962389 0
60 165.071 3.80562 180.151 -3.55427 0.979981 0
60 165.071 3.80562 180.151 -3.58698 0.998954 0
60 165.071 3.80562 180.151 -3.61703 1.01637 0
60 165.071 3.80562 180.151 -3.64707 1.03379 0
60 165.447 2.05936 181.995 -3.51489 0.878539 0
60 165.447 2.05936 181.995 -3.50799 0.856961 0
60 165.314 2.31724 180.876 -3.52807 0.952507 0
60 165.314 2.31724 180.876 -3.52649 0.954786 0
60 165.42 3.41496 180.437 -3.63255 0.999924 0
60 165.294 3.11659 180.055 3.3135 9.91852 0
60 165.294 3.11659 180.055 -3.64551 1.06606 0
60 165.443 2.47363 181.47 -3.59694 0.944429 0
60 165.443 2.47363 181.47 -3.5988 0.933 0
60 165.443 2.47363 181.47 -3.60083 0.922522 0
60 165.208 2.46881 181.476 -3.60227 0.911444 0
60 165.208 2.46881 181.476 -3.60405 0.900741 0
60 165.303 2.95899 180.381 -3.65481 0.998351 0
60 165.303 2.95899 180.381 -3.66694 1.0109 0
60 165.303 2.95899 180.381 -3.67907 1.02346 0
60 165.684 2.9194 181.636 -3.68817 0.902785 0
60 165.454 2.88478 181.87 -3.696 0.86471 0
60 165.463 2.69824 182.423 0.651086 -12.0875 -0
60 165.463 2.69824 182.423 -3.69725 0.762867 0
60 165.674 2.00843 181.521 -3.63521 0.821754 0
60 166 1.01292 181.163 -3.52965 0.845193 0
60 166.452 359.769 181.933 -3.38004 0.766853 0
60 166.881 358.907 183.448 -3.23528 0.596411 0
60 167.161 358.037 185.083 -3.07563 0.383052 0
60 167.205 357.296 186.5 -2.90876 0.153861 0
60 167.205 357.296 186.5 -2.78548 0.0265754 0
60 166.663 355.916 186.22 29.5677 6.44559 0
60 166.663 355.916 186.22 -2.4215 -0.178555 0
60 166.547 355.407 185.579 -2.22755 -0.22321 0
60 166.932 355.383 184.894 -2.07445 -0.25168 0
60 166.903 359.26 181.414 -92.4871 80.9506 0
60 166.903 359.26 181.414 -2.19055 -0.0419348 0
60 166.152 3.15086 177.842 -2.54646 0.336668 0
60 164.355 7.92018 173.899 -2.99599 0.761766 0
60 163.794 8.30589 174.565 -12.1246 -14.6598 0
60 163.809 8.33137 174.572 -3.27786 0.989703 0
60 164.472 4.41568 179.214 50.8944 -58.6861 -0
60 164.442 4.38922 179.211 -3.07707 0.710581 0
60 164.442 4.38922 179.211 -3.10509 0.744936 0
60 164.442 4.38922 179.211 -3.14832 0.782984 0
60 164.442 4.38922 179.211 -3.19448 0.823618 0
60 164.442 4.38922 179.211 -3.23729 0.861297 0
60 165.668 2.89172 180.94 -3.11742 0.711128 0
60 165.26 3.80133 179.22 -3.22552 0.895835 0
60 165.212 4.33016 177.904 -3.316 1.07991 0
60 165.351 4.48411 178.496 -3.37166 1.08894 0
60 165.618 4.00179 179.465 -3.37269 1.05391 0
60 165.782 3.60485 180.795 -3.37023 0.967889 0
60 165.782 3.60485 180.795 -3.39992 0.971682 0
60 165.925 3.2523 181.786 -3.38767 0.867922 0
60 165.661 3.27603 180.643 -3.40825 0.958441 0
60 165.661 3.27603 180.643 -3.42877 0.966095 0
60 165.661 3.27603 180.643 -3.44928 0.973749 0
60 165.537 3.75742 180.476 -3.51979 0.998606 0
60 165.687 3.14693 181.665 12.4882 -26.75 -0
60 165.687 2.56611 182.627 -3.51079 0.888714 -0
60 165.816 2.56611 182.627 -3.4643 0.766295 0
60 165.791 2.38114 181.335 -3.44969 0.860033 0
60 165.779 2.6945 180.682 -3.48036 0.916444 0
60 165.779 3.61907 180.682 -3.57578 0.923246 0
60 165.779 3.61907 180.682 -3.6042 0.929442 0
60 165.882 3.45005 180.196 0.809668 12.2914 -0
60 165.882 3.45005 180.196 -3.638 3.98207 0
60 165.417 0.160617 178.751 38.9193 27.9057 0
60 164.969 358.679 177.745 31.331 1.29202 0
60 164.674 357.23 176.505 -2.94134 1.47391 0
60 164.516 356.038 175.064 -2.72169 1.70058 0
60 164.477 355.007 174.11 -2.49351 1.91417 0
60 164.477 355.007 174.11 -2.3223 2.07331 0
60 164.507 354.652 174.068 -2.12801 2.22432 0
60 164.507 354.652 174.068 -1.9628 2.37043 0
60 164.507 354.652 174.068 -1.77167 2.54113 0
60 164.568 355.133 174.829 -1.65535 2.61135 0
60 164.51 356.136 175.193 -1.58693 2.71789 0
60 164.657 357.927 176.483 -1.62881 2.71503 0
60 164.829 0.659139 179.394 -1.79699 2.52979 0
60 165.263 4.07932 182.491 -2.10156 2.25439 0
60 165.686 6.90872 185.028 -2.42495 1.96446 0
60 166.198 8.34077 186.794 -2.6682 1.69745 0
60 166.167 7.72376 186.956 -2.74397 1.54415 0
60 165.769 5.81897 185.35 -2.66466 1.57942 0
60 165.163 4.11425 183.078 -2.56465 1.71728 0
60 164.749 3.20929 181.123 -2.50494 1.87809 0
60 164.495 3.2973 180.449 -2.53181 1.94558 0
60 164.634 4.35612 181.166 -2.65495 1.88775 0
60 164.925 5.16198 182.185 -2.77521 1.78534 0
60 165.434 5.34236 183.458 -2.85189 1.6369 0
60 165.434 5.34236 183.458 -2.91444 1.57968 0
60 165.516 4.12819 183.065 -2.87228 1.56288 0
60 165.257 3.73834 182.447 7.32858 17.7525 0
60 165.257 3.73834 182.447 -2.90893 1.53579 0
60 165.124 4.05116 181.799 -2.97384 1.57081 0
60 165.011 4.85646 181.795 -3.08408 1.55357 0
60 165.011 4.85646 181.795 -3.13687 1.53604 0
60 165.011 4.85646 181.795 -3.18914 1.51713 0
60 165.006 3.6921 181.872 -3.12839 1.49182 0
60 164.882 3.36318 181.717 -3.12347 1.48812 0
60 164.882 3.36318 181.717 -3.14415 1.47242 0
60 164.768 4.05622 181.699 -3.23819 1.45722 0
60 164.768 4.05622 181.699 -3.27388 1.44039 0
60 164.857 4.52056 180.832 -3.35743 1.50836 0
60 164.98 3.81234 180.964 11.4928 1.49941 0
60 164.98 3.81234 180.964 -3.37068 1.49963 0
60 164.985 2.97154 181.2 -3.31582 1.47597 0
60 164.985 2.97154 181.2 -3.32932 1.47079 0
60 165.005 2.96487 182.122 -3.34111 1.36549 0
60 164.773 3.55671 181.978 -3.4158 1.35614 0
60 164.759 3.74643 181.426 -3.46007 1.39067 0
60 164.987 3.31272 181.245 -3.45069 1.39743 0
60 164.977 3.01669 180.859 3.44492 10.3956 0
60 164.977 3.01669 180.859 -3.45759 1.4285 0
60 164.992 3.16892 181.457 -3.48544 1.37458 0
60 164.992 3.16892 181.457 -3.50365 1.36338 0
60 164.992 3.16892 181.457 -3.52023 1.35319 0
60 164.992 3.16892 181.457 -3.53696 1.3429 0
60 164.992 3.16892 181.457 -3.55501 1.3317 0
60 165.077 2.91126 180.728 -3.54424 1.39927 0
60 165.193 2.68596 180.695 -3.53261 1.40785 0
60 165.201 2.75519 181.051 -3.54577 1.37945 0
60 165.201 2.75519 181.051 -3.55429 1.37782 0
60 165.209 3.0663 181.323 -3.59383 1.34863 0
60 165.216 3.02196 181.663 -3.60411 1.30839 0
60 165.216 3.02196 181.663 -3.61771 1.29368 0
60 165.216 3.02196 181.663 -3.63144 1.27883 0
60 165.216 3.02196 181.663 -3.64503 1.26282 0
60 165.216 3.02196 181.663 -3.65863 1.24941 0
60 165.205 2.96754 181.194 -3.66663 1.28395 0
60 165.217 3.13549 181.678 -3.69436 1.23531 0
60 165.217 3.13549 181.678 -3.71038 1.22028 0
60 165.202 2.98232 181.081 -3.71191 1.26178 0
60 165.202 2.98232 181.081 -3.72566 1.25935 0
60 165.202 2.98232 181.081 -3.73829 1.25711 0
60 165.202 2.98232 181.081 -3.75104 1.25485 0
60 165.202 2.98232 181.081 -3.76479 1.25241 0
60 164.992 2.44097 181.707 -3.71964 1.1833 0
60 164.992 2.44097 181.707 -3.72083 1.16766 0
60 164.969 1.88109 181.52 -3.66414 1.17032 0
60 164.969 1.88109 181.52 -3.65252 1.15868 0
60 164.988 2.47111 181.48 -3.70065 1.151 0
60 164.988 2.47111 181.48 -3.70246 1.14032 0
60 164.966 2.39544 181.125 -1.9369 9.41301 0
60 164.966 2.39544 181.125 -3.69792 1.15698 0
60 164.966 2.39544 181.125 -3.69813 1.15376 0
60 165.084 1.91316 181.29 3.69834 -2.70531 -0
60 165.084 1.91316 181.29 -3.64538 1.12887 0
70 165.096 2.42168 181.819 -3.68335 1.07062 0
70 165.096 2.42168 181.819 -3.68412 1.05275 0
70 165.096 2.42168 181.819 -3.68496 1.0333 0
70 164.864 2.8706 181.074 -3.73374 1.09494 0
70 164.956 2.69747 180.587 0.300181 12.4601 0
70 164.956 2.69747 180.587 -3.73597 1.14513 0
70 164.945 2.87093 180.148 -3.76147 1.20112 0
70 164.954 3.69038 180.14 -3.85238 1.21975 0
70 164.954 3.69038 180.14 -3.87998 1.23898 0
70 165.086 5.53301 178.411 -4.07807 1.41423 0
70 165.086 5.53301 178.411 -4.14465 1.469 0
70 165.086 5.53301 178.411 -4.21189 1.52323 0
70 165.086 5.53301 178.411 -4.28441 1.5823 0
70 165.321 6.88713 176.954 -4.49875 1.79535 0
70 165.321 6.88713 176.954 -4.59397 1.8804 0
70 165.321 6.88713 176.954 -4.69769 1.97304 0
70 165.321 6.88713 176.954 -4.79385 2.05893 0
70 165.321 6.88713 176.954 -4.88908 2.14399 0
70 165.461 5.59025 178.863 -4.85286 2.03003 0
70 165.263 6.08824 177.664 -4.97104 2.19488 0
70 165.203 6.46417 176.675 -5.08767 2.36434 0
70 165.203 6.46417 176.675 -5.17395 2.4553 0
70 165.055 6.31187 176.084 -5.24038 2.59377 0
70 165.055 6.31187 176.084 -5.32426 2.69826 0
70 165.026 6.24936 177.466 -5.40201 2.66775 0
70 164.944 6.17508 178.039 -5.47807 2.68646 0
70 164.944 6.17508 178.039 -5.55903 2.74917 0
70 164.831 5.73687 177.872 -5.60015 2.82803 0
70 164.831 5.73687 177.872 -5.67104 2.89367 0
70 164.936 5.39534 177.705 -5.70619 2.97774 0
70 165.103 5.60192 178.766 -5.78964 2.95339 0
70 165.05 5.43762 180.019 -5.84851 2.88391 0
70 165.05 5.43762 180.019 -5.91307 2.90412 0
70 165.05 5.43762 180.019 -5.97827 2.92613 0
70 164.754 1.94992 181.878 -5.70689 2.76429 0
70 164.754 1.94992 181.878 -5.69767 2.74518 0
70 164.754 1.94992 181.878 -5.68836 2.72588 0
70 164.727 0.406368 183.869 -5.51574 2.49533 0
70 164.727 0.406368 183.869 -5.47387 2.43412 0
70 164.727 0.406368 183.869 -5.4316 2.3723 0
70 164.426 359.008 185.531 -5.25637 2.15152 0
70 164.426 359.008 185.531 -5.18422 2.05419 0
70 164.479 357.742 185.475 28.138 3.25579 -0
70 164.424 356.701 185.45 -4.901 1.86661 0
70 164.424 356.701 185.45 -4.67801 1.76475 0
70 164.484 356.115 186.296 -4.49785 1.58517 0
70 164.484 356.115 186.296 -4.36521 1.4726 0
70 164.687 356.247 187.13 -4.24419 1.26561 0
70 164.687 356.247 187.13 -4.10277 1.1354 0
70 164.6 359.51 181.898 -4.30286 1.53501 0
70 164.862 3.07345 176.94 -4.60444 2.0251 0
70 164.998 6.74969 173.71 -5.01285 2.4774 0
70 165.101 9.51163 170.451 -5.40451 2.975 0
70 165.049 9.71118 170.019 -5.59152 3.26592 0
70 165.353 8.69902 173.821 -5.63976 3.09329 0
70 165.775 7.41611 178.959 -5.63743 2.69655 0
70 165.847 4.526 183.85 -5.52819 2.403 0
70 165.874 4.0306 183.85 -5.44508 2.17974 0
70 166.268 4.93668 181.287 -5.56272 2.35171 0
70 166.118 6.66356 176.65 -5.77732 2.78212 0
70 165.797 8.36245 173.399 -6.0475 3.19563 0
70 165.797 8.36245 173.399 -6.17394 3.37015 0
70 165 9.41079 173.006 -6.42128 3.57264 0
70 164.775 8.65176 175.246 -6.49431 3.51548 0
70 164.987 7.28337 179.224 -6.48936 3.23412 0
70 165.234 5.94136 181.464 -6.45777 3.04408 0
70 165.799 4.69763 181.278 -6.41917 3.05077 0
70 166.083 5.0141 179.688 -6.4973 3.18875 0
70 166.302 5.85593 177.469 -6.63878 3.42933 0
70 166.186 6.7436 175.962 -6.8051 3.65618 0
70 165.963 7.25699 176.498 -6.95584 3.72111 0
70 165.596 7.09076 177.888 -7.04387 3.68262 0
70 165.371 6.29377 179.651 -7.06766 3.57882 0
70 165.312 5.4819 180.591 -7.07235 3.51731 0
70 165.434 5.01664 180.64 -7.10042 3.52083 0
70 165.61 5.29285 179.397 -7.15663 3.52797 0
70 165.61 5.29285 179.397 -7.25259 3.67551 0
70 165.654 6.1163 178.342 -7.40493 3.82433 0
70 165.637 6.58279 178.285 -7.53491 3.89033 0
70 165.637 6.58279 178.285 -7.6237 3.94778 0
70 165.721 5.86123 179.463 -7.64525 3.89356 0
70 165.721 5.86123 179.463 -7.72533 3.9284 0
70 165.839 4.92582 179.456 -7.70287 3.96135 0
70 165.935 4.98294 178.997 -7.76284 4.03962 0
70 165.932 5.64862 179.195 -7.88426 4.06691 0
70 165.932 5.64862 179.195 -7.95397 4.10494 0
70 165.767 5.64654 178.277 -8.02346 4.24107 0
70 166.006 5.09456 178.084 -8.03837 4.31707 0
70 166.261 4.61273 178.247 -8.05759 4.36947 0
70 166.261 4.61273 178.247 -8.1047 4.42718 0
70 166.261 4.61273 178.247 -8.15182 4.48489 0
70 166.422 2.79931 178.833 -8.01306 4.48669 0
70 166.544 1.71285 178.242 -7.90957 4.59361 0
70 166.662 0.817559 176.983 -7.80464 4.77896 0
70 166.675 359.95 175.496 -7.68061 5.02157 0
70 166.6 359.086 174.01 -7.54255 5.28663 0
70 166.668 358.058 172.853 -7.37138 5.54873 0
70 166.73 357.054 172.503 -7.17497 5.76958 0
70 166.902 356.115 172.514 -6.9725 5.94954 0
70 166.902 355.754 172.483 1.60697 6.93388 -0
70 167.158 355.754 172.483 -6.65419 6.32854 0
70 167.158 355.754 172.483 -6.51392 6.50816 0
70 166.73 357.054 172.503 -6.48265 6.70376 0
70 166.239 359.365 174.731 -6.59178 6.6702 0
70 165.613 2.60976 178.597 -6.83963 6.43138 0
70 165.178 5.82111 182.49 -7.15358 6.10738 0
70 165.076 8.03422 185.919 -7.45068 5.73558 0
70 165.022 8.81645 188 -7.64945 5.42218 0
70 164.587 7.03303 186.283 -7.61273 5.44133 0
70 164.354 5.07796 182.665 -7.53327 5.66073 0
70 164.593 2.83886 179.574 -7.37897 5.91702 0
70 165.036 1.32239 177.862 -7.24267 6.11176 0
70 165.502 1.24542 177.503 -7.21471 6.21279 0
70 165.756 3.03618 179.802 -7.35314 6.07186 0
70 165.737 4.92019 182.347 -7.54198 5.86144 0
70 165.499 6.17724 184.255 -7.71558 5.65138 0
70 165.195 6.4401 184.884 -7.82145 5.52175 0
70 164.882 5.44389 183.61 15.3636 35.2019 0
70 164.771 4.57329 181.306 11.8419 5.66114 0
70 164.808 3.90823 179.365 -7.79697 5.86993 0
70 164.892 3.9158 178.438 -7.83019 5.98848 0
70 164.892 3.9158 178.438 -7.86289 6.04267 0
70 165.169 4.43446 179.768 -7.95007 5.95945 0
70 165.24 4.76519 181.657 -8.03308 5.78317 0
70 165.294 4.55826 183.247 -8.06213 5.60157 0
70 165.183 4.00987 183.874 -8.05288 5.48937 0
70 164.792 3.82092 182.592 -8.07279 5.54119 0
70 164.519 4.11135 181.253 -8.13038 5.63074 0
70 164.388 4.45666 180.494 -8.20025 5.69651 0
70 164.388 4.45666 180.494 -8.2445 5.70677 0
70 164.388 4.45666 180.494 -8.29221 5.71783 0
70 164.388 4.45666 180.494 -8.33646 5.72809 0
70 165.121 4.53493 181.632 -8.38867 5.62264 0
70 165.121 4.53493 181.632 -8.43774 5.60764 0
70 164.874 3.99145 181.339 -8.42462 5.62537 0
70 164.63 3.56271 181.059 -8.41422 5.64703 0
70 164.495 3.86421 180.526 -8.46782 5.69552 0
70 164.592 4.28291 180.001 -8.53784 5.75463 0
70 164.592 4.28291 180.001 -8.58155 5.77543 0
70 164.738 3.95129 180.76 -8.59072 5.7244 0
70 164.738 3.95129 180.76 -8.62384 5.7293 0
70 164.738 3.95129 180.76 -8.65992 5.73388 0
70 164.738 3.95129 180.76 -8.69337 5.73846 0
70 164.864 2.8706 181.074 -8.61124 5.70949 0
70 164.835 3.3632 179.985 -8.67427 5.82162 0
70 164.798 4.05195 179.153 -8.76658 5.92899 0
70 165.041 4.57617 179.56 -8.85917 5.92888 0
70 165.187 4.26175 180.207 -8.87511 5.89576 0
70 165.187 4.26175 180.207 -8.9148 5.91201 0
70 165.335 2.39779 182.041 -8.76255 5.73711 0
70 165.335 2.39779 182.041 -8.76284 5.71456 0
70 165.335 2.39779 182.041 -8.76311 5.69177 0
70 165.562 0.889863 184.845 -8.6182 5.39909 0
70 165.149 359.797 185.984 -8.48289 5.20865 0
70 165.074 358.347 186.37 -8.2885 5.06194 0
70 164.879 357.352 186.819 -8.10744 4.90312 0
70 164.879 357.352 186.819 -7.99043 4.76725 0
70 164.879 357.352 186.819 -7.8829 4.6424 0
70 164.879 357.352 186.819 -7.77431 4.51633 0
70 164.735 357.979 184.702 -7.72703 4.59254 0
70 165.875 0.229507 181.876 -7.84155 4.77496 0
70 166.558 2.60457 179.499 -8.01643 4.9785 0
70 166.558 2.60457 179.499 -8.02118 5.00971 0
70 166.281 5.89641 177.127 -8.32558 5.25745 0
70 166.281 5.89641 177.127 -8.39986 5.34609 0
70 166.281 5.89641 177.127 -8.48075 5.42747 0
70 165.27 3.21926 179.26 -8.26942 5.28154 0
70 165.08 1.70072 181.147 -8.12513 5.11679 0
70 165.2 1.11408 182.108 -8.04438 5.00653 0
70 165.2 1.11408 182.108 -8.01749 4.98255 0
70 165.2 1.11408 182.108 -7.99059 4.95857 0
70 165.956 4.48712 179.282 -8.32759 5.23924 0
70 165.967 5.07807 177.274 -8.43654 5.49351 0
70 165.71 4.96678 176.463 -8.48197 5.66064 0
70 165.71 4.96678 176.463 -8.53712 5.75702 0
70 166.122 2.66381 180.901 5.27724 -38.4079 -0
70 166.499 2.36574 182.472 -8.34058 5.27954 0
70 166.499 2.36574 182.472 -8.34017 5.24787 0
70 166.499 2.36574 182.472 -8.33972 5.21339 0
70 166.577 3.64903 180.429 -8.47867 5.40047 0
70 166.278 4.45806 178.574 -8.59175 5.61004 0
70 165.883 4.68279 177.692 -8.65964 5.75472 0
70 165.605 4.04476 179.124 -8.6497 5.69203 0
70 165.788 3.46269 181.008 -8.63431 5.55999 0
70 165.932 2.84001 182.312 -8.59959 5.43843 0
70 165.932 2.84001 182.312 -8.61007 5.40735 0
70 166.381 2.63114 182.16 -8.59829 5.39275 0
70 166.472 3.25204 180.847 -8.67042 5.50566 0
70 166.311 3.98173 179.554 -8.76575 5.64448 0
70 165.958 4.70019 179.424 -25.5861 8.72897 0
70 165.958 4.70019 179.424 -8.91602 5.72199 0
70 166.127 4.20787 180.627 -8.91282 5.62646 0
70 166.273 3.43773 182.146 -8.87259 5.47233 0
70 166.4 2.74956 183.098 -8.82162 5.34567 0
70 166.388 2.57651 182.615 -8.81381 5.33774 0
70 166.368 2.95433 181.391 -8.85625 5.42693 0
70 166.339 3.65922 180.323 -8.94091 5.52581 0
70 166.339 3.65922 180.323 -8.96812 5.53974 0
70 166.339 3.65922 180.323 -8.99533 5.55477 0
70 166.347 3.74557 180.564 -9.03555 5.54627 0
70 166.373 3.1682 181.532 -9.01233 5.46695 0
70 166.373 3.1682 181.532 -9.03037 5.45411 0
70 166.39 3.44109 182.142 -9.07695 5.37573 0
70 166.094 4.60754 182.987 -9.22011 5.2634 0
70 165.804 5.91102 183.626 -9.41355 5.14718 0
70 165.566 9.50374 185.51 -9.69015 4.98796 0
70 165.507 10.8865 186.718 -42.3011 -23.4191 -0
70 165.712 11.9405 188.471 -34.9224 -36.3567 -0
70 166.145 13.2466 190.683 -10.6006 4.25954 0
70 166.576 14.2474 192.736 -34.3304 -44.098 0
70 166.979 15.2762 194.343 -35.4352 -34.1339 -0
70 166.979 15.2762 194.343 -11.6885 2.96449 0
70 167.316 15.0918 193.322 -11.9481 2.77805 0
70 166.728 12.4211 188.994 -11.9506 2.95192 0
70 166.07 7.53524 181.731 -11.6701 3.51768 0
70 166.043 1.01272 174.583 -11.1177 4.22848 0
70 166.73 355.145 168.916 -10.4814 4.95227 0
70 167.526 351.207 165.719 -9.89931 5.56856 0
70 167.701 351.204 166.667 -9.66021 5.79477 0
70 167.324 353.789 171.337 -9.6929 5.60977 0
70 166.964 358.157 176.908 -9.97554 5.22065 0
70 166.494 2.4064 182.13 -10.3398 4.74685 0
70 165.441 6.46283 187.535 -33.3428 -26.4572 0
70 165.441 6.46283 187.535 -10.8504 4.01833 0
70 164.505 4.70037 183.764 -10.7561 4.26672 0
70 164.104 1.87538 178.179 -10.5086 4.7951 0
70 164.292 359.109 173.866 -10.2064 5.30804 0
70 164.774 357.156 171.759 -9.93012 5.70015 0
70 165.389 356.544 171.696 -9.74327 5.90192 0
70 165.844 357.634 174.854 -9.72583 5.77454 0
70 166.14 1.74504 182.751 -9.85179 5.41256 0
70 165.985 3.39678 184.344 -48.5987 -32.1311 0
70 165.985 3.39678 184.344 -10.1847 4.86017 0
70 164.848 3.41621 180.454 -10.6606 95.6737 0
70 164.307 2.24103 177.185 17.2222 81.5008 0
70 164.088 0.747399 174.666 -9.98655 5.74888 0
70 164.241 359.96 174.441 -9.87987 5.90407 0
70 164.603 359.878 176.631 -9.86952 5.85568 0
70 165.184 0.286935 179.575 -9.80012 5.68108 0
70 165.548 0.879194 182.189 -9.80908 5.47359 0
70 165.565 1.38918 183.64 -9.82387 5.31284 0
70 165.565 1.38918 183.64 -9.80258 5.2559 0
70 165.194 1.86068 180.819 -9.82569 5.46527 0
70 164.918 1.83214 178.393 -9.81178 5.70242 0
70 164.673 1.87864 177.247 -9.80347 5.87057 0
70 164.673 1.87864 177.247 -9.79264 5.95019 0
70 164.804 2.21066 178.215 -9.81374 5.93727 0
70 164.949 2.17487 180.172 -9.80712 5.81475 0
70 164.967 1.65385 181.49 -9.75294 5.70876 0
70 164.958 0.873143 181.271 10.7708 10.8067 0
70 164.958 0.873143 181.271 -9.63572 5.711 0
70 164.952 0.538532 180.302 -9.56731 5.80821 0
70 164.942 1.02998 179.212 -9.5764 5.93866 0
70 164.931 2.39349 179.392 -41.3991 1.76796 0
70 164.931 2.39349 179.392 -9.66889 5.99376 0
70 164.956 2.81095 180.602 -9.71371 5.89842 0
70 164.986 2.48617 181.366 -9.68825 5.82392 0
70 164.966 1.52518 181.588 -9.5997 5.79463 0
70 164.966 1.52518 181.588 -9.58132 5.78153 0
70 165.193 1.51942 180.775 -9.56237 5.84962 0
70 165.193 1.51942 180.775 -9.54242 5.85423 0
70 165.193 1.51942 180.775 -9.5241 5.85846 0
70 165.294 3.003 180.041 -9.65632 5.93744 0
70 165.188 2.94268 180.498 -9.66496 5.91657 0
70 165.188 2.94268 180.498 -9.67686 5.92676 0
70 165.428 2.10598 180.731 -9.60803 5.91453 0
70 165.428 2.10598 180.731 -9.60159 5.92015 0
70 165.428 2.10598 180.731 -9.59567 5.92531 0
70 165.428 2.10598 180.731 -9.58976 5.93047 0
70 165.437 2.27524 181.214 -9.6011 5.8853 0
70 165.206 2.24149 181.446 -9.59539 5.85707 0
70 165.206 2.24149 181.446 -9.59235 5.84709 0
70 165.206 2.24149 181.446 -9.58903 5.83623 0
70 165.206 2.24149 181.446 -9.58596 5.82616 0
70 165.786 358.459 185.81 -9.18165 5.37408 0
70 165.753 357.128 188.076 -8.95576 5.02892 0
70 165.953 356.026 189.567 -8.71375 4.70189 0
70 166.226 354.325 190.299 -8.41099 4.44645 0
70 166.012 353.487 190.43 -8.15859 4.23443 0
70 165.765 353.055 190.02 -7.91278 4.05729 0
70 165.572 355.319 186.69 -7.92338 4.17279 0
70 165.414 359.696 181.462 -8.17822 4.5354 0
70 165.035 4.80403 176.93 -8.60396 4.96047 0
70 165.035 4.80403 176.93 -8.65918 5.04603 0
70 165.035 4.80403 176.93 -8.71085 5.13244 0
70 164.331 11.3847 172.499 -14.141 4.36526 -0
70 165.014 8.64501 176.851 -6.53807 5.85365 0
70 165.828 4.95254 182.003 -8.08369 5.02723 0
70 166.389 1.37228 185.934 -8.82554 4.63336 0
70 166.389 1.37228 185.934 -8.80411 4.52846 0
70 166.84 359.27 187.301 -8.57981 4.27454 0
70 166.6 1.20785 183.486 -8.69613 4.49942 0
70 166.162 3.86359 178.621 -8.93358 4.92625 0
70 165.383 6.64663 174.255 -9.24241 5.41148 0
70 164.538 9.00302 172.753 -9.54747 5.69151 0
70 164.538 9.00302 172.753 -9.69993 5.88093 0
70 164.352 8.13068 174.043 -9.74822 5.91883 0
70 164.757 6.00005 176.752 -9.64315 5.77713 0
70 165.537 3.1894 180.404 -9.42564 5.48439 0
70 166.821 0.179141 182.438 37.7713 -42.0154 -0
70 166.795 0.178635 182.443 -9.12923 5.28484 0
70 167.037 0.642597 181.456 -9.13249 5.36067 0
70 166.772 2.73761 179.279 -9.31538 5.57915 0
70 166.772 2.73761 179.279 -9.32349 5.61822 0
70 164.866 6.69274 175.102 -9.73315 6.08165 0
70 164.299 6.7707 175.488 -9.83253 6.17067 0
70 164.448 5.27778 177.017 -9.79607 6.15646 0
70 164.448 5.27778 177.017 -9.85725 6.24101 -0
70 165.047 3.06013 179.592 -9.67958 6.0484 0
70 166.367 1.09357 181.513 31.6693 -34.3166 -0
70 166.354 1.09048 181.514 -9.49059 5.89478 0
70 166.686 1.7819 180.554 -9.53559 5.98655 0
70 166.274 3.66369 178.363 -9.71271 6.21868 0
70 166.274 3.66369 178.363 -9.74001 6.27448 0
70 166.274 3.66369 178.363 -9.7716 6.33904 0
70 164.546 5.11121 176.528 -9.951 6.58765 0
70 164.636 4.30157 178.151 -9.92552 6.51483 0
70 164.952 3.36451 179.982 -9.86977 6.38646 0
70 165.44 2.61654 181.258 -9.81374 6.27524 0
70 166.125 2.16711 181.187 0.680026 7.92924 -0
70 166.208 2.60327 179.507 -19.9624 50.4025 -0
70 166.046 3.27548 177.862 -9.87858 6.60362 0
70 166.046 3.27548 177.862 -9.90058 6.68055 0
70 165.545 4.11736 177.633 -10.011 6.7719 0
70 165.351 4.21491 178.692 -10.0588 6.73508 0
70 165.182 3.53965 180.345 -10.0295 6.6075 0
70 165.219 2.50848 182.059 -9.94977 6.44507 0
70 165.219 2.50848 182.059 -9.95237 6.4201 0
70 165.555 1.64994 181.594 -9.86341 6.44665 0
70 165.655 1.82468 180.229 -9.86644 6.57926 0
70 165.745 2.53807 179.163 -9.92779 6.70279 0
70 165.751 3.39176 179.731 -29.8735 -6.52542 -0
70 165.751 3.39176 180.855 -10.0306 6.72017 0
70 165.667 3.13361 180.855 -10.0255 6.62483 0
70 165.688 2.64871 181.948 -9.98882 6.50865 0
70 165.676 1.99406 181.635 -9.93485 6.51637 0
70 165.783 2.08202 180.951 -11.9806 22.4729 -0
70 165.783 2.08202 180.951 -9.92719 6.56265 0
70 165.783 2.08202 180.951 -9.92026 6.56315 0
70 165.783 2.08202 180.951 -9.91377 6.56365 0
70 165.526 3.68719 180.121 -52.0725 28.3682 0
70 165.526 3.68719 180.121 -10.0776 6.65642 0
70 165.649 2.9922 180.145 6.12961 6.11536 -0
70 165.649 2.9922 180.145 -10.0568 6.69059 0
70 165.649 2.9922 180.145 -10.0698 6.70831 0
70 166.009 2.5203 181.117 -10.0383 6.63443 0
70 166.009 2.5203 181.117 -10.0414 6.63111 0
70 165.789 2.99334 181.065 -21.0948 7.84891 0
70 165.789 2.99334 181.065 -10.0996 6.63074 0
70 165.652 3.0916 180.273 -10.1126 6.62881 0
70 165.652 3.0916 180.273 -10.1365 6.7132 0
70 165.652 3.0916 180.273 -10.1518 6.72833 0
70 165.786 3.00758 180.951 -10.1599 6.67806 0
70 165.798 2.82251 181.505 -10.1559 6.62629 0
70 165.798 2.82251 181.505 -10.1653 6.61485 0
80 165.798 2.82251 181.505 -10.1748 6.6034 0
80 165.798 2.82251 181.505 -10.1841 6.59207 0
80 165.78 3.03607 180.724 -10.2142 6.65585 0
80 165.78 3.03607 180.724 -10.2294 6.66168 0
80 165.764 4.13042 180.284 -10.3432 6.70718 0
80 165.764 4.13042 180.284 -10.3804 6.72193 0
80 165.497 4.45443 179.527 -10.4475 6.80565 0
80 165.497 4.45443 179.527 -10.4921 6.83688 0
80 165.468 4.54089 178.845 -10.5454 6.9366 0
80 165.443 4.98204 178.209 -10.6348 7.04375 0
80 165.657 5.67739 178.172 -26.9345 7.11205 0
80 165.657 5.67739 178.172 -10.8294 7.17193 0
80 165.657 5.67739 178.172 -10.9004 7.23239 0
80 165.657 5.67739 178.172 -10.9714 7.29286 0
80 165.556 5.20918 178.233 -10.9964 7.34728 0
80 165.556 5.20918 178.233 -11.0568 7.4111 0
80 165.556 5.20918 178.233 -11.1224 7.46959 0
80 166.158 5.33861 178.915 -11.1958 7.46306 0
80 166.158 5.33861 178.915 -11.2595 7.50749 0
80 166.028 5.8045 178.862 -11.3746 7.55846 0
80 166.028 5.8045 178.862 -11.4483 7.60447 0
80 166.028 5.8045 178.862 -11.5228 7.65004 0
80 166.028 5.8045 178.862 -11.5965 7.69959 0
80 166.028 5.8045 178.862 -11.6767 7.74516 0
80 165.952 5.38041 179.507 -11.7066 7.72403 0
80 165.952 5.38041 179.507 -11.7712 7.75568 0
80 165.626 4.86607 179.92 0.179246 -1.85494 0
80 165.626 4.86607 179.92 -11.8435 7.77328 0
80 165.606 4.80996 179.452 -11.8959 7.84656 0
80 165.606 4.80996 179.452 -11.9477 7.8791 0
80 165.961 4.91313 179.565 -12.0106 7.90023 0
80 165.969 5.2253 179.834 -12.0941 7.90859 0
80 165.969 5.2253 179.834 -12.1601 7.93319 0
80 165.862 5.30867 180.081 -12.2306 7.93228 0
80 165.862 5.30867 180.081 -12.2551 7.95138 0
80 165.613 4.56901 179.537 -12.1906 8.02396 0
80 165.613 4.56901 179.537 -12.1906 8.05498 0
80 165.951 4.50111 179.168 -12.1846 8.12644 0
80 165.951 4.50111 179.168 -12.1846 8.16843 0
80 166.187 5.26996 179.483 -12.2517 8.17822 0
80 166.187 5.26996 179.483 -12.2517 8.2104 0
80 165.72 5.15104 179.49 -12.2413 8.24188 0
80 165.517 4.89328 179.812 -12.2188 8.2417 0
80 165.517 4.89328 179.812 -12.2188 8.26654 0
80 165.967 4.78572 179.665 -12.2095 8.30909 0
80 165.967 4.78572 179.665 -12.2095 8.33708 0
80 165.864 5.08214 180.052 -12.2353 8.32802 0
80 165.864 5.08214 180.052 -12.2353 8.34772 0
80 165.513 5.46046 179.884 -12.2683 8.38552 0
80 165.513 5.46046 179.884 -12.2683 8.40881 0
80 165.513 5.46046 179.884 -12.2683 8.43416 0
80 165.604 5.03644 179.48 -12.2313 8.49977 0
80 165.833 4.17374 179.017 -12.1561 8.57827 0
80 166.046 2.48357 177.648 -12.0086 8.75485 0
80 166.195 0.468918 176.132 -11.8119 8.97543 0
80 166.631 358.433 174.627 -11.5707 9.22762 0
80 167.093 356.346 173.471 -11.2771 9.49391 0
80 167.465 354.466 172.466 -10.9442 9.75825 0
80 167.811 353.112 171.875 -10.6356 10.0019 0
80 168.007 352.32 171.459 -10.3535 10.2413 0
80 167.686 354.536 172.72 -10.3355 10.3341 0
80 167.034 359.539 176.949 -10.6284 10.1217 0
80 166.456 6.54917 182.393 -11.2163 9.70439 0
80 166.314 12.473 187.191 -11.8683 9.21963 0
80 166.599 16.1057 190.643 -12.4295 8.75898 0
80 166.294 15.6374 191.334 -12.6639 8.49708 0
80 165.485 12.2021 188.293 -12.6218 8.56419 0
80 164.756 7.14547 182.924 -12.3477 8.9228 0
80 164.665 2.31855 177.422 -11.9857 9.4271 0
80 165.3 359.596 174.171 -11.7118 9.82898 0
80 166.214 359.791 174.088 -11.6711 9.98406 0
80 167.05 2.63786 176.149 -11.9047 9.92403 0
80 167.539 6.66728 179.228 -12.3209 9.7143 0
80 167.455 10.4463 182.771 -12.7034 9.39161 0
80 167.062 12.3446 185.464 -12.8691 9.07434 0
80 167.062 12.3446 185.464 -12.8691 8.96919 0
80 165.006 9.26631 182.727 -12.6005 9.16076 0
80 164.471 6.57191 180.202 -12.3653 9.39319 0
80 164.975 4.42895 175.378 -5.16624 9.9135 0
80 164.975 4.42895 175.378 -12.1783 10.0342 0
80 166.52 6.96006 177.818 -12.3992 9.91778 0
80 166.909 8.74033 180.426 -12.5546 9.72991 0
80 166.835 9.67178 182.391 -12.6359 9.54889 0
80 166.483 9.40121 183.776 -12.6122 9.38008 0
80 165.674 7.64984 182.697 -12.4594 9.41146 0
80 165.181 6.41232 180.487 -12.3514 9.58704 0
80 165.097 5.94102 178.81 -12.3103 9.76309 0
80 165.403 6.58122 178.298 -12.3661 9.85911 0
80 165.773 7.9037 178.904 -12.4816 9.85962 0
80 166.107 8.74152 180.487 -12.5547 9.75499 0
80 166.199 8.59027 181.734 -12.5415 9.6499 0
80 166.199 8.59027 181.734 -12.5415 9.63352 0
80 165.832 6.96295 181.675 -12.3995 9.61988 0
80 165.785 6.72334 180.838 -6.80242 29.1562 0
80 165.728 7.28744 179.988 -25.5551 29.5564 0
80 165.728 7.28744 179.988 -12.4278 9.77948 0
80 166.08 8.78275 180.147 -12.5583 9.78559 0
80 165.87 9.29444 180.575 -12.6029 9.76378 0
80 165.87 9.29444 180.575 -12.6029 9.77306 0
80 165.87 9.29444 180.575 -12.6029 9.78168 0
80 165.689 7.40379 181.044 -12.4379 9.74577 0
80 166.136 7.29793 180.887 -12.4287 9.75856 0
80 166.136 7.29793 180.887 -12.4287 9.76059 0
80 166.353 8.23333 180.755 -12.5103 9.77501 0
80 166.024 8.57007 180.935 -12.5103 5.57737 0
80 166.024 8.57007 180.935 -12.5397 9.76494 0
80 165.445 8.81384 180.894 -12.561 9.76999 0
80 164.983 9.20181 179.592 -12.5948 9.90695 0
80 164.983 9.20181 179.592 -12.5948 9.93447 0
80 165.377 9.10441 178.621 -12.5863 10.0601 0
80 165.536 8.56024 179.119 -12.5389 10.0607 0
80 165.799 8.43549 181.052 -12.528 9.91883 0
80 165.462 9.34565 181.193 -12.6074 9.904 0
80 164.989 10.2776 181.125 -34.3769 11.5004 0
80 164.989 10.2776 181.125 -12.6887 9.90216 0
80 163.673 11.5567 177.59 -12.7306 10.0896 0
80 163.703 11.6256 177.598 -12.8064 10.3193 0
80 163.703 11.6256 177.598 -12.8064 10.3929 0
80 163.703 11.6256 177.598 -12.8064 10.4665 0
80 163.703 11.6256 177.598 -12.8064 10.5393 0
80 161.883 17.5118 172.827 -13.32 11.0649 0
80 161.721 18.8637 172.582 -13.438 11.265 0
80 161.451 19.9983 172.324 -39.9404 17.4766 0
80 161.451 19.9983 172.324 -13.537 11.661 0
80 161.451 19.9983 172.324 -13.537 11.8494 0
80 161.595 17.4599 173.213 -13.3155 11.9571 0
80 161.595 17.4599 173.213 -13.3155 12.1392 0
80 165.023 10.8361 181.426 -12.7375 11.428 0
80 167.711 6.82683 188.591 -12.3876 10.6624 0
80 169.28 5.24309 193.302 -12.2494 10.0083 0
80 169.146 6.02783 193.501 -12.3179 9.72149 0
80 167.314 8.37261 187.986 -12.5225 10.0108 0
80 165.109 10.6629 181.047 -12.7223 10.5654 0
80 162.8 12.4242 174.072 -12.876 11.2878 0
80 161.31 13.3521 169.325 -12.957 11.931 0
80 161.31 13.3521 169.325 -12.957 12.1848 0
80 162.863 12.377 173.592 -12.8719 11.9813 0
80 166.711 9.69515 185.183 -12.7607 11.5099 0
80 168.159 8.57712 190.023 10.8757 -90.8791 -0
80 168.159 8.57712 190.023 -12.5403 10.2843 0
80 167.684 7.68764 187.066 -12.4627 10.3613 0
80 166.37 8.43102 181.009 -12.5276 10.7902 0
80 164.86 9.95388 175.755 -12.6605 11.2865 0
80 163.731 11.7687 172.606 -12.8188 11.6998 0
80 163.731 11.7687 172.606 -12.8188 11.8804 0
80 163.364 13.1778 173.419 -12.9418 11.9771 0
80 164.226 12.6651 177.455 -12.8971 11.7092 0
80 166.39 9.66964 185.437 -12.7799 11.2744 0
80 166.39 9.66964 185.437 -12.6357 10.8899 0
80 167.265 7.56259 185.925 -12.4518 10.743 0
80 167.204 7.53259 183.037 -12.4492 10.9181 0
80 166.5 8.59831 179.631 -12.5422 11.2178 0
80 165.685 10.0769 177.211 -12.6712 11.4869 0
80 164.914 11.5276 177 -12.7978 11.5891 0
80 164.72 11.7134 178.438 -12.814 11.5397 0
80 165.064 11.0559 180.639 -12.7566 11.3868 0
80 165.485 10.0756 182.792 -12.6711 11.1864 0
80 166.013 9.26028 183.8 -12.5999 11.0459 0
80 166.442 8.48917 183.554 -12.5326 11.008 0
80 166.599 8.63664 182.402 -12.5455 11.0608 0
80 166.49 9.26044 180.982 -12.6 11.1614 0
80 166.159 10.1019 179.838 -12.6734 11.2676 0
80 166.159 10.1019 179.838 -12.6734 11.2921 0
80 165.815 10.5235 180.037 -12.7102 11.2968 0
80 165.656 10.1942 180.822 -12.6814 11.2387 0
80 165.656 10.1942 180.822 -12.6814 11.242 0
80 165.656 10.1942 180.822 -12.6814 11.2453 0
80 166.362 9.08861 182.361 -12.585 11.0918 0
80 166.362 9.08861 182.361 -12.585 11.0619 0
80 166.27 9.95236 181.083 -12.6603 11.1686 0
80 166.06 10.4061 180.116 -12.6999 11.2701 0
80 166.06 10.4061 180.116 -12.6999 11.2886 0
80 166.06 10.4061 180.116 -12.6999 11.3073 0
80 165.532 10.3599 180.621 -12.6959 11.2792 0
80 165.842 10.1007 181.604 -12.6733 11.1946 0
80 165.842 10.1007 181.604 -12.6733 11.1808 0
80 166.248 9.81058 182.226 -12.648 11.1005 0
80 166.248 9.81058 182.226 -12.648 11.073 0
80 166.016 10.3057 180.919 -24.2138 41.5827 0
80 165.68 10.4222 179.92 -12.6912 11.1638 0
80 165.689 10.4222 179.92 -12.7013 11.2741 0
80 165.689 10.4222 179.92 -12.7013 11.2969 0
80 165.752 10.3383 180.6 -12.694 11.2458 0
80 165.898 9.25269 180.915 12.6636 3.8839 -0
80 166.305 8.08953 180.047 -12.5993 11.2272 0
80 166.305 8.08953 180.047 -12.4978 11.3231 0
80 166.821 6.51711 177.544 -12.3606 11.493 0
80 167.03 4.78834 177.544 -12.2097 11.6664 0
80 167.039 3.18285 176.441 -12.0696 11.8603 0
80 166.845 1.36518 175.198 -11.8904 12.0925 0
80 166.568 359.834 174.561 -11.7067 12.2856 0
80 166.529 358.164 174.014 -11.4749 12.483 0
80 166.686 357.357 173.922 -11.2978 12.6155 0
80 166.908 359.884 176.988 -11.4496 12.3479 0
80 166.82 5.21654 180.834 -11.9577 12.0123 0
80 166.749 12.3079 184.682 -12.7653 11.6097 0
80 166.701 17.7342 187.337 -13.3394 11.19 0
80 166.587 19.7652 188.199 -13.5167 11.0183 0
80 165.5 16.8705 185.655 -13.2641 11.1235 0
80 164.57 11.9552 181.625 -12.8351 11.4456 0
80 164.469 7.41884 178.348 -12.4392 11.7776 0
80 165.77 3.20509 176.589 10.3233 9.96654 -0
80 165.77 3.20509 176.589 -12.0715 12.1209 0
80 167.024 7.48299 182.239 -12.1937 11.9366 0
80 167.064 10.3077 184.992 -78.4259 -52.6802 -0
80 166.702 12.2185 186.533 -62.882 -29.187 0
80 166.702 12.2185 186.533 -12.8581 11.0491 0
80 164.864 11.0864 183.326 -12.8611 10.9904 0
80 164.485 9.42585 180.59 -12.7565 11.1681 0
80 164.573 8.41712 178.591 8.60058 58.1066 -0
80 165.233 8.12402 178.043 -5.68011 11.7039 0
80 165.233 8.12402 178.043 -12.5008 11.7678 0
80 166.062 8.81022 179.92 -12.5607 11.6342 0
80 166.321 9.38079 181.822 -12.6105 11.4534 0
80 166.355 9.64591 183.586 -12.6336 11.2453 0
80 166.032 9.34429 184.042 -12.6073 11.1404 0
80 165.687 8.71547 182.599 -12.5524 11.2224 0
80 165.471 8.54576 181.205 -12.5376 11.3292 0
80 165.408 9.20802 180.485 -12.5954 11.3959 0
80 165.408 9.20802 180.485 -12.5954 11.4074 0
80 165.407 10.1463 180.489 -12.6773 11.4185 0
80 165.515 9.98809 181.733 -12.6635 11.3023 0
80 165.515 9.98809 181.733 -12.6635 11.2858 0
80 165.185 8.52634 182.152 -12.5359 11.2284 0
80 165.35 8.55611 182.838 -12.5385 11.1401 0
80 165.35 8.55611 182.838 -12.5385 11.0964 0
80 165.409 9.35132 182.01 -12.6079 11.1323 0
80 165.409 9.35132 182.01 -12.6079 11.108 0
80 165.564 9.63495 182.498 -12.6326 11.0338 0
80 165.265 9.38954 181.68 -12.6112 11.078 0
80 165.272 9.03914 181.749 -12.5806 11.0548 0
80 165.547 8.8652 182.282 -12.5655 10.9894 0
80 165.547 8.8652 182.282 -12.5655 10.9609 0
80 165.547 8.8652 182.282 -12.5655 10.9327 0
80 165.706 9.48637 182.813 -12.6197 10.8546 0
80 165.706 9.48637 182.813 -12.6197 10.8114 0
80 165.135 9.45617 181.35 -12.617 10.9099 0
80 165.129 8.96611 181.403 -1.17023 9.64587 0
80 165.129 8.96611 181.403 -12.5743 10.8875 0
80 165.379 8.7223 181.582 -12.553 10.8627 0
80 165.379 8.7223 181.582 -12.553 10.8496 0
80 165.708 9.02377 182.869 -12.5793 10.6994 0
80 165.635 9.16969 183.474 -12.592 10.5943 0
80 165.289 9.00988 181.975 -12.5781 10.6881 0
80 165.22 8.90278 181.04 -12.5687 10.7564 0
80 165.274 9.12104 180.253 -12.5878 10.8279 0
80 165.079 9.34608 179.371 -12.6074 10.9258 0
80 165.079 9.34608 179.371 -12.6074 10.9607 0
80 165.12 8.40507 179.593 -12.5253 10.9719 0
80 165.142 6.54935 179.581 -12.3634 11.0032 0
80 165.023 4.52232 179.091 -12.1865 11.0851 0
80 164.811 2.27896 178.57 -11.9886 11.1825 0
80 164.491 0.103435 178.396 -11.7527 11.2536 0
80 163.781 356.309 176.582 -11.4623 11.3938 0
80 163.781 356.309 176.582 -11.1914 11.5806 0
80 163.609 355.825 175.116 -11.0063 11.8361 0
80 163.297 355.759 174.051 -10.8563 12.0761 0
80 163.304 356.025 173.044 -10.7383 12.3328 0
80 163.532 356.286 172.746 -10.6259 12.5354 0
80 163.532 356.286 172.746 -10.493 12.7146 0
80 163.842 356.594 173.73 -10.3925 12.6322 0
80 163.972 357.979 175.433 -10.4101 12.4836 0
80 164.364 2.2541 179.615 -10.757 12.1186 0
80 165.197 8.78687 183.805 -11.4433 11.7014 0
80 166.293 15.3122 186.857 -12.2724 11.3172 0
80 167.156 19.9613 187.997 -13.0522 11.0669 0
80 167.018 17.6273 186.336 -13.2218 11.0668 0
80 166.412 12.8083 183.502 -12.9096 11.2182 0
80 166.004 7.77265 180.724 -12.4701 11.4259 0
80 165.827 3.97469 178.762 -12.1387 11.6203 0
80 165.729 2.72324 178.609 -12.0295 11.7462 0
80 165.65 4.45461 180.445 -12.1806 11.5656 0
80 165.659 7.56586 182.456 -12.4521 11.3831 0
80 165.521 10.8026 184.391 -12.7345 11.1633 0
80 165.449 12.5121 185.554 -12.8837 10.9748 0
80 165.449 12.5121 185.554 -12.8837 10.8749 0
80 164.987 11.3806 183.476 -12.785 10.9905 0
80 164.775 9.23212 181.235 -12.5975 11.1682 0
80 164.921 7.40201 180.054 -12.4378 11.2869 0
80 165.243 6.8068 179.377 -12.3858 11.3772 0
80 166.016 8.58394 180.822 -12.5409 11.2805 0
80 166.26 10.1325 182.381 -12.6784 11.1419 0
80 165.974 10.981 182.977 -12.6761 11.114 0
80 165.974 10.981 182.977 -12.7501 11.0179 0
80 164.957 9.69186 182.093 14.3624 29.5728 0
80 164.957 9.69186 182.093 -12.6376 11.0287 0
80 164.714 8.77713 180.367 -9.53482 23.8512 -0
80 164.714 8.77713 180.367 -12.5578 11.1938 0
80 165.345 9.3409 181.203 -12.607 11.1234 0
80 165.753 9.82968 181.926 -12.6496 11.05 0
80 165.896 9.56931 182.227 -12.6269 11.0019 0
80 165.896 9.56931 182.227 -12.6269 10.9746 0
80 165.896 9.56931 182.227 -12.6269 10.9478 0
80 165.234 9.49048 181.114 -12.62 11.0256 0
80 165.234 9.49048 181.114 -12.62 11.0226 0
80 165.379 9.8997 181.502 -12.6557 10.9793 0
80 165.379 9.8997 181.502 -12.6557 10.9678 0
80 165.379 9.8997 181.502 -12.6557 10.9553 0
80 165.689 9.51492 182.587 -12.6222 10.8343 0
80 165.689 9.51492 182.587 -12.6222 10.7962 0
80 165.261 9.5586 181.468 -12.626 10.8799 0
80 165.261 9.5586 181.468 -12.626 10.8683 0
80 165.261 9.5586 181.468 -12.626 10.8576 0
80 165.261 9.5586 181.468 -12.626 10.8469 0
80 165.452 9.67162 182.393 -12.6358 10.7501 0
80 165.342 9.42677 182.487 -6.91658 8.53587 0
80 165.342 9.42677 182.487 -12.6145 10.6782 0
0 165.291 9.34573 182.02 -100 -24.4138 -0
