H_VAL   H_STEP_SIZE 60 0.1
ROLL KP KI KD 5 12 12
PITCH KP KI KD 5 12 12
YAW KP KI KD 0 0 0
60 150.239 2.23153 181.423 0.0139805 -0.0407044 0
60 150.239 2.23153 181.423 0.0176557 -0.0514045 0
60 150.239 2.23153 181.423 0.0211051 -0.0614476 0
60 150.239 2.23153 181.423 0.0242967 -0.0714907 0
60 150.239 2.23153 181.423 0.0277784 -0.0808768 0
60 150.239 2.23153 181.423 0.0312279 -0.09092 0
60 149.876 1.07838 180.409 0.158961 0.00934318 0
60 149.753 1.12795 180.661 0.183584 -0.00207845 0
60 149.753 1.12795 180.661 0.211765 0.00495857 0
60 150.13 1.24354 180.687 0.227191 0.0090357 0
60 150.13 1.24354 180.687 0.253021 0.0155553 0
60 150.353 1.41307 180.492 0.25948 0.0416175 0
60 150.353 1.41307 180.492 0.281271 0.0524349 0
60 150.353 1.41307 180.492 0.303266 0.0634544 0
60 150.002 1.52321 180.526 0.314012 0.0705667 0
60 150.002 1.52321 180.526 0.333516 0.0807152 0
60 150.006 1.54481 180.888 -0.152757 -8.35334 0
60 150.006 1.54481 180.888 0.368845 0.059955 0
60 150.006 1.54481 180.888 0.386275 0.0619278 0
60 150.226 1.66256 180.442 0.393735 0.108166 0
60 150.226 1.66256 180.442 0.408875 0.119329 0
60 150.226 1.66256 180.442 0.425378 0.131497 0
60 150.225 1.91356 180.39 0.414771 0.148117 0
60 150.225 1.91356 180.39 0.425544 0.161467 0
60 150.005 2.0477 180.785 0.422162 0.134473 0
60 150.005 2.0477 180.785 0.429873 0.138803 0
60 149.997 2.16666 180.343 0.425096 0.186843 0
60 149.997 2.16666 180.343 0.430091 0.201272 0
60 149.997 2.16666 180.343 0.434674 0.214509 0
60 149.997 2.16666 180.343 0.439669 0.228937 0
60 150.343 3.08184 180.46 0.349997 0.230102 0
60 150.246 3.28002 180.633 0.315708 0.224161 0
60 150.246 3.28002 180.633 0.295286 0.231965 0
60 149.984 2.94994 180.078 0.309247 0.294429 0
60 149.984 2.94994 180.078 0.29636 0.31489 0
60 149.984 2.94994 180.078 0.284537 0.333661 0
60 150.341 3.63486 180.607 0.210387 0.304649 0
60 150.252 3.77484 181.001 -3.08831 -8.90698 0
60 150.252 3.77484 181.001 0.140025 0.277385 0
60 150.126 3.10693 180.828 0.174846 0.294064 0
60 149.989 3.22247 180.389 0.14909 0.337058 0
60 149.989 3.22247 180.389 0.129982 0.350437 0
60 150.102 4.39025 180.46 -0.00406201 0.355733 0
60 150.109 4.66237 180.77 -0.0721185 0.338001 0
60 150.134 4.26448 181.374 -0.12076 0.342379 0
60 150.134 4.26448 181.374 -0.126179 0.281094 0
60 150.119 4.05118 180.843 4.81578 12.6794 0
60 150.119 4.05118 180.843 -0.186815 0.3228 0
60 150.211 4.70335 180.183 -0.29373 0.397517 0
60 150.211 4.70335 180.183 -0.343247 0.414436 0
60 150.281 5.71408 179.499 -0.502559 0.505646 0
60 150.46 5.56591 180.518 -0.564116 0.445476 0
60 150.342 5.31126 180.575 6.05571 -1.05304 0
60 150.342 5.31126 180.575 -0.673337 0.458564 0
60 150.083 5.49448 179.924 -0.75509 0.535545 0
60 150.083 5.49448 179.924 -0.826717 0.559755 0
60 150.058 5.6126 179.482 -0.905545 0.628631 0
60 150.058 5.6126 179.482 -0.974486 0.66052 0
60 150.363 4.97329 180.959 -0.986215 0.550238 0
60 150.363 4.97329 180.959 -1.0415 0.550574 0
60 150.502 4.3369 181.14 -1.03885 0.534465 0
60 150.502 4.3369 181.14 -1.08381 0.530666 0
60 150.502 4.3369 181.14 -1.12549 0.526866 0
60 150.216 4.78437 180.323 -1.21403 0.602122 0
60 150.216 4.78437 180.323 -1.26478 0.615913 0
60 150.377 4.44311 181.174 -1.28074 0.541885 0
60 150.37 4.05907 180.835 -1.29233 0.56922 0
60 150.37 4.05907 180.835 -1.32773 0.572178 0
60 150.381 4.52439 181.313 -1.41072 0.526592 0
60 150.381 4.52439 181.313 -1.45641 0.51879 0
60 150.199 4.98294 180.021 -1.55518 0.649768 0
60 150.368 4.72297 181.011 -1.58657 0.578326 0
60 150.368 4.72297 181.011 -1.6365 0.577552 0
60 150.354 4.06585 180.363 -1.61506 0.648293 0
60 150.354 4.06585 180.363 -1.65377 0.661228 0
60 150.487 4.01607 181.413 -1.68434 0.561975 0
60 150.362 4.11782 180.614 -4.3922 19.2322 0
60 150.362 4.11782 180.614 -1.7685 0.632118 0
60 150.355 3.62822 181.079 -1.75838 0.595057 0
60 150.457 3.39384 180.183 -1.7632 0.675866 0
60 150.57 3.59481 179.877 -1.80299 0.720596 0
60 150.598 3.80485 180.879 -1.85023 0.654898 0
60 150.598 3.80485 180.879 -1.88025 0.656925 0
60 150.598 3.80485 180.879 -1.91058 0.658972 0
60 150.13 3.52013 181.057 -1.91664 0.644384 0
60 150.13 3.52013 181.057 -1.94064 0.642651 0
60 150.438 3.53994 179.63 -1.96699 0.775868 0
60 150.438 3.53994 179.63 -1.99141 0.80432 0
60 150.592 3.53082 180.57 -2.01608 0.833053 0
60 150.592 3.53082 180.57 -2.03999 0.760472 0
60 150.252 3.66412 180.972 -2.08916 0.732547 0
60 150.252 3.66412 180.972 -2.10366 0.732602 0
60 150.139 3.54203 181.418 -2.12033 0.684946 0
60 150.111 3.25495 180.275 -2.11498 0.788191 0
60 150.111 3.25495 180.275 -2.13355 0.803142 0
60 150.111 3.25495 180.275 -2.15377 0.819412 0
60 150.111 3.25495 180.275 -2.17216 0.834217 0
60 150.111 3.25495 180.275 -2.19073 0.849168 0
60 150.272 2.45241 181.953 -2.12347 0.680732 0
60 150.021 2.44481 181.959 -2.12432 0.659428 0
60 150.001 2.661 180.712 -2.14866 0.771663 0
60 150.001 2.661 180.712 -2.15501 0.777709 0
60 150.462 3.14313 180.235 -2.2056 0.827524 0
60 150.462 3.14313 180.235 -2.22305 0.844555 0
60 150.136 2.7669 181.211 -2.20373 0.768263 0
60 150.136 2.7669 181.211 -2.21188 0.763214 0
60 150.136 2.7669 181.211 -2.22066 0.757769 0
60 149.99 2.89055 180.3 -2.24224 0.853002 0
60 149.99 2.89055 180.3 -2.25388 0.868555 0
60 150.351 3.3488 179.937 -2.3154 0.9224 0
60 150.351 3.3488 179.937 -2.3376 0.946314 0
60 150.029 2.82826 182.299 -2.32263 0.835997 0
60 150.029 2.82826 182.299 -2.31531 0.707736 0
60 150.029 2.82826 182.299 -2.32551 25.1883 0
60 149.786 2.87536 181.249 -2.34101 0.762419 0
60 149.996 2.9418 180.551 -2.3594 0.830703 0
60 150.093 3.40292 179.722 -2.41974 0.926816 0
60 150.248 4.35744 181.038 -2.54017 0.81751 0
60 150.327 4.73193 182.792 -2.62143 0.63481 0
60 150.01 5.15062 183.87 -2.71927 0.481135 0
60 150.098 6.16392 185.443 -2.88141 0.259624 0
60 150.191 7.40816 186.604 -3.08843 0.0463339 0
60 150.134 8.62714 186.939 -3.31873 -0.108674 0
60 150.099 9.75978 187.243 -3.56301 -0.277653 0
60 150.158 10.624 187.959 -3.83635 -0.496278 0
60 150.364 10.9274 188.727 -4.04334 -0.721086 0
60 150.658 10.7244 189.59 -4.20739 -0.96507 0
60 150.658 10.7244 189.59 -4.40125 -1.16716 0
60 150.748 9.82034 188.026 -4.48445 -1.18397 0
60 150.485 8.33533 184.927 -4.48601 -1.0046 0
60 150.322 5.20765 180.074 -4.28043 -0.570663 0
60 209.916 4.99572 184.484 -3.93275 -0.0939235 0
60 150.41 355.393 172.727 48.8143 19.3684 0
60 150.436 355.382 172.733 -3.15123 0.517038 0
60 150.096 355.94 176.07 -3.0549 0.367316 0
60 150.004 358.396 179.334 -3.16323 0.145896 0
60 149.881 1.26151 181.051 -3.36387 0.00950364 0
60 149.674 3.27461 181.955 -3.54251 -0.0861123 0
60 149.443 3.69734 181.721 -3.60716 -0.0830098 0
60 149.299 2.43797 180.668 -3.50735 0.00794379 0
60 149.163 0.748943 179.018 -3.33994 0.179706 0
60 149.265 0.093777 178.362 -3.23957 0.287011 0
60 149.265 0.093777 178.362 -3.19062 0.342824 0
60 149.871 0.733301 179.485 -3.20202 0.296515 0
60 149.874 1.5812 180.307 -3.24222 0.25111 0
60 149.65 1.66334 180.45 -3.2325 0.252323 0
60 149.65 1.66334 180.45 -3.21708 0.263526 0
60 149.523 0.946786 180.02 -3.12892 0.319995 0
60 149.521 0.785675 179.739 -3.07999 0.367932 0
60 149.521 0.785675 179.739 -3.04581 0.394332 0
60 149.521 0.785675 179.739 -3.01164 0.420732 0
60 149.527 0.987002 180.743 -2.99598 0.342048 0
60 149.527 0.694875 181.376 -2.93535 0.280376 0
60 149.527 0.694875 181.376 -2.89959 0.271888 0
60 149.527 0.694875 181.376 -2.86347 0.26256 0
60 149.174 0.96617 180.385 -2.85267 0.358147 0
60 149.387 1.54006 179.59 -2.8806 0.451444 0
60 149.387 1.54006 179.59 -2.86113 0.483352 0
60 149.747 1.72022 180.227 -2.86075 0.450344 0
60 149.747 1.72022 180.227 -2.84668 0.466152 0
60 149.273 1.32659 180.364 -2.7906 0.469395 0
60 148.92 1.32608 180.369 -2.76793 0.482059 0
60 148.92 1.32608 180.369 -2.7453 0.49501 0
60 148.835 3.49468 181.569 -2.87554 0.452913 0
60 148.835 3.49468 181.569 -2.96776 0.378603 0
60 147.858 0.978423 179.924 -2.73603 0.532869 0
60 147.246 359.702 177.763 -2.57711 0.77114 0
60 147.027 359.156 177.6 -2.46437 0.856263 0
60 147.25 359.929 179.024 -2.4684 0.789495 0
60 147.849 1.95632 179.848 -2.62165 0.747768 0
60 148.579 3.36538 180.35 -2.75315 0.721713 0
60 149.083 4.00662 181.463 -2.83689 0.626048 0
60 149.07 3.51218 181.923 -2.82581 0.569792 0
60 148.821 2.4344 180.678 -2.74636 0.669212 0
60 148.438 1.60703 180.216 -2.66914 0.719181 0
60 148.438 1.60703 180.836 -2.65251 0.735392 0
60 147.992 1.67217 180.836 -2.64265 0.68429 0
60 147.992 1.67217 180.836 -2.62756 0.687224 0
60 148.117 2.40055 180.803 -2.69145 0.693783 0
60 148.476 2.5292 181.189 -2.70529 0.656961 0
60 148.339 2.02049 180.453 -2.66035 0.721827 0
60 148.339 2.02049 180.453 -2.65194 0.733848 0
60 148.339 2.02049 180.453 -2.64422 0.744886 0
60 147.989 1.95641 180.679 -2.62946 0.731447 0
60 147.989 1.95641 180.679 -2.6203 0.737758 0
60 148.341 2.87194 180.813 -2.61113 0.74407 0
60 148.341 2.87194 180.813 -2.70223 0.736087 0
60 148.204 2.88428 180.344 -2.71386 0.786349 0
60 148.204 2.88428 180.344 -2.72451 0.799814 0
60 148.124 2.274 181.243 -2.67072 0.718131 0
60 148.124 2.274 181.243 -2.66834 0.712448 0
60 148.124 2.274 181.243 -2.66596 0.706709 0
60 148.124 2.274 181.243 -2.6636 0.70052 0
60 148.215 2.53823 180.722 -2.68783 0.747691 0
60 148.215 2.53823 180.722 -2.69106 0.753034 0
60 148.215 2.53823 180.722 -2.69433 0.758858 0
60 148.621 6.25054 177.704 -3.05605 1.0555 0
60 149.425 8.26468 175.115 -3.33252 1.37464 0
60 149.437 10.2313 173.134 -3.64745 1.69048 0
60 148.747 12.3604 171.849 -4.00844 1.97473 0
60 148.747 12.3604 171.849 -4.23824 2.18498 0
60 148.302 13.4233 170.373 -4.56911 2.54251 0
60 147.869 13.9893 169.484 -4.86545 2.8641 0
60 147.509 14.7349 169.244 -5.21118 3.15397 0
60 147.889 14.6273 168.569 -5.46735 3.47093 0
60 148.86 11.3585 173.125 -5.44016 3.3267 0
60 149.327 5.82528 179.576 -5.10958 2.88548 0
60 149.242 359.592 185.352 -4.58236 2.35839 0
60 148.393 354.512 191.705 -4.03364 1.65323 0
60 147.171 351.224 196.048 -3.5279 0.977541 0
60 146.316 352.145 195.082 -3.37979 0.750342 0
60 146.173 355.165 188.369 -3.46253 1.11912 0
60 145.918 359.226 180.961 -3.71369 1.70071 0
60 145.918 3.02698 176.012 -4.02609 2.20343 0
60 146.343 5.8921 173.627 -4.3251 2.54602 0
60 146.343 5.8921 173.627 -4.40001 2.70299 0
60 148.73 4.92208 178.638 -4.38153 2.37749 0
60 149.587 2.39143 184.329 -4.18786 1.86368 0
60 149.973 359.379 188.501 -3.88727 1.37556 0
60 149.973 359.379 188.501 -3.82367 1.21636 0
60 149.44 356.215 189.435 -3.427 0.957374 0
60 148.472 357.364 186.761 -3.41395 1.05318 0
60 147.612 359.892 182.83 -3.56847 1.3528 0
60 146.755 2.88254 179.186 -3.82925 1.6931 0
60 146.358 5.48412 176.985 -4.11386 1.96341 0
60 146.598 6.29159 177.815 -4.2651 1.96122 0
60 147.45 4.96228 179.417 -4.21111 1.86308 0
60 148.217 2.28634 180.77 -3.99435 1.75944 0
60 148.898 359.535 183.794 -3.72276 1.46757 0
60 149.2 358.672 185.219 -3.57029 1.2598 0
60 149.2 358.672 185.219 -3.49096 1.16914 0
60 148.813 0.426038 182.735 -3.59554 1.33912 0
60 148.341 2.20993 180.626 -3.74111 1.53091 0
60 147.736 3.75699 180.25 -3.89961 1.57134 0
60 147.139 3.65334 180.599 -3.91839 1.55144 0
60 147.139 3.65334 180.599 -3.94759 1.56011 0
60 147.486 0.279367 183.542 -3.64986 1.28477 0
60 147.486 359.721 184.888 19.2936 -27.0905 0
60 148.15 359.195 184.893 -3.43579 1.02064 0
60 148.646 359.449 183.654 -3.39436 1.06716 0
60 148.566 0.337601 181.761 -3.40894 1.20732 0
60 148.345 1.56366 180.8 -3.50415 1.28992 0
60 148.345 1.56366 180.8 -3.4866 1.29366 0
60 147.585 2.08121 179.411 -3.51984 1.43367 0
60 147.867 1.49603 181.026 -3.45753 1.31759 0
60 148.118 0.820345 182.139 -3.37476 1.21148 0
60 148.339 0.254997 181.62 -3.28596 1.23257 0
60 148.339 0.254997 181.62 -3.23688 1.21771 0
60 148.475 1.09402 181.617 -3.26699 1.20312 0
60 148.475 1.09402 181.617 -3.2394 1.1894 0
60 148.338 1.83101 180.28 -3.29036 1.31849 0
60 148.326 1.9088 179.588 -3.28684 1.40734 0
60 148.473 1.645 180.939 -3.24848 1.2999 0
60 148.479 1.47387 181.962 -3.21348 1.19162 0
60 148.479 1.47387 181.962 -3.19248 1.16868 0
60 148.449 1.40549 181.35 -3.16365 1.2141 0
60 148.449 1.40549 181.35 -3.14108 1.20547 0
60 148.449 1.40549 181.35 -3.12035 1.19754 0
60 148.341 1.54734 180.438 -3.11455 1.28695 0
60 148.341 1.54734 180.438 -3.09507 1.29932 0
60 148.349 1.54859 181.271 -3.0773 1.22164 0
60 148.084 1.93764 180.315 -3.09761 1.30894 0
60 148.06 2.44161 179.387 -3.13741 1.41393 0
60 148.06 2.44161 179.387 -3.13871 1.45083 0
60 148.171 5.08125 177.275 -3.41828 1.71145 0
60 148.224 6.9037 175.521 -3.66745 1.9715 0
60 147.988 8.51878 174.075 -3.92483 2.23092 0
60 147.487 10.0038 172.491 -4.20144 2.53384 0
60 147.487 10.0038 172.491 -4.36419 2.71508 0
60 147.487 10.0038 172.491 -4.52694 2.89631 0
60 147.487 10.0038 172.491 -4.70245 3.09176 0
60 146.082 14.0072 168.928 -5.27158 3.63467 0
60 146.327 14.3505 168.28 -5.55476 3.95586 0
60 146.235 13.4237 168.503 15.8399 4.23707 0
60 146.235 13.4237 168.503 -5.98204 4.49452 0
60 146.137 13.1246 169.154 -6.18856 4.69719 0
60 146.287 13.3069 170.406 -6.43453 4.83595 0
60 146.279 13.1503 171.208 -6.65562 5.00602 0
60 146.279 13.1503 171.208 -6.90362 5.21467 0
60 146.382 11.7682 172.606 -6.99329 5.28133 0
60 146.864 10.0274 174.586 -7.01703 5.26055 0
60 147.873 6.13962 179.022 -6.79375 4.95739 0
60 148.73 1.52231 184.35 -6.41155 4.4583 0
60 149.018 357.128 190.275 -5.94593 3.78279 0
60 148.778 353.994 194.933 -5.50955 3.10251 0
60 148.25 353.25 195.562 -5.23613 2.71179 0
60 147.861 354.807 191.298 -5.20462 2.84818 0
60 147.568 357.515 185.247 -5.32718 3.2634 0
60 147.123 0.646981 179.832 -5.5575 3.75036 0
60 146.873 3.25035 175.944 -5.80007 4.20013 0
60 147.008 4.56425 175.132 -5.96081 4.39461 0
60 147.792 4.12751 178.566 -5.96074 4.15283 0
60 148.619 2.11277 183.09 -5.78289 3.72135 0
60 149.511 356.427 190.452 59.5141 -73.9072 0
60 149.511 356.427 190.452 -5.07971 2.72544 0
60 149.737 354.659 189.977 -4.78222 2.5687 0
60 149.293 356.293 185.64 -4.77446 2.793 0
60 148.691 359.513 180.458 -4.94819 3.19207 0
60 148.002 2.97083 177.156 -5.23131 3.53211 0
60 147.509 5.98626 176.725 -5.53349 3.65592 0
60 147.615 5.97939 178.391 -5.61052 3.58946 0
60 147.984 4.00317 181.029 -5.50382 3.39562 0
60 148.71 0.985417 184.557 -5.24848 3.05552 0
60 149.506 357.404 187.731 -4.88548 2.67128 0
60 149.995 355.738 187.409 -4.61805 2.55628 0
60 150.164 356.694 184.815 -4.56306 2.65496 0
60 149.967 359.012 182.344 -4.65249 2.79782 0
60 149.273 1.98946 180.547 -67.2049 40.5817 0
60 149.273 1.98946 180.547 -4.83732 2.93807 0
60 148.55 3.39365 179.407 -4.98161 3.07136 0
60 147.98 2.74515 180.429 -4.934 2.99586 0
60 147.832 359.959 183.446 -4.80006 2.7886 0
60 147.832 359.959 183.446 -4.61839 2.64785 0
60 148.066 359.192 183.223 -4.48312 2.61794 0
60 148.445 359.802 182.8 -4.4774 2.61331 0
60 148.827 1.33312 181.203 -4.5642 2.72191 0
60 148.917 1.93975 180.301 -4.59598 2.80065 0
60 148.917 1.93975 180.301 -4.58655 2.81489 0
60 148.829 1.35094 181.565 -4.51836 2.70339 0
60 148.689 0.533641 182.767 -4.41125 2.56744 0
60 148.689 0.533641 182.767 -4.37201 2.52954 0
60 148.689 0.533641 182.767 -4.33245 2.49126 0
60 148.664 359.556 182.85 -4.20406 2.44541 0
60 148.916 0.281498 181.981 -21.0929 22.7001 0
60 148.916 0.281498 181.981 -4.15804 2.45779 0
60 149.174 0.568503 181.82 -4.14411 2.45353 0
60 149.164 0.32375 182.703 -4.07919 2.34265 0
60 149.164 0.32375 182.703 -4.03126 2.30247 0
60 148.792 359.319 182.426 -3.88396 2.2945 0
60 148.678 359.901 182.47 -17.4195 1.22392 0
60 148.678 359.901 182.47 -3.81729 2.22476 0
60 148.678 359.901 182.47 -3.76006 2.19312 0
60 148.678 359.901 182.47 -3.70698 2.16117 0
60 148.829 1.16527 182.227 -3.76873 2.15135 0
60 148.829 1.16527 182.227 -3.74062 2.12225 0
60 148.557 359.992 182.14 -3.58662 2.10492 0
60 148.438 359.042 182.109 -3.43382 2.0833 0
60 148.438 359.042 182.109 -3.36308 2.05716 0
60 148.454 0.00617302 182.5 -3.38326 1.99323 0
60 148.602 1.17889 182.59 -3.45147 1.95154 0
60 148.613 1.93682 182.446 -3.49851 1.93088 0
60 148.613 1.93682 182.446 -3.48817 1.89668 0
60 148.613 1.93682 182.446 -3.47849 1.86525 0
60 148.091 359.793 182.799 -3.23957 1.79607 0
60 148.091 359.793 182.799 -3.18418 1.7571 0
60 148.127 1.46768 182.8 -3.28571 1.71458 0
60 148.37 2.55986 182.749 -3.36923 1.68041 0
60 148.37 2.55986 182.749 -3.37295 1.64251 0
60 148.552 3.74233 183.669 -3.49473 1.51272 0
60 148.98 4.68775 185.461 -3.62066 1.27117 0
60 149.57 5.9472 187.921 -3.7932 0.934458 0
60 150.221 7.64869 189.762 -4.04587 0.589112 0
60 151.024 9.67715 190.941 -4.36191 0.281888 0
60 151.972 11.7696 191.974 -4.73009 -0.0358638 0
60 152.792 13.203 192.929 -5.06187 -0.352413 0
60 153.058 14.082 193.837 -5.38132 -0.699151 0
60 153.019 14.4215 194.41 -5.66576 -1.0307 0
60 153.047 14.3195 194.963 -2.6389 -14.507 0
60 153.073 14.3195 194.963 -6.19367 -1.72139 0
60 153.073 14.3195 194.963 -6.47361 -2.02314 0
60 152.982 14.287 194.014 -6.728 -2.23332 0
60 152.76 14.0935 193.167 -6.98674 -2.45798 0
60 152.743 13.2796 192.49 11.7726 13.1064 0
60 152.743 11.7217 191.321 -7.40177 -2.909 0
60 152.286 11.7217 191.321 -7.46722 -3.03019 0
60 151.806 9.84684 189.584 -7.46978 -3.06869 0
60 151.777 8.60456 188.319 -7.49787 39.1068 0
60 151.445 5.89421 183.865 29.82 58.6898 0
60 150.934 3.06238 180.083 -7.20777 -2.5863 0
60 150.239 359.443 176.297 -6.88807 -2.21607 0
60 149.59 355.614 173.346 -6.47105 -1.84159 0
60 149.232 352.613 170.822 -6.02332 -1.42127 0
60 148.812 352.241 170.084 -5.77666 -1.1312 0
60 148.509 353.915 172.327 -5.71407 -1.10617 0
60 148.565 356.444 174.834 -5.76058 -1.14642 0
60 148.575 358.807 177.046 -5.86385 -1.22279 0
60 148.566 0.027975 179.056 -5.90134 -1.33873 0
60 148.566 0.027975 179.056 -5.85048 -1.29734 0
60 148.349 358.828 177.406 -5.67958 -1.09091 0
60 148.27 357.817 175.927 -5.50358 -0.859223 0
60 148.407 357.431 175.584 -5.35922 -0.717261 0
60 148.407 357.431 175.584 -5.25338 -0.602106 0
60 148.721 357.777 176.879 -5.17483 -0.616578 0
60 148.703 358.338 178.702 -5.13639 -0.722278 0
60 148.698 358.435 179.205 -5.05116 -0.727719 0
60 148.356 357.993 178.242 -4.92262 -0.594958 0
60 148.36 358.102 177.439 -4.83819 -0.460062 0
60 148.227 358.563 177.09 -4.78299 -0.34424 0
60 148.215 359.321 177.782 -4.76994 -0.323806 0
60 148.216 359.51 178.789 -4.72111 -0.346607 0
60 148.216 359.51 178.789 -4.65969 -0.299914 0
60 148.216 359.322 179.45 -4.5771 -0.324685 0
60 148.216 359.322 179.45 -4.511 -0.291789 0
60 148.467 359.681 178.601 -4.47947 -0.176724 0
60 148.46 359.948 178.082 -4.44131 -0.0725013 0
60 148.46 359.948 178.082 -4.38923 -0.0107003 0
60 148.331 0.329091 178.427 -4.37858 0.0136272 0
60 148.086 0.189359 179.339 -4.31626 -0.0249191 0
60 147.988 0.110456 180.032 -4.2601 -0.0626747 0
60 147.988 0.110456 180.032 -4.21102 -0.0423291 0
60 147.987 0.0165276 179.528 -4.15221 0.0301588 0
60 147.959 0.189837 179.339 -4.11891 0.0774458 0
60 148.085 0.677745 179.717 -4.11632 0.0780685 0
60 148.088 0.772083 180.221 -4.08842 0.059098 0
60 148.09 0.614279 180.771 -4.03794 0.0264604 0
60 148.09 0.614279 180.771 -3.99945 0.0307659 0
60 148.087 0.362449 179.984 -3.93643 0.114939 0
60 148.084 0.331235 179.261 -3.88628 0.21022 0
60 148.087 0.61462 179.937 -3.86813 0.185377 0
60 148.087 0.61462 179.937 -3.8303 0.20754 0
60 148.088 0.882377 180.252 -3.82111 0.196035 0
60 148.088 0.882377 180.252 -3.78648 0.212684 0
60 148.088 0.882377 180.252 -3.75437 0.228122 0
60 148.077 1.05611 179.229 -3.74023 0.349294 0
60 148.069 1.18233 178.789 -3.72443 0.434681 0
60 148.069 1.18233 178.789 -3.69671 0.480919 0
60 148.08 1.18199 179.623 -3.67097 0.44296 0
60 148.089 1.18165 180.457 -3.64523 0.385797 0
60 148.092 0.787356 181.416 -3.57788 0.302026 0
60 147.967 359.822 182.689 -3.44701 0.165429 0
60 147.642 358.244 184.382 -3.23772 -0.0370406 0
60 147.642 358.244 184.382 -3.14925 -0.109839 0
60 147.642 358.244 184.382 -3.05297 -0.189061 0
60 147.642 358.244 184.382 -2.96364 -0.262573 0
60 146.869 352.229 188.363 -2.22969 -0.762613 0
60 146.803 351.698 190.007 -1.95468 -1.09505 0
60 146.9 351.604 191.192 -1.71428 -1.41471 0
60 146.744 350.927 192.07 -1.41282 -1.72361 0
60 146.508 350.574 192.446 -1.13097 -1.99985 0
60 146.508 350.574 192.446 -0.856376 -2.26652 0
60 146.391 350.24 192.216 -0.568172 -2.49105 0
60 146.391 350.24 192.216 -0.30871 -2.7312 0
60 146.521 350.684 192.478 -0.088714 -2.9985 0
60 146.521 350.684 192.478 0.15881 -3.25747 0
60 146.579 350.592 191.967 0.437079 -3.46094 0
60 146.579 350.592 191.967 0.68902 -3.69347 0
60 146.622 350.641 191.504 0.935743 -3.8788 0
60 146.841 350.866 190.855 1.18514 -4.05532 0
60 146.841 350.866 190.855 1.42882 -4.26433 0
60 146.794 352.731 189.829 1.50201 -4.38027 0
60 146.794 352.731 189.829 1.70826 -4.56943 0
60 146.717 354.208 188.096 1.75579 -4.57177 0
60 146.69 356.112 184.94 1.73174 -4.39315 0
60 146.769 0.109828 180.033 1.44616 -3.96029 0
60 146.823 5.32533 174.644 0.932572 -3.35473 0
60 147.047 11.3197 170.734 0.228909 -2.80127 0
60 146.643 16.1415 167.422 -0.45428 -2.24339 0
60 146.643 16.1415 167.422 -0.751029 -1.95102 0
60 146.221 12.0252 170.64 -0.636839 -1.97994 0
60 146.312 8.04632 173.672 -0.447566 -2.05973 0
60 146.612 4.70379 176.742 -0.239874 -2.20065 0
60 147.358 3.19785 180.1 -0.134352 -2.45727 0
60 148.123 3.44065 181.339 -0.177032 -2.56671 0
60 148.883 5.04371 179.857 -0.362855 -2.42383 0
60 149.074 7.12278 177.565 -0.631678 -2.16656 0
60 148.824 8.65787 175.498 -0.89259 -1.87929 0
60 148.37 9.25461 173.54 -1.0896 -1.54311 0
60 148.37 9.25461 173.54 -1.24929 -1.38589 0
60 147.484 7.40765 175.583 -1.21309 -1.42945 0
60 147.406 6.18534 177.266 -1.1971 -1.48435 0
60 147.537 5.26776 178.786 -1.18573 -1.55893 0
60 147.816 4.8951 179.621 -1.21001 -1.59669 0
60 148.099 5.23691 178.396 -1.26415 -1.56749 0
60 148.024 5.73823 177.468 -13.0671 -1.31383 0
60 148.024 5.73823 177.468 -1.47872 -1.24008 0
60 148.024 5.73823 177.468 -1.55035 -1.16516 0
60 147.822 5.65612 177.811 -1.6159 -1.12005 0
60 147.822 5.65612 177.811 -1.68577 -1.05181 0
60 147.762 5.36843 178.806 -1.72564 -1.09178 0
60 147.839 5.29512 177.826 -1.78319 -0.954193 0
60 147.839 5.29512 177.826 -1.85083 -0.880997 0
60 148.044 5.56596 177.656 -1.94308 -0.794591 0
60 148.026 5.44046 177.263 -1.99961 -0.685152 0
60 148.111 4.98582 178.443 -2.02412 -0.712466 0
60 148.147 4.60894 178.93 -2.04591 -0.702213 0
60 148.147 4.60894 178.93 -2.09388 -0.658106 0
60 148.147 4.60894 178.93 -2.1451 -0.611001 0
60 148.167 4.70338 179.433 -2.20383 -0.621303 0
60 148.131 4.8917 178.773 -2.27165 -0.525597 0
60 148.131 4.8917 178.773 -2.32519 -0.478558 0
60 147.898 4.97919 179.285 -2.3872 -0.477568 0
60 147.898 4.97919 179.285 -2.4475 -0.438283 0
60 147.875 4.99564 178.813 -2.50573 -0.351813 0
60 148.158 4.95467 179.386 -2.55816 -0.359347 0
60 148.158 4.95467 179.386 -2.61359 -0.325069 0
60 147.998 4.62219 178.463 -2.63447 -0.193071 0
60 147.905 4.54024 179.158 -2.68293 -0.197489 0
60 147.905 4.54024 179.158 -2.72552 -0.158686 0
60 147.889 4.77537 178.391 -2.79555 -0.0393043 0
60 147.889 4.77537 178.391 -2.85061 0.0158916 0
60 147.9 4.86951 179.253 -2.91241 -0.0222192 0
60 147.655 4.37722 178.524 -2.91726 0.0860333 0
60 147.655 4.37722 178.524 -2.96315 0.143018 0
60 147.441 4.44555 179.507 -3.01331 0.0918816 0
60 147.421 4.71555 178.63 -3.0911 0.214336 0
60 147.421 4.71555 178.63 -3.14038 0.267841 0
60 147.694 4.15411 179.293 -3.14344 0.258095 0
60 147.694 4.15411 179.293 -3.18086 0.296837 0
60 147.591 3.58362 179.608 -3.16299 0.30015 0
60 147.497 3.73176 180.729 -3.2039 0.213463 0
60 147.522 4.18273 180.858 -3.27844 0.205646 0
60 147.459 4.53679 180.01 -3.35151 0.292965 0
60 147.459 4.53679 180.01 -3.40468 0.31498 0
60 147.459 4.53679 180.01 -3.45064 0.335581 0
60 147.97 3.9097 180.525 -3.43773 0.306505 0
60 147.861 3.96716 181.143 -3.47849 0.259706 0
60 147.861 3.96716 181.143 -3.51228 0.256116 0
60 147.861 3.96716 181.143 -3.54574 0.252562 0
60 147.861 3.98465 179.854 -4.00022 30.36 0
60 147.337 3.98505 179.854 -3.61794 0.387285 0
60 147.718 3.58624 179.605 -3.61465 0.438587 0
60 147.84 3.19974 180.087 -3.60583 0.42466 0
60 147.988 2.98075 180.854 -3.60446 0.37419 0
60 147.988 2.98075 180.854 -3.61705 0.376745 0
60 147.721 2.80345 180.215 -3.61303 0.439682 0
60 147.721 2.80345 180.215 -3.62266 0.457197 0
60 147.611 2.90508 179.888 -3.64263 0.508889 0
60 147.594 2.95516 179.307 -3.65881 0.591125 0
60 147.594 2.95516 179.307 -3.67194 0.629554 0
60 147.835 3.34151 180.009 -3.7247 0.59143 0
60 147.849 3.21452 180.449 -3.73185 0.566552 0
60 147.849 3.21452 180.449 -3.74956 0.577789 0
60 147.638 2.69473 181.019 -3.71792 0.534152 0
60 147.638 2.69473 181.019 -3.72453 0.533204 0
60 147.496 2.77423 180.33 -3.73949 0.604611 0
60 147.496 2.77423 180.33 -3.74771 0.619453 0
60 147.988 3.31125 180.949 -3.80864 0.57369 0
60 147.988 3.31125 180.949 -3.82823 0.574238 0
60 147.726 2.95971 180.498 -3.81303 0.619877 0
60 147.726 2.95971 180.498 -3.8253 0.630056 0
60 147.723 2.36334 180.087 -3.78327 0.677666 0
60 147.723 2.36334 180.087 -3.7828 0.698117 0
60 148.117 2.73175 180.898 -3.81714 0.640384 0
60 148.117 2.73175 180.898 -3.82446 0.64201 0
60 148.117 2.73175 180.898 -3.83186 0.643653 0
60 147.859 2.12799 180.493 -3.77809 0.686298 0
60 147.724 1.6244 179.754 -3.72585 0.765204 0
60 147.712 1.89402 179.236 -3.73316 0.841626 0
60 147.712 1.89402 179.236 -3.72276 0.878409 0
60 148.18 2.80506 179.369 -3.80311 0.902603 0
60 148.192 2.89974 179.873 -6.02382 -10.8203 0
60 148.192 2.89974 179.873 -3.83237 0.917423 0
60 148.192 2.89974 179.873 -3.84335 0.942815 0
60 148.192 2.89974 179.873 -3.8552 0.966361 0
60 148.192 2.89974 179.873 -3.86619 0.989906 0
60 148.192 2.89974 179.873 -3.87707 1.01322 0
60 148.215 2.20752 180.628 -3.81991 0.96343 0
60 147.993 2.22402 180.994 -3.81763 0.93688 0
60 147.993 2.22402 180.994 -3.81422 0.936464 0
60 147.993 2.22402 180.994 -3.81046 0.936015 0
60 147.61 2.30795 179.477 -3.81582 1.09506 0
60 147.701 1.91147 178.764 -3.77251 1.20195 0
60 147.701 1.91147 178.764 -3.76238 1.24918 0
60 148.083 1.63856 180.111 -3.72172 1.15426 0
60 148.097 1.90576 181.26 -3.73434 1.04985 0
60 147.999 2.34952 181.388 -3.76997 1.03053 0
60 147.732 2.56601 180.623 -3.79078 1.09791 0
60 147.709 2.41264 179.505 -3.77995 1.21556 0
60 147.568 2.35096 178.893 -3.77471 1.3047 0
60 147.568 2.35096 178.893 -3.77397 1.34917 0
60 147.849 1.95632 179.848 -3.73234 1.29538 0
60 147.989 1.95641 180.679 -3.72237 1.23543 0
60 147.989 1.95641 180.679 -3.7133 1.24168 0
60 147.994 1.86121 181.009 -3.69481 1.21567 0
60 147.994 1.86121 181.009 -3.68361 1.21493 0
60 147.726 2.11128 180.133 -3.69639 1.30158 0
60 147.726 2.11128 180.133 -3.69059 1.32736 0
60 148.33 2.99724 180.373 -3.76951 1.31588 0
60 149.143 7.54543 186.843 -4.20425 0.727686 0
60 149.747 9.29728 192.047 -4.4769 0.121073 0
60 149.747 9.29728 192.047 -4.63613 -0.134008 0
60 149.116 8.5144 188.075 -4.70858 0.00949937 0
60 148.931 4.93574 184.108 -4.49574 0.240358 0
60 148.673 1.7787 179.19 -4.24087 0.655578 0
60 148.642 359.686 173.482 -4.02251 1.25391 0
60 148.802 358.986 171.27 -3.89377 1.63799 0
60 148.668 0.10614 175.391 -3.9283 1.45061 0
60 148.805 1.60687 179.378 -4.02345 1.18758 0
60 148.721 3.69715 182.106 -4.21199 0.953854 0
60 148.715 4.91869 184.59 -4.36502 0.681328 0
60 148.526 5.37278 185.922 -4.46586 0.467815 0
60 148.059 4.34194 182.79 -4.42871 0.668955 0
60 147.791 2.98399 178.356 -4.33862 1.06937 0
60 147.79 1.62522 176.058 -4.21576 1.35477 0
60 147.932 0.795497 176.414 -4.11964 1.4255 0
60 148.083 0.807669 177.611 -4.08684 1.40774 0
60 148.211 1.7189 180.251 -4.14073 1.22736 0
60 148.274 2.75121 182.923 -4.22656 0.980637 0
60 148.035 3.10196 183.75 -4.2688 0.857886 0
60 147.779 2.83703 181.771 -4.2608 0.976794 0
60 147.619 2.62061 180.044 -4.25038 1.11993 0
60 147.596 2.84501 179.275 -4.27588 1.20984 0
60 147.596 2.84501 179.275 -4.28647 1.24901 0
60 147.704 3.19505 178.896 -4.33314 1.32517 0
60 147.84 3.19974 180.087 -4.3509 1.2507 0
60 148.005 2.97937 181.687 -4.34647 1.11007 0
60 148.005 2.97937 181.687 -4.36015 1.09365 0
60 147.998 1.98676 181.403 -4.27562 1.10631 0
60 147.989 1.84604 180.648 -4.25382 1.16844 0
60 147.96 2.44741 179.391 -4.29692 1.28958 0
60 148.053 3.22188 178.776 -4.3687 1.38224 0
60 148.053 3.22188 178.776 -4.38657 1.42921 0
60 148.124 2.74727 181.259 -4.41804 1.34298 0
60 148.124 2.74727 181.259 -4.3735 1.22713 0
60 148.094 1.14975 181.401 -4.22778 1.20686 0
60 148.094 1.14975 181.401 -4.20164 1.19785 0
60 148.094 1.14975 181.401 -4.17524 1.18874 0
60 148.208 2.30183 180.298 -4.25371 1.28113 0
60 148.208 2.30183 180.298 -4.25178 1.29559 0
60 148.215 2.8688 180.816 -4.3066 1.25827 0
60 148.215 2.8688 180.816 -4.31693 1.26165 0
60 148.094 1.49645 181.023 -4.19594 1.24537 0
60 148.094 1.49645 181.023 -4.17695 1.24434 0
60 148.095 1.43336 181.244 -4.15166 1.22131 0
60 148.208 2.41207 180.329 -29.8412 25.2425 0
60 148.208 2.41207 180.329 -4.21919 1.31306 0
60 148.475 2.78133 181.141 -4.25412 1.25156 0
60 148.475 2.78133 181.141 -4.26323 1.24773 0
60 148.475 2.78133 181.141 -4.27162 1.24422 0
60 148.102 1.82676 181.952 -4.18552 1.15937 0
60 148.003 1.73289 182.283 -4.16461 1.10456 0
60 147.738 2.25027 180.889 -16.2356 33.6459 0
60 147.98 2.74515 180.429 -4.23756 1.24435 0
60 147.98 2.74515 180.429 -4.24524 1.25601 0
60 147.98 2.74515 180.429 -4.25285 1.26859 0
60 148.322 2.87069 179.98 -4.27375 1.32508 0
60 148.322 2.87069 179.98 -4.28401 1.34612 0
60 148.346 2.58867 180.971 -4.26432 1.26157 0
60 148.229 2.2868 181.603 -4.23694 1.19404 0
60 148.093 2.00036 180.929 -4.20485 1.24913 0
60 148.093 2.00036 180.929 -4.19662 1.25011 0
60 148.117 2.51097 180.835 -4.2414 1.26107 0
60 148.191 2.60063 179.668 -4.25291 1.37859 0
60 148.191 2.60063 179.668 -4.25786 1.40869 0
60 148.215 2.31777 180.659 -4.23523 1.34119 0
60 148.215 2.31777 180.659 -4.2338 1.34786 0
60 147.988 2.42948 180.696 -4.24337 1.35155 0
60 147.988 2.42948 180.696 -4.24443 1.35798 0
60 147.996 2.52323 181.199 -4.25551 1.30926 0
60 147.983 2.60319 180.507 -4.26662 1.37464 0
60 147.983 2.60319 180.507 -4.27122 1.38452 0
60 148.117 2.40055 180.803 -4.25712 1.36736 0
60 148.117 2.40055 180.803 -4.25744 1.37102 0
60 148.117 2.40055 180.803 -4.25776 1.37469 0
60 148 2.06541 181.544 -4.22463 1.30329 0
60 148 2.06541 181.544 -4.21719 1.29112 0
60 147.988 2.53978 180.727 -4.25966 1.36383 0
60 147.988 2.53978 180.727 -4.26295 1.36912 0
60 147.988 2.53978 180.727 -4.26622 1.37435 0
60 148.193 3.19871 180.077 -4.34028 1.44968 0
60 148.193 3.19871 180.077 -4.35765 1.46886 0
60 148.209 2.82145 180.565 -4.33602 1.4376 0
60 148.084 2.04781 180.347 -4.26543 1.46896 0
70 148.087 1.355 180.268 -4.18617 1.49172 0
70 148.087 1.355 180.268 -4.16415 1.50681 0
70 148.215 1.98694 180.565 -4.2062 1.49169 0
70 148.081 2.51987 180.363 -4.2509 1.52063 0
70 148.067 2.67738 179.812 -4.26866 1.58602 0
70 148.067 2.67738 179.812 -4.27489 1.61085 0
70 148.067 2.67738 179.812 -4.28107 1.63544 0
70 147.95 2.8416 179.266 -4.3029 1.71222 0
70 147.95 2.8416 179.266 -4.31265 1.75196 0
70 148.2 3.47583 179.559 -4.38806 1.75527 0
70 148.293 3.71961 179.507 -4.43436 1.79044 0
70 148.293 3.71961 179.507 -4.46538 1.82456 0
70 148.412 3.67435 179.252 -4.48963 1.88172 0
70 148.412 3.67435 179.252 -4.5169 1.91852 0
70 148.412 3.67435 179.252 -4.54443 1.95497 0
70 148.011 4.26082 178.478 -4.63504 2.07504 0
70 148.399 4.25626 179.298 -4.67468 2.05375 0
70 148.399 4.25626 179.298 -4.71426 2.08923 0
70 148.762 3.8908 179.302 -4.72034 2.12743 0
70 148.762 3.8908 179.302 -4.75249 2.16317 0
70 148.807 3.66195 180.545 -4.76018 2.06617 0
70 148.461 3.70968 180.808 -4.79265 2.04825 0
70 148.208 3.82256 180.015 -4.83442 2.13115 0
70 148.208 3.82256 180.015 -4.86513 2.15166 0
70 148.078 4.25967 180.144 -4.94249 2.15833 0
70 148.174 4.56195 179.512 -5.01264 2.23911 0
70 148.174 4.56195 179.512 -5.06278 2.27282 0
70 148.574 4.35799 180.629 -5.08937 2.19278 0
70 148.574 4.35799 180.629 -5.1311 2.20008 0
70 147.951 3.84783 179.912 -5.12875 2.27598 0
70 147.951 3.84783 179.912 -5.15963 2.29868 0
70 147.808 3.75177 179.412 -2.9472 13.9982 0
70 147.914 3.69243 178.795 -3.82788 16.8108 0
70 147.914 3.69243 178.795 -5.23672 2.5035 0
70 148.066 3.72531 179.515 -5.27045 2.48093 0
70 148.066 3.72531 179.515 -5.29907 2.51211 0
70 148.195 3.91695 179.685 -5.34787 2.52491 0
70 148.312 3.89347 180.151 -5.3782 2.50662 0
70 148.166 3.41839 179.306 -5.36831 2.6042 0
70 148.159 3.07222 178.85 -5.35894 2.68127 0
70 148.159 3.07222 178.85 -5.37347 2.72666 0
70 148.421 3.31235 179.269 -5.41486 2.73198 0
70 148.538 3.67664 179.249 -5.46912 2.77031 0
70 148.538 3.67664 179.249 -5.49643 2.80682 0
70 148.434 3.40807 179.772 -5.49625 2.78964 0
70 148.163 3.04083 178.96 -5.48466 2.89573 0
70 148.163 3.04083 178.96 -5.49853 2.93835 0
70 148.163 3.04083 178.96 -5.51239 2.98096 0
70 148.392 4.39745 179.219 -5.67272 3.00013 0
70 148.392 4.39745 179.219 -5.71528 3.03728 0
70 148.392 4.39745 179.219 -5.75826 3.07479 0
70 148.573 3.83792 180.364 -5.74276 2.9921 0
70 148.573 3.83792 180.364 -5.77623 3.00617 0
70 148.565 3.37951 179.878 -5.76013 3.06599 0
70 148.565 3.37951 179.878 -5.78136 3.08941 0
70 148.422 3.91136 179.676 -5.8528 3.13194 0
70 148.511 4.24208 178.932 -12.8418 18.7989 0
70 148.511 4.24208 178.932 -5.95804 3.27346 0
70 148.692 4.31384 180.374 -6.00513 3.17706 0
70 148.457 4.07135 180.792 -6.02535 3.14815 0
70 148.457 4.07135 180.792 -6.06137 3.15206 0
70 148.457 4.07135 180.792 -6.09739 3.15597 0
70 148.457 4.07135 180.792 -6.13623 3.16019 0
70 148.312 3.78342 180.12 -6.14609 3.2251 0
70 148.312 3.78342 180.12 -6.17596 3.24336 0
70 148.458 3.74088 180.698 -6.20553 -10.2422 0
70 148.458 3.74088 180.698 -6.23333 3.21742 0
70 148.472 4.27698 181.326 -6.3158 3.16067 0
70 148.602 4.471 181.494 -6.37489 3.13701 0
70 148.602 4.471 181.494 -6.42293 3.12506 0
70 148.602 4.471 181.494 -6.46792 3.11387 0
70 148.657 5.39959 182.465 -6.60848 3.00239 0
70 148.897 8.44198 186.527 -6.98744 2.55054 0
70 149.49 11.828 190.63 -7.48842 1.98464 0
70 148.528 10.3135 187.094 32.0951 94.6645 0
70 148.469 6.17207 183.528 89.0196 85.2764 0
70 148.564 1.41883 180.042 -7.00455 2.54236 0
70 149.098 357.923 175.028 -6.65813 3.02997 0
70 149.54 356.639 171.357 -6.44403 3.49531 0
70 149.552 358.315 173.958 -45.4897 -57.0646 0
70 149.153 0.390344 177.731 -6.56502 3.28928 0
70 148.543 2.81891 179.722 -6.74756 3.17401 0
70 148.013 4.29996 182.067 -6.89412 2.98128 0
70 147.525 4.69734 184.828 -6.97614 2.69735 0
70 147.525 4.69734 184.828 -7.02553 2.61503 0
70 146.802 3.01644 181.137 -6.91028 2.89425 0
70 146.93 2.14494 176.811 -6.83791 3.32237 0
70 147.493 2.23183 175.636 -6.84148 3.52837 0
70 148.212 3.05483 176.817 -6.91869 3.53653 0
70 148.701 3.98611 177.307 -7.02265 3.57816 0
70 148.877 4.36505 179.311 -7.09529 3.47353 0
70 148.62 3.95395 182.061 -7.10174 3.24742 0
70 148.62 3.95395 182.061 -7.13525 3.22421 0
70 147.596 2.25132 180.057 -7.00769 3.39057 0
70 147.476 1.99451 178.911 -6.9801 3.52057 0
70 147.726 3.22379 179.619 -7.07212 3.50777 0
70 147.726 3.22379 179.619 -7.10176 3.54154 0
70 147.997 5.35969 178.435 -7.31927 3.68036 0
70 148.208 5.19045 180.643 -7.36743 3.53405 0
70 148.115 4.30608 181.229 -7.34802 3.48791 0
70 147.84 3.08969 180.055 -7.27872 3.58929 0
70 147.84 3.08969 180.055 -7.29377 3.60893 0
70 147.861 3.52755 181.016 -7.35109 3.54461 0
70 147.861 3.52755 181.016 -7.37732 3.54366 0
70 147.801 4.47239 179.023 -7.49949 3.74883 0
70 147.978 4.71663 178.132 -7.56973 3.8841 0
70 148.391 4.50746 179.25 -7.59991 3.83782 0
70 148.391 4.50746 179.25 30.5792 18.0782 0
70 148.265 3.60825 178.642 -7.59706 3.98598 0
70 148.326 3.249 180.325 -7.59047 3.88258 0
70 148.326 3.249 180.325 -7.61037 3.89754 0
70 148.141 3.85356 178.239 -7.68733 4.11003 0
70 148.141 3.85356 178.239 -7.71869 4.16791 0
70 148.141 3.85356 178.239 -7.75005 4.22636 0
70 148.046 3.96162 179.107 -7.79297 4.19197 0
70 148.041 3.69433 178.792 -7.80433 4.26516 0
70 148.097 3.17363 180.191 -7.78402 4.18211 0
70 148.09 2.83416 180.929 -7.76938 4.13037 0
70 148.09 2.83416 180.929 -7.77969 4.13141 0
70 148.186 2.85241 179.621 -7.79128 4.27453 0
70 148.322 3.50064 180.278 -7.86268 4.2416 0
70 148.322 3.50064 180.278 -7.88627 4.25635 0
70 148.173 3.66474 178.899 -7.92729 4.41785 0
70 148.156 3.29241 178.913 -7.91853 4.46077 0
70 148.33 3.10748 180.404 -7.9191 4.35312 0
70 148.33 3.10748 180.404 -7.93437 4.36518 0
70 148.191 3.00989 179.904 -7.94176 4.4266 0
70 148.191 3.00989 179.904 -7.9551 4.44948 0
70 148.202 3.43475 180.501 -8.01564 4.40924 0
70 148.165 3.52841 179.337 -8.04741 4.53556 0
70 148.27 3.27778 178.548 -8.04704 4.64968 0
70 148.434 3.40807 179.772 -8.07843 4.58579 0
70 148.434 3.40807 179.772 -8.10199 4.61351 0
70 148.263 3.71835 178.673 -8.15423 4.74678 0
70 148.263 3.71835 178.673 -8.1827 4.79594 0
70 148.22 8.28479 173.638 -8.70194 5.38808 0
70 147.723 11.938 170.013 -9.21831 5.93261 0
70 147.351 13.4926 171.328 -9.59057 6.02849 0
70 146.693 11.1441 172.879 -9.57876 6.06962 0
70 146.713 6.43673 177.733 -9.281 5.74238 0
70 147.054 1.76003 185.779 -8.88401 4.97975 0
70 147.463 358.38 190.398 -8.51471 4.38979 0
70 148.508 358.7 187.974 -15.1609 55.1704 0
70 149.073 1.07324 183.861 -63.8122 90.7592 0
70 149.258 3.76761 179.728 -8.80484 4.93026 0
70 148.871 6.1961 175.77 -9.05494 5.31742 0
70 148.43 7.25899 173.818 -9.23629 5.60896 0
70 148.43 7.25899 173.818 -9.34857 5.77384 0
70 148.077 5.6878 180.194 -9.42578 5.6466 0
70 148.158 3.83316 182.88 33.9433 -57.4236 0
70 148.402 2.395 184.605 24.3484 -35.237 0
70 148.402 2.395 184.605 -9.1191 4.81449 0
70 149.1 2.08333 183.664 -9.08936 4.82731 0
70 149.296 3.13213 180.74 -9.18382 5.05082 0
70 149.059 4.62665 177.949 -9.34365 5.3245 0
70 149.059 4.62665 177.949 -9.39528 5.3942 0
70 148.128 6.21036 177.478 -9.59264 5.50332 0
70 147.759 5.18063 178.632 -9.58082 5.4732 0
70 147.754 3.70751 180.832 -9.50701 5.32351 0
70 148.01 2.31642 182.331 -9.40615 5.18495 0
70 148.451 1.59488 181.522 -9.33795 5.23111 0
70 148.805 2.20861 179.783 -9.32123 5.21953 0
70 148.892 3.26156 179.004 -9.46679 5.46818 0
70 148.892 3.26156 179.004 -9.48697 5.51359 0
70 148.892 3.26156 179.004 -9.50569 5.55569 0
70 148.892 3.26156 179.004 -9.52422 5.59738 0
70 147.837 2.71285 179.708 -9.4859 5.56787 0
70 147.745 1.83873 181.486 -9.39959 5.40521 0
70 147.64 1.03193 182.206 -9.30314 5.3183 0
70 147.739 1.06746 181.262 -9.27755 5.38801 0
70 147.988 1.98814 180.569 -30.7545 21.5733 0
70 147.988 1.98814 180.569 -9.32078 5.45184 0
70 148.051 2.65472 178.257 -9.3684 5.61282 0
70 148.051 2.65472 178.257 -9.38731 5.75089 0
70 148.094 2.68518 179.813 -9.39673 5.65315 0
70 147.992 2.58665 180.979 -9.39311 5.55938 0
70 147.747 2.42112 181.535 -9.38119 5.5038 0
70 147.747 2.42112 181.535 -9.38202 5.49195 0
70 147.612 1.74362 180.984 8.41439 19.9596 0
70 147.612 1.74362 180.984 -9.30881 5.52882 0
70 147.598 1.70133 179.898 -9.28929 5.64659 0
70 147.598 1.70133 179.898 -9.27467 5.66961 0
70 147.854 2.41198 180.337 -9.33488 5.6464 0
70 147.854 2.41198 180.337 -9.33568 5.66111 0
70 147.857 1.93932 180.32 -9.28802 5.6754 0
70 147.735 1.84172 180.652 -9.27019 5.65738 0
70 147.735 1.84172 180.652 -9.25766 5.66482 0
70 147.634 2.31795 180.671 -9.29709 5.6691 0
70 147.634 2.31795 180.671 -9.29552 5.67615 0
70 147.622 2.47832 180.122 -9.31038 5.73859 0
70 147.712 2.38076 179.615 -9.30264 5.80739 0
70 147.96 2.44741 179.391 -9.30872 5.85724 0
70 147.96 2.44741 179.391 -9.31015 5.89373 0
70 147.96 2.44741 179.391 -9.31147 5.92757 0
70 147.96 2.44741 179.391 -9.31279 5.96141 0
70 147.96 2.44741 179.391 -9.3141 5.9979 0
70 147.96 2.44741 179.391 -9.31553 6.03141 0
70 147.981 2.63489 180.397 -9.33691 5.95792 0
70 148.007 4.47298 181.879 -9.53883 5.81182 0
70 148.249 7.55076 183.699 -9.91196 5.59311 0
70 150.582 16.901 191.287 -100 -99.1578 0
70 151.45 18.4787 192.518 -48.1272 -24.1773 0
70 150.685 15.2467 188.782 63.7395 91.4701 0
70 149.77 8.04251 182.884 -11.0954 4.91434 0
70 149.277 359.937 176.776 -10.4807 5.42879 0
70 149.6 352.367 170.783 -9.73878 6.06497 0
70 149.995 348.103 167.627 -9.10551 6.59762 0
70 148.774 349.645 171.25 -8.94049 6.55373 0
70 148.07 354.307 176.94 -9.09002 6.24547 0
70 147.854 0.434904 182.629 -9.47531 5.81383 0
70 147.932 5.9052 188.618 -9.93639 5.22172 0
70 148.201 9.29295 192.458 -10.3328 4.69358 0
70 147.855 9.54182 192.33 -10.5053 4.45799 0
70 146.986 6.8177 187.765 -10.4026 4.64387 0
70 146.447 1.95813 181.067 -10.0304 5.14218 0
70 146.61 357.151 175.917 -9.54959 5.64455 0
70 147.14 353.597 173.685 -9.09044 5.97228 0
70 147.671 352.717 173.71 -8.81651 6.12401 0
70 148.204 354.975 176.664 -8.82531 5.99632 0
70 148.551 358.664 180.933 -9.02203 5.67034 0
70 148.755 2.39487 185.071 -9.31425 5.25812 0
70 148.792 5.00393 187.711 -9.57493 4.90764 0
70 148.501 5.73718 188.052 -9.71585 4.70455 0
70 147.876 4.18844 185.379 -9.62802 4.82822 0
70 147.158 1.85358 181.023 -9.42324 5.18438 0
70 146.796 359.226 177.38 -9.13086 5.573 0
70 146.476 357.444 175.759 -8.86479 5.83149 0
70 146.678 357.998 178.684 -8.80864 5.67774 0
70 147.133 359.602 182.151 -8.86736 5.40769 0
70 147.641 1.60386 184.761 -8.99352 5.14061 0
70 147.949 3.22393 185.817 -9.12957 4.95925 0
70 147.949 3.22393 185.817 -9.14748 4.85581 0
70 147.932 2.99332 183.719 -9.143 4.96013 0
70 147.64 1.85871 181.015 -9.03766 5.18626 0
70 147.242 0.576098 178.856 -8.89165 5.41229 0
70 147.014 0.00432887 177.971 -8.794 5.55455 0
70 147.15 0.195369 179.341 -8.75703 5.48676 0
70 147.512 0.937169 181.704 -8.78042 5.29816 0
70 147.993 1.24149 183.573 -8.77553 5.10436 0
70 148.117 1.18263 183.792 -8.74358 5.02407 0
70 147.991 0.911501 182.644 -2.3842 31.7781 0
70 147.991 0.911501 181.009 -8.66253 5.03092 0
70 147.865 1.0229 179.748 -8.64058 5.17276 0
70 147.599 1.59128 179.866 -8.67188 5.29835 0
70 147.728 2.0794 180.243 -8.70348 5.28433 0
70 147.872 2.094 181.437 -8.69834 5.18507 0
70 147.876 1.63378 182.616 -8.64649 5.05884 0
70 147.876 1.63378 182.616 -8.63043 5.02378 0
70 147.876 1.63378 182.616 -8.61453 4.98906 0
70 147.858 0.655642 182.692 -8.49244 4.94276 0
70 147.871 1.35171 181.938 -8.52629 4.98258 0
70 147.871 1.35171 181.938 -8.5042 4.962 0
70 147.874 3.14884 181.502 -8.65513 4.98338 0
70 147.874 3.14884 181.502 -8.67272 4.97122 0
70 147.874 3.14884 181.502 -8.68903 4.95995 0
70 147.389 1.58224 181.537 -8.54894 4.94527 0
70 147.387 1.2196 181.55 -8.49527 4.93092 0
70 147.387 1.2196 181.55 -8.47061 4.91876 0
70 147.387 1.2196 181.55 -8.44595 4.90659 0
70 147.387 1.2196 181.55 -8.4191 4.89333 0
70 147.519 1.91569 181.631 -8.46106 4.87312 0
70 147.519 1.91569 181.631 -8.45103 4.85924 0
70 147.158 1.05483 182.101 -8.44099 -4.84522 0
70 147.158 1.05483 182.101 -8.33521 4.77824 0
70 146.671 0.836533 182.402 -8.28463 4.72332 0
70 146.412 0.0256391 183.477 -8.17179 4.58754 0
70 146.087 358.6 184.964 -7.97777 4.38424 0
70 145.925 357.039 186.889 -7.7429 4.10924 0
70 145.817 355.324 188.531 -7.46066 3.8221 0
70 145.817 355.324 188.531 -7.31127 3.66069 0
70 145.817 355.324 190.002 -7.14858 3.48819 0
70 146.177 351.378 190.002 -6.56682 3.16511 0
70 146.483 350.002 189.978 -6.18215 2.95789 0
70 146.594 349.671 191.585 1.85019 -34.7805 0
70 146.621 349.637 191.571 -5.58679 2.39493 0
70 146.468 350.257 192.589 -5.39855 2.05726 0
70 146.23 350.736 192.965 -5.16455 1.76466 0
70 146.23 350.736 192.965 -4.91812 1.51103 0
70 146.015 350.719 191.735 -4.66748 1.38173 0
70 145.837 350.844 191.28 -4.43114 1.1794 0
70 145.837 350.844 191.28 -4.16523 0.96142 0
70 145.837 350.844 191.28 -3.91866 0.741271 0
70 145.837 350.844 191.28 -3.6745 0.503855 0
70 146.688 359.132 186.08 -4.17463 0.765835 0
70 146.786 3.94889 180.818 -4.55171 1.14459 0
70 146.598 8.80343 175.925 -5.03518 1.6016 0
70 146.516 12.3235 173.121 -5.52988 1.98425 0
70 146.424 13.7785 171.863 -5.85975 2.26461 0
70 146.424 13.7785 171.863 -6.10313 2.45926 0
70 146.712 11.297 173.163 -6.08111 2.51489 0
70 147.322 7.8176 177.028 -5.91615 2.28315 0
70 147.85 5.00257 180.486 -5.73112 1.99762 0
70 148.374 3.73966 182.37 -5.65195 1.80659 0
70 148.947 4.64514 181.29 -5.76483 1.87688 0
70 148.671 6.36468 178.568 -5.98291 2.13162 0
70 148.033 7.92628 175.342 -6.21826 2.4936 0
70 147.273 8.84821 173.132 -6.42519 2.82624 0
70 146.925 8.77066 174.333 -6.55754 2.8861 0
70 146.938 7.8171 176.691 -6.61624 2.82046 0
70 147.155 6.29177 178.984 -6.59086 2.69943 0
70 147.525 4.9201 181.192 -6.54485 2.53351 0
70 147.525 4.9201 181.192 -6.60324 2.52849 0
70 148.316 4.49077 180.559 -6.61506 2.58699 0
70 148.344 5.24341 178.745 -6.73376 2.77358 0
70 148.242 6.35376 177.394 -6.90171 2.9513 0
70 148.032 7.01134 176.397 -7.04965 3.12453 0
70 148.032 7.01134 176.397 -7.15719 3.23 0
70 147.701 6.21566 180.335 -7.16958 3.11709 0
70 147.634 4.40886 181.279 -7.14986 2.95639 0
70 147.634 4.40886 181.279 -7.11741 2.86691 0
70 148.115 4.08602 181.166 -7.13412 2.87088 0
70 148.272 5.02074 179.161 -7.25554 3.04889 0
70 148.393 6.07482 177.546 -7.41453 3.24076 0
70 148.393 6.07482 177.546 -7.49257 3.31328 0
70 148.409 6.31127 177.97 -7.59621 3.34416 0
70 148.409 6.31127 177.97 -7.6867 3.41339 0
70 148.183 4.60918 179.763 -7.58474 3.28377 0
70 148.234 3.82279 180.848 -7.54875 3.19372 0
70 148.315 3.45307 180.026 -7.54186 3.27998 0
70 148.392 4.0984 179.015 -7.63233 3.40487 0
70 148.067 4.98559 177.609 -7.75488 3.58248 0
70 147.912 5.21977 176.847 -7.83312 3.7272 0
70 147.912 5.21977 176.847 -7.89841 3.8223 0
70 147.868 4.68196 177.888 -7.90144 3.79915 0
70 147.905 4.24227 178.953 -7.9043 3.75313 0
70 147.944 3.69105 179.629 -7.88698 3.72876 0
70 147.944 3.69105 179.629 -7.91706 3.75751 0
70 147.921 3.55073 178.874 -7.93117 3.86038 0
70 147.873 4.0238 178.057 -8.00161 3.98393 0
70 148.125 4.62453 178.459 -8.09426 4.01526 0
70 148.125 4.62453 178.459 -8.1421 4.06901 0
70 148.125 4.62453 178.459 -8.18946 4.12224 0
70 147.912 4.39885 179.237 -8.21396 4.09881 0
70 147.912 4.39885 179.237 -8.26034 4.13557 0
70 147.891 3.92894 178.387 -8.25733 4.25595 0
70 147.989 4.27686 178.006 -8.32478 4.34913 0
70 147.989 4.27686 178.006 -8.36836 4.41752 0
70 148.229 4.83091 178.156 -8.46698 4.46524 0
70 148.229 4.83091 178.156 -8.51923 4.52547 0
70 147.921 3.55073 178.874 -8.44367 4.51401 0
70 147.921 3.55073 178.874 -8.47051 4.56241 0
70 147.921 3.55073 178.874 -8.49516 4.60686 0
70 148.067 3.31606 179.279 -8.49771 4.61315 0
70 147.055 3.94014 178.415 -23.098 24.8322 0
70 147.055 3.94014 178.415 -8.60767 4.78336 0
70 147.055 3.94014 178.415 -8.64642 4.84715 0
70 144.476 8.07457 173.296 -9.07766 5.39471 0
70 144.105 9.63587 170.904 -9.34951 5.78903 0
70 143.632 10.83 169.242 -9.63527 6.18629 0
70 143.283 12.2169 167.879 -9.96334 6.58777 0
70 143.283 12.2169 167.879 -10.1734 6.86753 0
70 142.792 14.1966 167.329 -10.5748 7.20478 0
70 142.522 14.8371 167.928 -10.889 7.46822 0
70 142.522 14.8371 167.928 -11.1784 7.74693 0
70 142.504 14.7771 168.284 -11.4405 7.99034 0
70 142.504 14.7771 168.284 -11.7078 8.2641 0
70 143.164 12.9171 170.196 -11.7895 8.34701 0
70 144.124 10.9229 173.254 -11.8156 8.27013 0
70 146.013 7.9004 178.573 -11.6923 7.89564 0
70 147.733 4.31229 184.109 -11.4463 7.37842 0
70 149.358 0.694369 188.749 -11.1135 6.83367 0
70 150.622 358.694 189.024 -10.8915 6.64222 0
70 150.095 0.188075 185.504 -10.9508 6.79589 0
70 148.818 2.4653 180.568 -11.1184 7.16493 0
70 147.05 4.96466 176.206 -11.3569 7.59568 0
70 147.05 4.96466 176.206 -11.4174 7.69855 0
70 144.881 7.62488 174.944 -11.7339 7.92535 0
70 145.226 6.78373 177.194 -11.7728 7.84224 0
70 146.306 4.66912 180.454 -11.6565 7.59405 0
70 147.656 1.97099 183.911 -11.4311 7.24781 0
70 149.246 359.784 185.524 -11.2073 7.02557 0
70 149.962 0.0374416 184.282 -11.1756 7.04702 0
70 149.887 1.55537 181.723 -11.2696 7.22059 0
70 148.906 3.35941 179.506 -11.4317 7.42575 0
70 147.145 5.24796 178.08 -61.0628 44.9346 0
70 146.097 5.13111 178.926 -11.6825 7.64678 0
70 146.097 5.13111 178.926 -11.7367 7.62139 0
70 145.598 3.40033 181.052 -11.611 7.43782 0
70 145.838 1.40948 182.83 -11.4196 7.24559 0
70 147 0.154456 183.511 -11.2798 7.14112 0
70 147.639 1.04597 182.568 -32.0577 29.1109 0
70 147.639 2.4241 180.701 -11.2823 7.13608 0
70 147.734 2.4241 180.701 -11.4034 7.30497 0
70 147.587 3.31753 179.293 -11.5622 7.46465 0
70 147.355 3.23004 179.99 -11.5132 7.43475 0
70 147.288 2.15442 181.228 -11.4317 7.34127 0
70 147.283 1.00569 182.681 -11.3199 7.20069 0
70 147.361 0.385918 183.576 -11.2337 7.08245 0
70 147.361 0.385918 183.576 -11.191 7.02689 0
70 147.612 0.997575 182.318 -11.2076 7.09159 0
70 147.866 1.89051 180.901 -11.263 7.20176 0
70 147.975 2.80853 180.209 -32.6974 21.7668 0
70 147.975 2.80853 180.209 -11.3433 7.28159 0
70 147.966 2.79338 179.847 -11.3508 7.33679 0
70 147.868 2.18942 181.107 -11.3047 7.2467 0
70 147.876 1.76107 182.175 -2.29086 -17.7233 0
70 147.876 1.76107 182.175 -11.2476 7.12066 0
70 147.998 1.38646 181.826 -11.1963 7.13044 0
70 147.998 1.59212 181.528 -11.1936 7.13957 0
70 147.998 1.59212 181.528 -11.1765 7.12763 0
70 147.863 1.95413 180.681 -11.1975 7.20482 0
70 147.855 2.08136 180.241 -11.2009 7.25517 0
70 147.866 2.00075 180.933 -11.187 7.20816 0
70 147.866 2.00075 180.933 -11.1781 7.20912 0
70 147.996 1.79775 181.229 -11.1485 7.17815 0
70 147.994 1.60869 181.056 -11.1176 7.18937 0
70 147.994 1.60869 181.056 -11.1009 7.18762 0
70 147.994 1.60869 181.056 -11.0841 7.18574 0
70 147.994 1.60869 181.056 -11.0661 7.18397 0
70 147.734 2.86417 180.828 -11.1634 7.20294 0
70 147.734 2.86417 180.828 -11.1737 7.2061 0
70 147.734 2.86417 180.828 -11.184 7.20923 0
70 147.734 2.86417 180.828 -11.1943 7.21239 0
70 147.522 2.10389 181.805 -11.1233 7.11107 0
70 147.659 2.49832 182.512 -11.1588 7.01838 0
70 147.677 3.3935 183.131 -11.2508 6.9193 0
70 147.622 4.75798 184.605 -11.4132 6.72278 0
70 147.527 6.54726 186.324 -11.6494 6.46677 0
70 147.495 8.06793 187.258 -11.8976 6.25348 0
70 147.839 9.61669 187.799 -12.2428 6.05062 0
70 148.682 11.0043 188.585 -12.4937 5.82051 0
70 149.276 11.4183 189.828 -12.7224 5.52781 0
70 149.441 11.1899 190.702 -12.7683 5.25121 0
70 149.441 11.1899 190.702 -12.7683 5.04136 0
70 149.919 11.2686 190.543 -12.7752 4.84624 0
70 149.919 11.2686 190.543 -12.7752 4.63983 0
70 149.919 11.2686 190.543 -12.7752 4.41537 0
70 149.318 11.7141 188.713 -12.8141 4.40509 0
70 148.669 9.39872 185.736 -12.612 4.55657 0
70 147.888 4.96843 181.429 -12.2254 4.91456 0
70 147.633 359.566 178.205 -11.6932 5.25557 0
70 147.722 351.949 175.159 -11.0689 5.53069 0
70 147.722 351.949 175.159 -10.6307 5.74932 0
70 147.837 353.444 177.036 -10.5558 5.68472 0
70 147.634 357.021 179.137 -10.7178 5.55905 0
70 147.61 0.909152 180.98 -11.0111 5.40466 0
70 147.667 3.83753 182.424 -11.2876 5.25246 0
70 147.575 5.08398 182.671 -11.4501 5.19524 0
70 147.276 4.21914 181.118 -11.4204 5.31626 0
70 147.127 2.41901 179.518 -11.2738 5.47889 0
70 147.009 0.599771 178.386 -11.086 5.62765 0
70 147.147 359.672 177.874 -10.9514 5.74258 0
70 147.147 359.672 177.874 -10.8883 5.80948 0
70 147.732 0.269846 179.482 -10.8933 5.70471 0
70 147.861 1.10359 180.317 -10.9357 5.64894 0
70 147.734 1.54314 180.446 -10.9526 5.64993 0
70 147.497 1.02973 179.345 -10.8867 5.76349 0
70 147.356 0.801467 178.086 -10.8367 5.91329 0
70 147.356 0.801467 178.086 -10.8025 5.97561 0
70 147.356 0.801467 178.086 -10.768 6.03853 0
70 147.712 1.59548 179.03 -10.8133 6.00638 0
70 147.602 1.74741 180.15 -10.8108 5.94057 0
70 147.379 1.43217 180.419 -10.7677 5.9336 0
70 147.379 1.43217 180.419 -10.747 5.94571 0
70 147.148 0.901925 179.788 -10.6696 6.0253 0
70 147.113 0.983969 179.096 -10.6462 6.12379 0
70 147.113 0.983969 179.096 -10.616 6.16433 0
70 147.605 2.07336 179.051 -10.6867 6.21264 0
70 147.605 2.07336 179.051 -10.6795 6.25374 0
70 147.492 1.80147 179.57 -10.6432 6.23903 0
70 147.372 1.5935 179.869 -10.6093 6.23891 0
70 147.377 2.12493 180.502 -23.0065 -8.51914 0
70 147.377 2.12493 180.502 -10.634 6.21645 0
70 147.634 2.53843 180.735 -10.6712 6.20257 0
70 147.634 2.53843 180.735 -10.6747 6.20814 0
70 147.634 2.53843 180.735 -10.678 6.2133 0
70 147.736 2.17207 180.747 -10.6421 6.2172 0
70 147.736 2.17207 180.747 -10.6371 6.22249 0
70 147.614 2.18362 181.111 -10.6337 6.18841 0
70 147.614 2.18362 181.111 -10.6294 6.18549 0
70 147.634 2.31795 180.671 -10.6389 6.22804 0
70 147.627 2.41417 180.342 -10.6467 6.26646 0
70 147.627 2.41417 180.342 -10.6477 6.28237 0
70 147.627 2.41417 180.342 -10.6481 6.29602 0
70 147.734 2.53415 180.733 -10.6618 6.26753 0
70 147.518 2.34269 181.397 -10.6447 6.20165 0
70 147.518 2.34269 181.397 -10.6438 6.19254 0
70 147.518 2.34269 181.397 -10.6429 6.18342 0
70 147.288 1.64848 181.318 -10.5664 6.18296 0
70 147.288 1.64848 181.318 -10.5505 6.17433 0
70 147.288 1.64848 181.318 -10.532 6.16693 0
70 147.52 2.27837 181.617 -10.5779 6.13007 0
70 147.52 2.27837 181.617 -10.5756 6.11621 0
70 147.028 2.13621 180.87 -10.5598 6.173 0
80 147.028 2.13621 180.87 -10.5536 6.17562 0
80 147.279 2.20641 180.646 -10.5558 6.20227 0
80 147.279 2.20641 180.646 -10.552 6.20936 0
80 147.507 2.75575 180.802 -10.5998 6.20235 0
80 147.507 2.75575 180.802 -10.6077 6.20608 0
80 147.507 2.75575 180.802 -10.6157 6.2098 0
80 147.224 3.9805 179.497 -10.7352 6.33232 0
80 147.415 4.74766 178.52 -10.8425 6.45592 0
80 147.482 5.41377 177.875 -10.9547 6.5681 0
80 147.482 5.41377 177.875 -11.0207 6.63562 0
80 147.571 6.24807 177.874 -11.1752 6.70844 0
80 147.571 6.24807 177.874 -11.2585 6.77533 0
80 147.571 6.24807 177.874 -11.3426 6.84286 0
80 147.725 5.04151 177.877 -11.3054 6.91461 0
80 147.968 4.6697 177.881 -11.3299 6.98691 0
80 148.251 4.92584 178.658 -11.4043 6.97732 0
80 148.125 5.51934 179.071 -11.5169 6.98794 0
80 147.667 5.61276 179.597 -13.7669 6.98471 0
80 147.667 5.61276 179.597 -11.6686 7.01442 0
80 147.274 5.1063 178.511 -11.6912 7.14483 0
80 147.38 4.72059 177.797 -2.73954 23.881 0
80 147.38 4.72059 177.797 -11.7659 7.33019 0
80 147.947 4.76412 177.55 -11.8209 7.4247 0
80 147.947 4.76412 177.55 -11.8722 7.49857 0
80 147.839 5.78083 178.204 -12.0259 7.51594 0
80 147.386 5.76697 178.699 -12.0985 7.52947 0
80 147.386 5.76697 178.699 -12.1707 7.57808 0
80 147.386 5.76697 178.699 -12.2437 7.62717 0
80 147.436 4.07079 179.159 -12.1471 7.63509 0
80 147.914 4.28898 179.205 -12.1661 7.67032 0
80 147.914 4.28898 179.205 -12.1661 7.70813 0
80 147.995 5.32782 178.903 -12.2568 7.77681 0
80 147.995 5.32782 178.903 -12.2568 7.82497 0
80 147.995 5.32782 178.903 -12.2568 7.86966 0
80 147.232 5.0025 177.646 -12.2284 8.04675 0
80 147.391 4.76624 178.049 -12.2078 8.08036 0
80 147.391 4.76624 178.049 -12.2078 8.14287 0
80 147.757 4.99272 178.459 -12.2275 8.16491 0
80 147.898 4.93208 178.674 -10.8111 3.18508 0
80 147.898 4.93208 178.674 -12.2222 8.25346 0
80 147.615 4.86598 178.069 -10.6782 22.4299 0
80 147.615 4.86598 178.069 -12.2165 8.41955 0
80 147.648 5.30155 179.03 -12.2545 8.39196 0
80 147.666 5.31584 179.392 -12.2557 8.40107 0
80 147.666 5.31584 179.392 -12.2557 8.43521 0
80 147.669 4.79912 179.123 -12.2106 8.49669 0
80 147.669 4.79912 179.123 -12.2106 8.54014 0
80 147.879 5.21526 178.518 -12.2469 8.64264 0
80 147.879 5.21526 178.518 -12.2469 8.69565 0
80 147.756 5.99439 179.106 -12.3149 8.68881 0
80 147.427 5.68444 179.39 -12.2879 8.7023 0
80 147.427 5.68444 179.39 -12.2879 8.73649 0
80 147.502 4.86095 180.579 -12.216 8.66276 0
80 147.502 4.86095 180.579 -12.216 8.67138 0
80 147.65 5.91325 181.475 -12.3079 8.5857 0
80 147.715 7.81829 182.742 -12.4741 8.43907 0
80 147.956 10.2974 184.156 -12.6904 8.2487 0
80 148.427 14.2323 186.577 -12.8943 8.01727 0
80 148.875 15.6577 187.496 -44.515 -13.75 0
80 149.211 16.0455 188.278 -22.2164 -10.6721 0
80 149.211 16.0455 188.278 -13.1921 7.364 0
80 148.933 14.0838 186.199 -13.0209 7.41151 0
80 148.36 10.6726 181.954 -12.7232 7.74572 0
80 148.288 6.68426 178.32 -12.3751 8.11379 0
80 148.499 3.7573 175.58 -12.1197 8.46474 0
80 148.868 2.18774 173.47 -11.9789 8.80673 0
80 149.48 4.09575 176.364 -12.1482 8.70675 0
80 149.437 6.40877 179.611 -12.3511 8.50519 0
80 148.97 8.20548 181.802 -12.5079 8.33129 0
80 148.106 8.6874 183.08 -23.7648 -21.5374 0
80 148.106 8.6874 183.08 -12.5499 8.15058 0
80 146.278 6.08049 180.524 -12.3225 8.34167 0
80 145.942 4.48742 177.897 -12.1834 8.595 0
80 146.029 3.83704 176.497 -12.1267 8.79353 0
80 146.029 3.83704 176.497 -12.1267 8.89013 0
80 147.212 5.88305 177.546 -12.3052 8.88648 0
80 147.86 7.31672 179.122 -12.4303 8.80887 0
80 148.166 7.72682 180.534 -12.4661 8.71061 0
80 148.09 6.98663 181.043 -12.4015 8.67108 0
80 147.707 5.71905 180.462 -12.2909 8.72458 0
80 147.474 4.72403 179.824 -12.2041 8.79801 0
80 147.465 4.67838 179.573 -12.2001 8.84616 0
80 147.432 5.76195 179.532 -37.5104 9.82435 0
80 147.432 5.76195 179.532 -12.2947 8.91144 0
80 147.41 6.66853 179.679 -12.3738 8.92686 0
80 147.41 6.66853 179.679 -12.3738 8.95481 0
80 147.219 6.11104 180.003 -12.3251 8.94979 0
80 147.219 6.11104 180.003 -12.3251 8.97075 0
80 147.39 6.00058 180.797 -12.3155 8.90995 0
80 147.606 6.57413 180.834 -12.3655 8.91013 0
80 147.606 6.57413 180.834 -12.3655 8.91316 0
80 147.698 6.73914 180.279 -12.3799 8.96876 0
80 147.698 6.73914 180.279 -12.3799 8.98363 0
80 147.576 6.40532 180.19 -12.3508 9.00789 0
80 147.576 6.40532 180.19 -12.3508 9.02466 0
80 147.592 6.74702 180.647 -12.3806 8.99417 0
80 147.737 6.87676 181.033 -12.3919 8.96211 0
80 147.737 6.87676 181.033 -12.3919 8.96085 0
80 147.737 6.87676 181.033 -12.3919 8.95959 0
80 147.975 6.18291 180.939 -12.3314 8.96792 0
80 147.902 7.15919 179.67 -12.4166 9.09134 0
80 147.891 8.63218 178.661 -12.5451 9.21901 0
80 148.343 10.5065 176.646 -56.3256 14.0879 0
80 148.569 12.0157 175.13 -12.8405 9.69193 0
80 148.569 12.0157 175.13 -12.8404 9.81679 0
80 147.222 15.8957 172.994 -100 59.8348 0
80 147.222 15.8957 172.994 -13.179 10.3071 0
80 146.529 17.281 172.633 -13.2999 10.5191 0
80 146.529 17.281 172.633 -13.2999 10.7025 0
80 146.141 18.2053 171.738 -13.3805 10.9706 0
80 146.653 17.0664 174.012 -13.2812 10.95 0
80 147.818 14.1288 178.806 -13.0248 10.6311 0
80 149.017 9.74997 184.016 -12.6427 10.1564 0
80 149.831 5.96151 188.38 -12.3121 9.65362 0
80 149.831 5.96151 188.38 -12.3121 9.49542 0
80 149.912 3.62846 187.743 -12.1085 9.39355 0
80 149.009 6.09583 182.522 -12.3238 9.73122 0
80 147.663 9.39982 177.702 -12.6121 10.1519 0
80 146.472 12.1554 174.764 -12.8526 10.5013 0
80 145.77 13.4368 174.733 -12.9644 10.6406 0
80 146.285 12.2753 177.228 -12.8631 10.5566 0
80 147.193 9.9522 180.777 -12.6603 10.3084 0
80 148.518 7.83643 183.996 -12.4757 10.0082 0
80 148.518 7.83643 183.996 -12.4757 9.94302 0
80 150.456 6.53849 185.402 -12.3624 9.73415 0
80 150.381 7.64741 183.447 -12.4592 9.83057 0
80 149.743 9.05481 180.901 -12.582 10.0266 0
80 148.669 10.3517 178.487 -12.6952 10.2739 0
80 147.268 11.2756 178.281 -12.6952 10.3281 0
80 147.268 11.2756 179.893 -1.63852 -28.9785 0
80 146.982 10.7988 179.967 -12.7342 10.2815 0
80 147.805 9.00248 184.035 -12.6511 10.0362 0
80 147.805 9.00248 184.035 -12.5774 9.82834 0
80 148.641 8.56488 183.955 -12.5393 9.77064 0
80 148.992 8.76842 182.317 -12.557 9.86989 0
80 148.837 9.40233 180.118 -12.6123 10.0643 0
80 148.209 10.0155 178.792 -12.6658 10.224 0
80 147.539 9.93645 179.184 -12.6589 10.2323 0
80 147.057 9.35871 180.373 -12.6085 10.1524 0
80 146.916 8.62982 181.607 -12.5449 10.0443 0
80 147.22 7.97623 182.587 -12.4879 9.93566 0
80 147.688 7.72736 182.239 -6.67482 18.0511 0
80 147.688 7.72736 182.239 -12.4662 9.9073 0
80 148.013 7.85718 181.775 -12.4775 9.92977 0
80 148.219 8.27928 181.163 -12.5143 9.97397 0
80 148.049 8.42765 180.622 -12.5273 10.0249 0
80 147.974 8.23202 181.289 -12.5102 9.97029 0
80 147.794 7.9402 181.933 -12.4847 9.90361 0
80 147.794 7.9402 181.933 -12.4847 9.88293 0
80 147.815 7.73598 182.231 -12.4669 9.8304 0
80 148.154 7.80271 181.987 -11.8966 9.83151 0
80 148.154 7.80271 181.987 -12.4727 9.80196 0
80 148.478 7.9296 181.523 -12.4838 9.82636 0
80 148.478 7.9296 181.523 -12.4838 9.81454 0
80 148.421 8.73983 182.472 -12.5545 9.71259 0
80 148.716 9.69358 183.315 -12.6378 9.60059 0
80 149.232 11.375 185.047 -12.7845 9.38332 0
80 149.558 13.0356 186.905 -12.9294 9.11533 0
80 149.833 14.8954 188.689 -13.0917 8.81231 0
80 150.444 16.5609 190.254 -13.237 8.4923 0
80 151.334 18.0452 191.818 -13.3666 8.12108 0
80 152.258 19.0043 192.731 -13.4503 7.79683 0
80 152.258 19.0043 192.731 -13.4503 7.54568 0
80 152.258 19.0043 192.731 -13.4503 7.29208 0
80 152.258 19.0043 192.731 -13.4503 7.03601 0
80 152.503 20.7257 192.065 -13.6005 6.8538 0
80 152.503 20.7257 192.065 -13.6005 6.61689 0
80 152.503 20.7257 192.065 -13.6005 6.35674 0
80 152.503 20.7257 192.065 -13.6005 6.11751 0
80 152.257 20.3652 191.423 -13.569 5.93883 0
80 152.003 19.7986 190.722 -13.5196 5.77713 0
80 151.467 18.7982 189.578 -13.5196 5.56687 0
80 150.677 16.6246 187.238 34.9358 60.3409 0
80 149.273 12.6786 182.897 78.9285 100 0
80 148.051 7.92538 177.014 98.1301 100 0
80 147.162 3.55279 172.435 -12.1019 6.90953 0
80 146.697 0.744366 169.926 -11.8506 7.32163 0
80 146.697 0.744366 169.926 -11.8152 7.55998 0
80 146.847 2.08378 173.445 -11.904 7.48621 0
80 147.392 5.25098 178.429 -12.1965 7.17828 0
80 147.97 8.27315 182.852 -12.5138 6.80697 0
80 148.423 10.2083 185.394 -12.6827 6.52173 0
80 148.423 10.2083 185.394 -12.6827 6.42639 0
80 147.807 8.74775 182.408 -12.5552 6.60795 0
80 147.177 6.49499 177.487 -12.3586 7.03635 0
80 146.944 4.79385 174.005 -12.2102 7.44466 0
80 146.909 4.09376 172.719 -12.1491 7.70347 0
80 146.909 4.09376 172.719 -12.1491 7.88329 0
80 147.366 4.81315 175.433 -12.2119 7.77227 0
80 147.763 5.96277 179.216 -12.3122 7.47718 0
80 148.308 7.03284 185.098 -17.888 -50.54 0
80 148.308 7.03284 185.098 -12.4056 6.82959 0
80 148.202 6.13977 183.18 -12.3276 6.9322 0
80 147.812 5.6317 179.953 -12.2833 7.20693 0
80 147.399 5.73327 176.776 -12.2922 7.54683 0
80 147.1 6.65536 174.903 -12.3726 7.82798 0
80 147.012 7.87178 176.104 -12.4788 7.85908 0
80 146.942 7.90671 178.395 -12.4818 7.7484 0
80 146.751 7.17634 180.827 -12.4181 7.57402 0
80 146.727 6.06917 182.533 -12.3215 7.4162 0
80 146.727 6.06917 182.533 -12.3215 7.38259 0
80 147.179 5.29185 181.557 -12.2536 7.44629 0
80 147.418 5.82596 179.312 -12.3002 7.66202 0
80 147.615 7.02049 177.258 -12.4045 7.90682 0
80 147.714 8.33383 176.075 -12.5191 8.11654 0
80 147.388 8.9538 176.874 -12.5732 8.14665 0
80 147.214 8.25672 178.839 -12.5124 8.04971 0
80 147.006 7.19021 180.813 -12.4193 7.90619 0
80 147.079 6.50595 181.92 -12.3596 7.8049 0
80 147.079 6.50595 181.92 -12.3596 7.7845 0
80 147.661 6.17803 181.791 -12.331 7.77823 0
80 147.928 6.51287 180.201 -12.3602 7.93065 0
80 147.939 7.17619 178.719 -12.4181 8.10599 0
80 147.549 8.6081 178.798 -12.543 8.15155 0
80 147.549 8.6081 178.798 -12.543 8.19804 0
80 147.124 8.63369 179.556 -12.5453 8.16287 0
80 146.995 7.54934 180.801 -12.4506 8.06005 0
80 147.179 6.16751 181.816 -12.33 7.95689 0
80 147.829 3.64516 184.75 -12.1099 7.66674 0
80 148.128 1.72061 186.928 -11.9384 7.35088 0
80 148.283 0.340265 188.434 -11.7925 7.10154 0
80 148.283 0.340265 188.434 -11.7484 6.94062 0
80 148.283 0.340265 188.434 -11.7042 6.77969 0
80 147.59 0.348516 186.186 -11.6605 6.84166 0
80 147.526 2.54442 181.934 -11.8366 7.15287 0
80 147.2 5.61455 177.587 -12.1516 7.5736 0
80 146.799 8.95424 174.514 -12.5679 7.96574 0
80 146.381 11.5839 172.432 -12.8027 8.31703 0
80 146.381 11.5839 172.432 -12.8027 8.49954 0
80 146.372 9.96824 174.483 -12.6617 8.47166 0
80 147.003 7.91895 177.556 -12.4829 8.2926 0
80 147.696 6.44264 180.074 -12.3541 8.10131 0
80 148.226 5.72362 181.271 -12.2913 7.99464 0
80 148.226 5.72362 181.271 -12.2913 7.98818 0
80 148.861 6.83037 179.878 -12.3879 8.12341 0
80 148.323 7.9731 177.608 -12.4876 8.37754 0
80 147.6 8.78125 176.571 -12.5581 8.55835 0
80 146.662 9.4135 177.062 -12.6133 8.60594 0
80 146.262 9.29934 177.898 -12.6034 8.61406 0
80 146.282 8.45061 179.443 -12.5293 8.53109 0
80 146.896 7.6299 181.312 -12.4577 8.39078 0
80 146.896 7.6299 181.312 -12.4577 8.38351 0
80 148.009 6.75981 181.82 -12.3817 8.3238 0
80 148.855 6.96295 181.581 -12.3995 8.32936 0
80 149.135 7.37781 180.489 -12.4357 8.42024 0
80 148.687 7.52889 179.13 -12.4488 8.56161 0
80 148.019 7.63334 178.367 -12.458 8.67685 0
80 147.345 7.73967 178.919 -12.4672 8.68093 0
80 146.794 7.32255 179.549 -2.72403 -6.00967 0
80 146.794 7.32255 179.549 -12.4308 8.6998 0
80 146.868 6.81235 180.47 -12.3863 8.63208 0
80 146.868 6.81235 180.47 -12.3863 8.64477 0
80 147.727 6.50275 180.686 -12.3593 8.63253 0
80 148.181 6.52403 180.188 -12.3612 8.68945 0
80 148.388 6.90677 180.048 -12.3946 8.72097 0
80 148.388 6.90677 180.048 -12.3946 8.74078 0
80 147.896 7.26247 180.061 -12.4256 8.76111 0
80 147.348 7.03623 180.506 -12.4059 8.73795 0
80 147.257 6.75996 181.029 -12.3817 8.70044 0
80 147.257 6.75996 181.461 -12.3817 8.69926 0
80 147.41 6.63829 181.461 -12.3711 8.65015 0
80 147.857 6.91512 180.917 -12.3953 8.69598 0
80 147.903 7.56489 179.907 -12.452 8.7895 0
80 147.871 7.58154 179.436 -12.452 8.81232 0
80 147.871 7.58154 179.436 -12.4534 8.88659 0
80 147.648 7.66141 179.953 -12.4604 8.86944 0
80 147.666 8.22881 180.114 -12.5099 8.87708 0
80 147.802 7.97752 180.512 -6.64039 -0.385271 0
80 147.718 7.59479 181.005 -12.488 8.87107 0
80 147.718 7.59479 181.005 -12.4546 8.8274 0
80 147.661 6.61553 181.919 -12.3691 8.72877 0
80 148.195 3.05188 184.798 70.8718 -58.5557 0
80 148.195 3.05188 184.798 -12.0582 8.36923 0
80 148.539 359.527 189.279 -11.7095 7.8179 0
80 148.539 359.527 189.279 -11.6486 7.6405 0
80 148.448 357.878 190.85 -11.4074 7.28829 0
80 148.118 357.42 189.405 -11.265 7.21473 0
80 147.911 359.435 185.679 -11.3513 7.3906 0
80 147.495 3.21429 180.459 -11.6517 7.79177 0
80 146.672 7.55943 176.031 -12.1041 8.24591 0
80 145.69 11.6129 172.858 -12.6219 8.67113 0
80 145.69 11.6129 172.858 -12.8052 8.84452 0
80 145.056 12.4922 173.303 -12.882 8.97923 0
80 145.751 9.99522 176.827 -12.6641 8.82585 0
80 146.496 7.09635 180.339 -12.4111 8.5831 0
80 146.496 7.09635 180.339 -12.4111 8.59682 0
80 148.4 4.00194 182.321 52.668 -37.6929 0
80 148.4 4.00194 182.321 -12.1411 8.4048 0
80 148.892 5.56066 179.761 -12.2771 8.65009 0
80 148.559 10.4087 173.562 -12.4804 9.07171 0
80 147.573 10.4082 173.562 -12.7001 9.45632 0
80 146.444 11.8646 173.353 -12.8272 9.653 0
80 145.845 11.386 175.072 -12.7854 9.63357 0
80 145.729 9.72518 177.709 -12.6405 9.47457 0
80 146.626 6.07823 182.539 -12.473 9.20617 0
80 146.626 6.07823 182.539 -12.3223 9.02233 0
80 147.557 5.57327 180.593 -12.2782 9.0235 0
80 148.751 7.93638 178.524 -12.3396 9.17402 0
80 148.493 9.60262 176.74 -47.5274 51.0972 0
80 148.519 9.63114 176.745 -12.6323 9.65743 0
80 147.891 10.5473 176.695 -12.7123 9.76207 0
80 147.331 9.74885 178.189 -12.6426 9.69708 0
80 147.181 8.44157 180.213 -12.5285 9.54411 0
80 147.294 7.11249 181.849 -12.4125 9.3852 0
80 147.703 6.25137 182.766 -12.3374 9.27448 0
80 148.291 6.61798 182.356 -12.3694 9.2761 0
80 148.551 7.49274 180.918 -12.4457 9.38467 0
80 148.555 8.56062 179.309 -12.5389 9.53818 0
80 148.236 9.14729 178.543 -12.5901 9.65115 0
80 147.563 9.06872 178.929 -12.5832 9.66776 0
80 147.083 8.22926 180.517 7.0251 -27.3806 0
80 147.206 7.05997 182.076 -12.4079 9.43862 0
80 147.206 7.05997 182.076 -12.4079 9.41486 0
80 147.206 7.05997 182.076 -12.4079 9.39111 0
80 148.425 5.81014 183.073 -12.2989 9.26822 0
80 148.716 6.79818 181.306 -12.3851 9.39299 0
80 148.453 7.86857 179.24 -12.4785 9.59156 0
80 147.718 8.76248 177.873 -12.5565 9.76388 0
80 147.718 8.76248 177.873 -12.5565 9.83013 0
80 147.718 8.76248 177.873 -12.5565 9.89704 0
80 147.117 6.34352 178.403 -12.3454 9.91195 0
80 147.685 4.10788 179.041 -12.1503 9.90395 0
80 148.07 2.60699 178.839 -12.0193 9.96411 0
80 148.176 1.32353 177.875 -11.9033 10.0983 0
80 148.413 0.780963 176.411 -0.468074 44.3643 0
80 148.843 0.786181 174.627 -11.797 10.5589 0
80 149.317 0.385754 172.975 -2.40812 49.2838 0
80 149.317 0.385754 172.975 -11.6829 11.0186 0
80 149.451 0.0248604 172.522 -11.6007 11.2415 0
80 149.504 359.184 172.531 -11.4601 11.4264 0
80 149.672 358.74 173.251 -11.3484 11.5422 0
80 149.672 358.74 173.251 -11.2697 11.7088 0
80 149.293 358.894 173.636 -11.206 11.8373 0
80 149.135 359.728 174.1 -11.2089 11.9533 0
80 149.107 0.956649 175.273 -11.2669 11.9932 0
80 148.853 2.01572 176.637 -11.336 11.9884 0
80 148.527 4.55841 179.497 -11.5728 11.8075 0
80 148.219 7.48902 183.086 -11.9033 11.4938 0
80 147.873 10.1297 186.392 -12.2737 11.1233 0
80 147.605 11.6373 188.3 -12.5923 10.8165 0
80 147.605 11.6373 188.3 -12.7938 10.6569 0
80 146.518 9.96413 186.003 -12.6614 10.7315 0
80 146.315 8.12757 183.301 -12.5011 10.9014 0
80 146.534 6.71417 180.82 -12.3778 11.1078 0
80 147.191 6.23999 179.564 -12.3364 11.2415 0
80 148.521 7.52502 182.12 -42.3526 -48.4256 0
80 148.775 8.65403 184.087 -12.547 10.8402 0
80 148.862 9.08654 185.152 -22.6499 -14.1182 0
80 148.862 9.08654 185.152 -12.5848 10.5864 0
80 148.363 8.507 185.397 -12.5342 10.4692 0
80 147.772 7.85929 183.826 -12.4777 10.5356 0
80 147.406 7.72907 181.783 -12.4663 10.6884 0
80 147.361 8.25706 180.862 -12.5124 10.7664 0
80 147.588 9.09803 180.851 -12.5858 10.7701 0
80 147.588 9.09803 180.851 -12.5858 10.7728 0
80 148.044 9.0472 182.233 -12.5813 10.6447 0
80 148.044 9.0472 182.233 -12.5813 10.6175 0
80 148.044 9.0472 182.233 -12.5813 10.5901 0
80 148.08 7.43354 182.842 -12.4405 10.4971 0
80 148.335 7.27457 183.377 -12.4267 10.4019 0
80 148.547 7.61969 182.622 -20.488 27.985 0
80 148.514 7.88394 182.104 -18.0142 21.2911 0
80 148.514 7.88394 182.104 -12.4798 10.402 0
80 148.027 8.33902 182.153 -12.5195 10.3726 0
80 148.027 8.33902 182.153 -12.5195 10.3467 0
80 147.561 8.04529 182.343 -5.65861 5.88442 0
80 147.561 8.04529 182.343 -12.4939 10.274 0
80 147.921 7.25492 182.205 4.12865 13.1408 0
80 147.921 7.25492 182.205 -12.4249 10.232 0
80 148.054 6.90324 182.213 -12.3943 10.2041 0
80 147.722 5.21729 180.554 -12.2471 10.3462 0
80 147.428 3.72774 178.7 -12.1171 10.5444 0
80 147.065 2.45392 177.379 -12.006 10.7308 0
80 146.494 1.05194 176.13 -11.8618 10.9396 0
80 146.046 359.475 175.048 -11.6662 11.1705 0
80 146.002 357.786 174.291 -11.4159 11.3808 0
80 146.103 355.764 173.798 -11.0864 11.5927 0
80 146.767 352.444 172.716 -10.7482 11.8067 0
80 147.09 351.269 171.786 17.0497 33.7627 0
80 147.421 350.897 170.876 -10.0484 12.3197 0
80 147.421 350.897 170.876 -9.76812 12.6169 0
80 147.182 352.755 171.169 -9.70617 12.8055 0
80 146.658 354.957 172.388 -9.70475 12.7493 0
80 146.087 358.742 176.264 -9.92252 12.4111 0
80 146.244 4.42593 182.42 -10.4428 11.8476 0
80 147.504 11.2085 188.908 -11.2193 11.1167 0
80 149.071 17.1622 193.672 -12.0608 10.4244 0
80 150.102 20.1671 195.779 -12.714 9.91504 0
80 149.422 18.5079 192.795 -12.9263 9.91294 0
80 148.222 14.3592 187.336 -12.832 10.2416 0
80 147.792 9.25675 181.955 -12.546 10.6797 0
80 148.71 1.49152 174.707 54.7716 72.0041 0
80 149.327 1.32795 175.612 -11.8751 11.4593 0
80 149.601 3.41291 179.264 -12.0419 11.2468 0
80 149.386 6.63875 183.127 -12.3642 10.9187 0
80 148.978 10.0039 186.595 -12.6648 10.5539 0
80 148.423 12.1098 189.299 -12.8486 10.1606 0
80 147.218 12.4343 189.195 -12.8769 9.98736 0
80 146.16 11.2864 185.605 -12.7768 10.1469 0
80 145.55 9.61745 181.181 -12.6311 10.4799 0
80 145.677 8.04745 177.679 -12.4941 10.8316 0
80 146.487 7.06378 176.493 -12.4083 11.0243 0
80 146.487 7.06378 176.493 -12.4083 11.1844 0
80 148.51 7.24071 180.134 -12.4237 10.837 0
80 149.185 8.9276 185.572 -12.5054 10.5245 0
80 149.238 8.97632 185.566 -12.5752 10.2187 0
80 148.689 9.41436 186.098 -12.6134 10.0595 0
80 147.694 9.40572 183.921 -12.6126 10.1808 0
80 147.13 9.42682 181.346 -12.6145 10.3833 0
80 146.628 9.5872 179.637 -12.6285 10.5561 0
80 146.449 9.83482 178.885 -12.6501 10.665 0
80 146.856 9.48824 180.787 -12.6198 10.5303 0
80 147.361 9.26883 182.715 -12.6007 10.3422 0
80 147.949 8.70118 184.291 -12.5512 10.1459 0
80 148.35 7.96061 185.238 -12.4865 9.98228 0
80 148.35 7.96061 185.238 -12.4865 9.89031 0
80 148.409 7.48217 184.382 -12.4448 9.89009 0
80 148.049 8.24497 182.483 -12.5113 10.0191 0
80 147.974 9.29779 181.356 -12.6032 10.1051 0
80 147.824 10.4159 181.214 -12.7008 10.1108 0
80 147.824 10.4159 181.214 -12.7008 10.1056 0
80 147.672 9.54072 182.17 -12.6244 9.99606 0
80 147.751 8.31285 183.483 -12.5173 9.82473 0
80 147.751 8.31285 183.483 -12.5173 9.77078 0
80 148.512 7.86761 183.886 -12.4784 9.67565 0
80 148.616 8.90681 183.577 -12.5691 9.64367 0
80 148.277 9.99766 182.247 -12.6643 9.71286 0
80 147.854 10.43 181.574 -12.702 9.74777 0
80 147.854 10.43 181.574 -12.702 9.73496 0
80 147.502 9.36442 181.536 -12.609 9.72561 0
80 147.502 8.62305 182.847 4.74433 -20.9154 0
80 147.837 8.6215 182.847 -12.5442 9.55557 0
80 148.162 8.65393 184.022 -12.547 9.3866 0
80 148.162 8.65393 184.022 -12.547 9.32149 0
80 148.227 9.27305 183.119 -12.6011 9.35043 0
80 148.227 9.27305 183.119 -12.6011 9.30418 0
80 147.616 9.83846 181.545 -12.6504 9.41508 0
