H_VAL   H_STEP_SIZE 60 0.1
ROLL KP KI KD 5 12 12
PITCH KP KI KD 5 12 12
YAW KP KI KD 0 0 0
60 144.607 2.83211 180.182 -0.148113 -9.40535 0
60 144.607 2.83211 180.182 -0.0505623 0.0911143 0
60 144.607 2.83211 180.182 -0.0606654 0.109057 0
60 144.494 2.86831 179.714 -0.0737986 0.174951 0
60 144.478 2.82498 179.099 -0.0805049 0.264588 0
60 144.467 2.82085 178.737 -0.0897102 0.303868 0
60 144.467 2.82085 178.737 -0.0992899 0.386532 0
60 144.61 2.90115 179.241 -0.116079 0.38635 0
60 144.61 2.90115 179.241 -0.127744 0.425574 0
60 144.469 2.82512 179.822 -0.130501 0.399467 0
60 144.61 2.79726 180.291 -0.137199 0.377458 0
60 144.61 2.79726 180.291 -0.14591 0.393076 0
60 144.598 2.82752 179.819 -0.158202 0.451378 0
60 144.598 2.82752 179.819 -0.167553 0.475818 0
60 144.488 2.82912 179.461 -0.177078 0.539096 0
60 144.488 2.82912 179.461 -0.187299 0.573966 0
60 144.501 2.79822 179.932 -0.193947 0.562075 0
60 144.501 2.79822 179.932 -0.202678 0.584132 0
60 144.509 2.80234 180.294 -0.212708 0.570275 0
60 144.509 2.80234 180.294 -0.221527 0.584677 0
60 144.509 2.80234 180.294 -0.230433 0.599221 0
60 144.472 2.7902 179.931 -0.238804 0.651734 0
60 144.472 2.7902 179.931 -0.247366 0.67381 0
60 144.472 2.7902 179.931 -0.256013 0.696105 0
60 144.512 2.87657 180.438 -4.23319 -11.1171 0
60 144.512 2.87657 180.438 -0.283529 0.686443 0
60 144.512 2.87657 180.438 -0.294844 0.698812 0
60 144.616 2.61845 180.474 -0.277296 0.706361 0
60 144.616 2.61845 180.474 -0.282273 0.717059 0
60 144.616 2.61845 180.474 -0.287641 0.728597 0
60 144.64 3.31705 180.574 -16.6122 -1.60575 0
60 144.64 3.31705 180.574 -0.374801 0.738901 0
60 144.64 3.31705 180.574 -0.396264 0.748126 0
60 144.64 3.31705 180.574 -0.41597 0.756596 0
60 144.64 3.31705 180.574 -0.435872 0.76515 0
60 144.64 3.31705 180.574 -0.457139 0.774291 0
60 144.529 2.8498 181.271 -0.432252 0.71589 0
60 144.529 2.8498 181.271 -0.442075 0.70963 0
60 144.529 2.8498 181.271 -0.451994 0.702758 0
60 144.528 3.54002 181.371 -0.530539 0.686369 0
60 144.528 3.54002 181.371 -0.554962 0.677978 0
60 144.538 3.03741 181.812 -0.528858 0.62268 0
60 144.41 1.98745 182.442 -0.439861 0.542764 0
60 144.404 1.55025 182.302 -0.390176 0.52498 0
60 144.404 1.55025 182.302 -0.370934 0.494414 0
60 144.413 2.52983 182.255 -0.456015 0.470951 0
60 144.413 2.52983 182.255 -0.459069 0.4436 0
60 144.413 2.52983 182.255 -0.462184 0.414106 0
60 144.413 2.52983 182.255 -0.46551 0.386754 0
60 144.266 3.45717 181.235 -0.566028 0.466598 0
60 144.266 3.45717 181.235 -0.588699 0.461097 0
60 144.411 2.6001 182.037 -0.524999 0.372116 0
60 144.176 2.19664 181.792 -0.489982 0.373486 0
60 144.176 2.19664 181.792 -0.485948 0.356031 0
60 143.919 2.7695 181.866 -0.540185 0.331043 0
60 143.807 3.09593 181.251 -0.580346 0.372223 0
60 143.807 3.09593 181.251 -0.595524 0.366261 0
60 143.819 2.88155 181.904 -0.591042 0.295961 0
60 143.819 2.88155 181.904 -0.60164 0.276114 0
60 143.813 2.51668 181.544 -0.573214 0.294792 0
60 143.817 2.40939 181.87 -0.565688 0.251217 0
60 143.905 2.69154 180.997 -0.591886 0.311568 0
60 143.905 2.69154 180.997 -0.598937 0.311056 0
60 143.945 2.95739 181.683 -0.632963 0.239663 0
60 143.775 2.47046 180.929 -0.600037 0.29447 0
60 143.775 2.47046 180.929 -0.601835 0.295534 0
60 143.814 1.7919 181.909 -0.536068 0.198609 0
60 143.814 1.7919 181.909 -0.523388 0.178644 0
60 143.917 2.15357 181.906 -0.546257 0.1592 0
60 143.925 2.59178 182.411 -0.583837 0.0883246 0
60 143.911 2.69384 181.359 -0.597706 0.155047 0
60 143.911 2.69384 181.359 -0.604294 0.146916 0
60 143.911 2.69384 181.359 -0.611399 0.138059 0
60 143.895 3.05147 180.633 -0.653015 0.201018 0
60 143.895 3.05147 180.633 -0.668359 0.208902 0
60 143.895 3.05147 180.633 -0.682448 0.216141 0
60 143.903 3.16261 181.03 -0.708749 0.18024 0
60 143.79 3.20127 180.563 -0.730675 0.225619 0
60 143.79 3.0208 180.745 -0.747932 0.234418 0
60 143.796 3.0208 180.745 -0.745756 0.223413 0
60 143.893 2.54247 180.346 -0.711602 0.269096 0
60 143.909 2.14898 181.182 -0.678738 0.205071 0
60 143.781 1.96566 181.366 3.60876 -4.1102 0
60 143.781 1.96566 181.366 -0.648463 0.175925 0
60 143.816 2.55428 181.797 -0.697751 0.122442 0
60 143.898 2.68925 180.635 -3.85416 27.2497 0
60 143.898 2.68925 179.841 -0.720389 0.216306 0
60 144.008 2.8316 179.835 -0.742342 0.310493 0
60 144.115 3.73906 179.644 -0.838367 0.355029 0
60 144.115 3.73906 179.644 -0.867 0.383187 0
60 144.03 3.31092 180.953 -0.856223 0.290187 0
60 144.03 3.31092 180.953 -0.877544 0.290678 0
60 143.903 2.07323 180.675 -0.767272 0.320394 0
60 143.553 2.00163 181.623 -0.753963 0.238866 0
60 143.553 2.00163 181.623 -0.745764 0.223926 0
60 143.899 3.81915 180.158 -0.911518 0.350835 0
60 143.899 3.81915 180.158 -0.942145 0.368283 0
60 143.899 3.81915 180.158 -0.974875 0.388468 0
60 144.23 3.26359 178.885 -0.946383 0.540731 0
60 144.23 3.26359 178.885 -0.966614 0.588882 0
60 143.903 2.07323 180.675 -0.856131 0.438997 0
60 143.906 1.89304 180.857 -0.830528 0.426256 0
60 143.919 2.37156 181.977 -0.866879 0.317185 0
60 143.919 2.37156 181.977 -0.866556 0.295772 0
60 144.018 3.12581 180.412 -0.938717 0.424943 0
60 144.146 2.94621 180.229 -0.938339 0.456206 0
60 144.017 2.32431 179.911 15.3845 8.83747 0
60 144.017 2.32431 179.911 -0.89559 0.524971 0
60 143.91 2.36697 181.253 -0.898044 0.425826 0
60 143.909 2.72938 181.25 -0.897649 0.41989 0
60 143.909 2.72938 180.629 -0.937198 0.413743 0
60 144.024 3.05491 180.629 -0.980048 0.475369 0
60 144.024 3.05491 180.629 -0.994209 0.482673 0
60 144.131 2.90485 179.614 -0.994257 0.595664 0
60 144.021 2.58065 180.235 -0.972987 0.562791 0
60 143.911 2.69384 181.359 -0.988457 0.46634 0
60 143.911 2.69384 181.359 -0.99498 0.458128 0
60 143.907 2.656 181.106 -0.998237 0.475461 0
60 143.907 2.656 181.106 -1.00402 0.47266 0
60 143.886 2.54017 179.984 -0.999058 0.573875 0
60 143.886 2.54017 179.984 -1.00261 0.596701 0
60 143.672 2.83674 180.93 -1.03552 0.523461 0
60 143.672 2.83674 180.93 -1.04592 0.524501 0
60 143.672 2.83674 180.93 -1.05546 0.525456 0
60 143.672 2.83674 180.93 -1.0651 0.52642 0
60 144.023 2.65424 180.379 3.71864 14.9924 0
60 144.023 2.65424 180.379 -1.06501 0.589165 0
60 143.674 2.58301 180.967 -1.06415 0.547387 0
60 143.674 2.58301 180.967 -1.06837 0.547556 0
60 143.674 2.58301 180.967 -1.07292 0.547738 0
60 143.674 2.58301 180.967 -1.07714 0.547907 0
60 143.91 3.05604 181.357 -1.13276 0.505707 0
60 144.024 3.16389 180.665 -1.16097 0.568958 0
60 144.024 3.16389 180.665 -1.17743 0.575513 0
60 144.024 3.16389 180.665 -1.19537 0.582652 0
60 143.651 3.08737 180.168 -1.20476 0.63614 0
60 143.799 3.0941 180.889 -1.22037 0.587747 0
60 143.799 3.0941 180.889 -1.23669 0.589719 0
60 144.025 2.83688 180.559 -1.22698 0.622085 0
60 144.025 2.83688 180.559 -1.23748 0.631062 0
60 144.018 2.50705 180.09 -1.21254 0.689703 0
60 144.018 2.50705 180.09 -1.21514 0.708595 0
60 144.064 4.27465 178.734 -1.38144 0.856137 0
60 144.064 4.27465 178.734 -1.42536 0.903999 0
60 144.83 4.97471 177.607 -1.54176 1.07438 0
60 144.849 5.7274 176.038 -1.67758 1.3141 0
60 144.167 7.51865 173.256 -1.91574 1.67851 0
60 144.397 7.97433 172.18 -2.06765 1.94314 0
60 144.993 9.1503 170.942 -2.30544 2.26053 0
60 144.993 9.1503 170.942 -2.44854 2.47275 0
60 144.94 8.36424 174.57 -2.51731 2.33385 0
60 144.433 5.40092 179.685 -2.35478 1.97205 0
60 143.71 1.95077 185.099 -2.07467 1.45011 0
60 142.854 359.025 189.349 -1.76837 0.930544 0
60 142.382 357.128 190.178 -1.50403 0.667546 0
60 142.51 356.785 187.628 -1.3475 0.718583 0
60 142.817 357.811 183.98 -1.33376 0.952857 0
60 143.18 359.927 179.855 -1.45742 1.32145 0
60 143.543 2.60094 176.512 -1.68587 1.69756 0
60 144.138 6.66583 176.971 -2.06733 1.75039 0
60 144.505 7.51009 179.512 -2.24671 1.60303 0
60 144.781 6.34284 182.014 -2.24381 1.39341 0
60 144.965 3.84369 183.854 -2.08775 1.1941 0
60 144.632 0.856655 184.481 -1.83665 1.0727 0
60 144.198 358.981 183.525 -1.62049 1.08323 0
60 143.646 358.953 181.706 -1.54586 1.20095 0
60 143.18 0.217854 180.435 -1.5898 1.30321 0
60 143.067 2.36338 180.184 -51.6634 7.16918 0
60 143.158 3.40959 180.29 -26.1739 -1.11531 0
60 143.158 3.40959 180.29 -1.84919 1.36054 0
60 143.57 3.38619 181.112 -1.87046 1.28714 0
60 143.783 1.60518 181.73 -1.89163 -13.1621 0
60 143.783 1.60518 181.73 -1.71937 1.21294 0
60 143.783 1.60518 181.73 -1.7014 1.19553 0
60 143.678 1.35045 181.406 -1.65706 1.21458 0
60 143.678 1.35045 181.406 -1.63517 1.20545 0
60 143.438 2.76455 180.791 -1.7617 1.26124 0
60 143.398 2.90073 180.356 -1.78362 1.3071 0
60 143.398 2.90073 180.356 -1.79452 1.32019 0
60 143.549 2.10939 181.297 -1.72382 1.23623 0
60 143.554 1.78489 181.914 -1.68498 1.16495 0
60 144.492 3.48849 180.033 -1.83591 1.32737 0
60 144.888 4.40629 178.267 -1.94828 1.51804 0
60 144.637 6.0267 176.984 -2.15013 1.71021 0
60 144.637 6.0267 176.984 -2.23402 1.7935 0
60 143.702 8.97375 173.385 -2.62283 2.25849 0
60 143.688 9.71627 171.803 -2.84159 2.58689 0
60 143.259 10.9449 170.159 -3.12498 2.95244 0
60 142.98 12.0841 169.082 -3.42943 3.30089 0
60 142.98 12.0841 169.082 -3.63662 3.55245 0
60 142.497 14.9495 165.624 -36.8105 44.6851 0
60 141.976 15.5728 164.757 -20.7894 27.2875 0
60 141.976 15.5728 164.757 -4.75434 4.92549 0
60 142.361 12.7247 170.565 -4.73144 4.6507 0
60 142.893 6.79374 178.528 -4.32753 4.02768 0
60 141.962 353.108 194.183 100 -100 0
60 140.774 349.146 199.104 100 -100 0
60 140.774 349.146 199.104 -2.22828 1.43303 0
60 141.534 349.501 195.165 -1.95835 1.43202 0
60 142.419 353.383 188.304 -2.09562 1.85972 0
60 142.796 359.196 181.663 -2.52501 2.41339 0
60 142.741 4.84999 174.613 -3.06161 3.15277 0
60 142.485 8.74109 169.721 -3.54892 3.84126 0
60 142.882 9.59035 173.15 -3.76806 3.74507 0
60 143.374 7.22618 178.644 -3.69041 3.3741 0
60 143.484 3.3507 183.76 -3.41423 2.92283 0
60 143.342 359.068 188.994 -3.00103 2.3268 0
60 143.13 355.863 191.937 -2.6048 1.85672 0
60 143.254 354.538 189.804 -2.33099 1.83905 0
60 143.34 355.17 185.771 -2.22744 2.05979 0
60 143.098 357.242 182.101 -2.27398 2.32591 0
60 142.941 0.365865 178.915 -2.48893 2.64194 0
60 142.835 3.43009 177.042 -2.7731 2.89329 0
60 142.902 5.89354 177.984 -3.06086 2.87733 0
60 143.289 6.20983 180.973 -3.16963 2.6216 0
60 143.746 5.02946 183.093 -3.12809 2.38735 0
60 144.3 1.75399 184.656 -2.85757 2.18601 0
60 144.3 358.246 184.898 -2.84408 2.10736 0
60 143.983 359.04 182.941 -0.322119 47.7171 0
60 143.533 0.0787916 181.956 -2.4546 2.121 0
60 143.319 1.63681 181.628 -2.49161 2.18416 0
60 143.319 1.63681 181.628 -2.61158 2.19883 0
60 143.087 2.43447 181.415 -2.67815 2.20608 0
60 143.32 1.45572 182.171 -2.58497 2.12385 0
60 143.529 0.0799391 182.318 -2.43947 2.08443 0
60 143.526 359.862 182.246 2.19747 3.56574 0
60 143.526 359.862 182.246 -2.31682 2.03472 0
60 143.446 1.20538 182.568 -2.39879 1.9745 0
60 143.463 2.36878 182.711 -2.48969 1.92258 0
60 143.599 2.81016 182.851 -2.5334 1.87147 0
60 143.686 1.93484 182.201 -2.46359 1.88705 0
60 143.549 1.34899 181.77 11.2317 11.9159 0
60 143.549 1.34899 181.77 -2.37786 1.8809 0
60 143.451 2.0034 181.625 -2.41617 1.87723 0
60 143.451 2.0034 181.625 -2.40809 1.86348 0
60 143.818 3.13534 181.866 -2.5108 1.82575 0
60 143.923 3.3138 182.044 -2.54716 1.78613 0
60 143.923 3.3138 182.044 -2.5668 1.7633 0
60 143.918 2.55165 181.795 -2.50531 1.76708 0
60 143.682 1.57019 181.84 -2.4042 1.74317 0
60 143.416 1.0194 181.664 -2.32909 1.74331 0
60 143.187 1.2708 182.354 -2.3225 1.6656 0
60 143.187 1.2708 182.354 -2.29893 1.63411 0
60 143.187 1.2708 182.354 -2.27324 1.60464 0
60 143.55 1.38609 182.024 -2.26196 1.61107 0
60 143.548 1.16807 181.952 -2.24061 1.58865 0
60 143.548 1.16807 181.952 -2.19328 1.5722 0
60 143.188 1.34339 182.137 -2.18478 1.53286 0
60 143.326 2.03684 182.243 -2.22811 1.49783 0
60 143.326 2.03684 182.243 -2.22074 1.46861 0
60 143.813 2.51668 181.544 -2.26131 1.51263 0
60 144.168 2.40918 181.138 -2.25398 1.5386 0
60 144.168 2.40918 181.138 -2.25448 1.5351 0
60 144.039 2.15211 181.179 -2.22889 1.52709 0
60 143.553 1.82083 181.805 -2.19213 1.46351 0
60 143.553 1.82083 181.805 -2.18019 1.44577 0
60 143.315 1.09171 181.447 -2.16812 1.4282 0
60 143.315 1.09171 181.447 -2.07442 1.44847 0
60 143.542 2.03526 180.79 -2.04678 1.43838 0
60 143.543 2.03526 180.79 -2.12164 1.49964 0
60 144.028 2.47419 180.561 -2.15798 1.52713 0
60 144.028 2.47419 180.561 -2.16002 1.53596 0
60 144.028 2.47419 180.561 -2.16192 1.5448 0
60 143.545 0.839852 181.482 -2.16379 1.55354 0
60 143.545 0.839852 181.482 -1.98524 1.46138 0
60 143.545 0.839852 181.482 -1.95222 1.45054 0
60 143.318 2.10855 181.301 -2.03843 1.45609 0
60 143.318 2.10855 181.301 -2.03303 1.4498 0
60 143.809 2.36994 181.255 -2.05178 1.4471 0
60 143.913 1.89763 181.582 -1.89339 1.39003 0
60 143.913 1.89763 181.582 -1.99794 1.39828 0
60 143.908 1.71281 181.039 -1.9697 1.44056 0
60 143.908 1.71281 181.039 -1.95519 1.43916 0
60 143.81 2.5882 181.326 -2.03279 1.40767 0
60 143.674 2.69198 181.003 -2.06218 1.42949 0
60 143.674 2.69198 181.003 -2.05361 1.4289 0
60 143.552 2.03755 181.515 -1.99832 1.37997 0
60 143.549 1.74667 181.298 4.80423 1.38814 0
60 143.549 1.74667 181.298 -1.95024 1.38069 0
60 143.55 2.21831 181.333 -1.98446 1.37026 0
60 143.386 1.48449 178.801 -1.9064 1.61959 0
60 143.395 1.0135 177.319 -1.83935 1.81647 0
60 142.437 359.524 174.998 -1.66932 2.11666 0
60 141.62 358.715 172.882 -1.53108 2.44572 0
60 141.202 357.075 169.972 -1.29756 2.89387 0
60 140.999 355.075 168.393 -0.297963 2.6112 0
60 141.126 354.061 166.337 -0.73793 3.75639 0
60 141.831 353.323 165.044 -0.493447 4.18584 0
60 142.548 352.706 163.324 -0.243845 4.68246 0
60 142.812 352.59 161.716 -0.0100614 5.23816 0
60 142.851 352.389 160.427 4.88345 35.7524 0
60 142.851 352.389 160.427 0.424443 6.22551 0
60 142.241 356.235 166.46 0.303397 6.11221 0
60 142.388 1.83105 177.476 -0.0748115 5.41944 0
60 144.274 8.80881 189.479 -0.711095 4.38132 0
60 147.685 15.1009 200.433 -1.45216 3.15117 0
60 151.141 18.4177 206.45 -2.0394 2.16183 0
60 152.084 15.3795 202.606 68.5899 91.4159 0
60 150.818 9.35374 194.09 100 100 0
60 149.247 2.94482 184.016 -1.43256 2.8657 0
60 147.289 358.252 172.916 -1.00948 3.8298 0
60 145.182 355.956 164.768 -0.708302 4.75737 0
60 145.182 355.956 164.768 -0.5723 5.12734 0
60 141.316 358.164 167.196 -0.655215 5.22142 0
60 139.935 1.57724 175.696 -0.924587 4.62149 0
60 140.764 4.94838 184.928 -1.26771 3.74804 0
60 143.45 8.20345 194.579 -1.6706 2.60566 0
60 146.884 10.505 200.591 -2.05587 1.66203 0
60 150.001 10.0346 197.717 -2.18158 1.53466 0
60 150.183 6.92339 189.803 -2.03012 1.97847 0
60 149.103 3.79204 182.235 -1.80255 2.5708 0
60 147.137 1.63696 174.866 -1.61037 3.30553 0
60 144.917 0.726335 170.129 -1.50167 3.91457 0
60 142.186 0.870042 172.181 -1.47991 3.94556 0
60 140.592 1.62959 178.514 -1.52464 3.49051 0
60 140.58 2.58443 184.697 -1.60706 2.90439 0
60 141.983 3.47062 189.685 -1.70465 2.30001 0
60 143.752 4.11815 192.21 -1.79745 1.84144 0
60 146.591 4.57265 185.924 -0.373723 100 0
60 147.002 3.93396 180.448 12.9848 100 0
60 146.649 3.27528 176.673 15.3913 100 0
60 145.789 2.72473 175.082 10.9891 40.1418 0
60 145.789 2.72473 175.082 -1.83068 3.26327 0
60 144.433 2.69915 177.616 -1.8352 3.11815 0
60 143.563 3.16291 182.127 -1.89156 2.70815 0
60 143.031 3.44367 187.728 -1.93867 2.26424 0
60 142.937 3.22427 187.728 -1.93885 1.95534 0
60 143.484 2.52664 186.627 -1.88733 1.921 0
60 143.957 2.31509 183.643 -1.86926 2.09875 0
60 144.522 2.51777 180.804 -1.88835 2.32991 0
60 144.838 3.00579 179.269 -1.94087 2.49261 0
60 144.853 3.89024 180.269 -2.03716 2.4365 0
60 144.668 4.095 181.904 -2.08863 2.2971 0
60 144.335 3.48669 183.407 -2.06809 2.13535 0
60 144.335 3.48669 183.407 -2.09162 2.07931 0
60 143.796 0.853472 183.291 -1.87254 2.03764 0
60 143.669 0.517508 182.098 -1.80923 2.09486 0
60 143.548 1.49278 181.335 -1.85477 2.13947 0
60 143.548 1.49278 181.335 -1.83402 2.13176 0
60 143.674 3.45415 181.253 -2.02801 2.133 0
60 143.672 4.35937 181.43 -2.14766 2.1081 0
60 143.821 4.15102 182.078 -2.17241 2.03302 0
60 143.821 4.15102 182.078 -2.21306 2.0076 0
60 143.921 2.44497 182.122 -2.06831 1.97941 0
60 143.787 1.96957 182.091 -2.01884 1.95603 0
60 143.823 3.02816 182.193 -2.11308 1.92008 0
60 143.818 4.0779 181.934 -2.22985 1.91946 0
60 143.818 4.0779 181.934 -2.26565 1.89917 0
60 143.913 3.23821 181.537 17.3135 11.1557 0
60 143.783 2.29231 181.473 19.8496 3.39255 0
60 143.783 2.29231 181.473 -2.1603 1.89523 0
60 143.554 1.78489 181.914 -2.10776 1.84066 0
60 143.554 1.78489 181.914 -2.0938 1.81883 0
60 143.419 2.4684 181.299 -2.1515 1.86292 0
60 143.674 2.90985 181.074 -2.19347 1.87638 0
60 143.674 2.90985 181.074 -2.20468 1.87425 0
60 143.903 3.05376 180.995 -2.2292 1.87932 0
60 143.903 3.05376 180.995 -2.24222 1.87893 0
60 143.816 3.17106 181.758 -2.27002 1.79959 0
60 143.678 2.72929 181.256 -2.24733 1.8279 0
60 143.678 2.72929 181.256 -2.25521 1.82142 0
60 143.678 2.72929 181.256 -2.26252 1.81542 0
60 143.544 2.47082 180.934 -2.24379 1.84225 0
60 143.544 2.47082 180.934 -2.24561 1.84313 0
60 143.68 2.69347 181.365 -2.27046 1.79944 0
60 143.68 2.69347 181.365 -2.27704 1.79111 0
60 143.335 3.19772 182.387 -2.3378 1.67379 0
60 143.242 3.81747 182.715 -2.41923 1.60964 0
60 143.393 4.3683 183.616 -2.50511 1.48217 0
60 143.922 5.2989 184.862 -2.6533 1.29851 0
60 144.035 6.71087 186.155 -2.84066 1.08986 0
60 143.99 8.09265 187.1 -3.06208 0.891626 0
60 143.971 9.16855 187.935 -3.28375 0.683337 0
60 144.072 10.2733 189.02 -3.529 0.436078 0
60 143.846 11.3734 190.137 -3.81437 0.145477 0
60 143.748 12.1336 191.245 -4.07813 -0.154794 0
60 143.721 12.7445 192.318 -4.34723 -0.478204 0
60 143.607 13.2169 193.21 -4.61143 -0.801555 0
60 143.607 13.2169 193.21 -4.84509 -1.0655 0
60 143.702 12.4229 192.206 -5.02405 -1.25749 0
60 142.739 9.438 187.673 -4.96385 -1.07951 0
60 142.532 4.28182 179.878 -4.63795 -0.501357 0
60 143.209 358.361 173.297 -4.12994 0.132417 0
60 144.38 352.892 168.192 -3.52657 0.7794 0
60 145.57 349.398 164.903 -2.97153 1.39053 0
60 145.57 349.398 164.903 -2.69681 1.73051 0
60 144.781 351.463 169.572 -2.63399 1.58666 0
60 143.848 356.493 176.324 -2.91926 1.12861 0
60 143.455 2.29448 181.842 -3.41267 0.638805 0
60 143.456 7.22675 186.371 -3.94652 0.128247 0
60 143.776 9.66298 188.608 -4.31611 -0.231603 0
60 144.109 7.92462 184.983 -4.29337 -0.0214834 0
60 144.467 3.99062 179.593 -4.00764 0.452521 0
60 144.86 359.169 175.41 -3.53533 0.92149 0
60 145.096 354.913 172.03 -3.01229 1.40114 0
60 144.906 352.675 170.701 -2.60975 1.73843 0
60 143.624 354.338 173.673 -2.57425 1.65058 0
60 142.598 358.012 177.998 -2.78837 1.35219 0
60 142.097 2.23825 181.253 -3.13896 1.07382 0
60 142.305 5.60085 183.488 -3.49542 0.828783 0
60 143.101 7.07957 184.541 -3.72227 0.662413 0
60 144.003 6.02149 183.039 -3.71138 0.744008 0
60 145.232 0.228059 178.512 -3.5061 49.9531 0
60 145.392 357.763 177.145 54.4056 33.123 0
60 145.392 357.253 176.494 -2.85918 1.40784 0
60 145.045 357.253 176.494 -2.70609 1.55945 0
60 144.032 359.405 178.122 -2.81785 1.49322 0
60 143.042 1.88575 180.147 -3.00923 1.34139 0
60 142.489 3.62703 181.471 -3.18151 1.21991 0
60 142.371 4.12416 182.131 -3.26147 1.13867 0
60 142.953 3.08388 181.274 -3.19607 1.19895 0
60 143.534 1.88811 180.139 -3.08736 1.30991 0
60 144.022 1.15864 179.412 -3.00406 1.40015 0
60 144.022 1.15864 179.412 -2.97554 1.43647 0
60 144.016 2.43343 179.946 -3.06992 1.41935 0
60 143.663 3.16194 180.675 -3.13712 1.3752 0
60 143.663 3.16194 180.675 -3.15371 1.38155 0
60 143.663 3.16194 180.675 -3.17176 1.38852 0
60 143.305 1.74443 180.216 -3.18819 12.1242 0
60 143.305 1.74443 180.216 -3.05066 1.45209 0
60 143.301 1.41707 179.745 -3.0014 1.52172 0
60 143.292 2.3612 179.817 -25.0338 -0.122406 0
60 143.292 2.3612 179.817 -3.06254 1.56634 0
60 143.292 2.3612 179.817 -3.06202 1.59084 0
60 143.304 2.07132 180.324 -3.03311 1.56725 0
60 143.304 2.07132 180.324 -3.02587 1.58115 0
60 143.425 2.32714 179.923 -8.99512 10.9535 0
60 143.425 2.32714 179.923 -3.04072 1.65324 0
60 143.289 2.79665 179.961 -3.08702 1.67383 0
60 143.289 2.79665 179.961 -3.09581 1.69549 0
60 142.79 3.15626 179.974 -3.14049 1.71588 0
60 142.79 3.15626 179.974 -3.15696 1.73727 0
60 141.777 3.32148 178.482 -3.19282 1.9226 0
60 141.777 3.32148 178.482 -3.21262 1.97534 0
60 141.908 3.61092 178.7 -3.26226 2.00697 0
60 143.025 3.19959 179.135 -3.24789 2.01582 0
60 143.025 3.19959 179.135 -3.26682 2.05516 0
60 144.169 2.73684 181.925 -3.23394 1.86537 0
60 144.539 2.6395 181.925 -3.23045 1.78728 0
60 144.393 2.40548 180.771 -3.21129 1.88817 0
60 143.4 2.35727 180.176 -3.20673 1.9543 0
60 142.526 3.6338 179.295 -3.32478 2.052 0
60 142.526 3.6338 179.295 -3.35145 2.08788 0
60 142.526 3.6338 179.295 -3.37786 2.1234 0
60 142.526 3.6338 179.295 -3.40453 2.15927 0
60 141.59 10.0512 174.978 -4.10917 2.66007 0
60 141.387 12.6377 173.195 -4.54957 2.97892 0
60 141.324 14.8273 171.864 -5.00276 3.28745 0
60 140.947 16.3161 169.946 -5.4304 3.68908 0
60 138.949 18.1191 166.066 -5.84605 50.1015 0
60 138.949 18.1191 166.066 -6.27432 4.65082 0
60 138.855 19.1972 165.329 -6.72755 5.04932 0
60 138.855 19.1972 165.329 -7.0867 5.38355 0
60 138.855 19.1972 165.329 -7.47401 5.744 0
60 139.693 17.172 167.651 -7.62347 5.83703 0
60 141.421 12.7189 172.606 -7.47147 5.60105 0
60 143.227 5.74013 179.49 -6.95897 5.05656 0
60 144.172 357.288 186.472 -6.11704 4.33263 0
60 143.354 345.816 195.807 -5.2359 3.55348 0
60 143.354 345.816 195.807 -4.46997 2.92567 0
60 143.051 347.918 191.291 -4.32939 3.06721 0
60 142.935 353.558 184.741 -4.59279 3.51173 0
60 142.085 0.478508 179.316 -5.10631 3.98222 0
60 141.187 7.0597 175.183 -5.74253 4.44811 0
60 141.628 11.3717 175.308 -100 1.2963 0
60 143.017 9.29493 179.72 42.0961 -98.3841 0
60 144.487 4.33526 184.156 -5.92919 3.91053 0
60 144.487 4.33526 184.156 -5.9737 3.83725 0
60 145.4 355.751 188.53 -5.09759 3.30148 0
60 145.359 349.908 190.244 -4.34201 2.95992 0
60 144.726 350.136 185.189 -51.8661 95.0607 0
60 144.726 350.136 185.189 -3.75065 3.12192 0
60 142.684 0.472921 179.676 -4.46101 3.55467 0
60 141.674 6.93263 178.278 -5.04069 3.71726 0
60 141.399 10.9024 178.46 -5.52097 3.75734 0
60 142.394 11.1066 179.897 -5.72257 3.67058 0
60 144.079 6.52797 181.872 -5.49219 3.50855 0
60 145.092 0.424194 183.616 -4.99434 3.32183 0
60 145.506 355.023 185.542 -4.41969 3.07179 0
60 145.346 351.744 186.331 -3.9212 2.88683 0
60 145.346 351.744 186.331 -3.6961 2.77352 0
60 145.346 351.744 186.331 -3.45094 2.65012 0
60 143.308 0.0372367 180.977 -4.06888 3.07916 0
60 142.595 4.90533 178.755 -4.51286 3.30469 0
60 142.035 8.44684 177.685 -4.91344 3.45698 0
60 142.491 8.04162 178.487 -5.00587 3.45203 0
60 142.491 8.04162 178.487 -5.13618 3.50934 0
60 144.038 1.14427 182.418 -4.56753 3.16817 0
60 144.596 355.669 185.24 -4.02424 2.87101 0
60 144.596 355.669 185.24 -3.86951 2.77275 0
60 143.97 353.447 185.594 -3.50503 2.64107 0
60 143.97 353.447 185.594 -3.31408 2.54239 0
60 143.033 359.273 181.448 -3.70476 2.85757 0
60 142.537 3.45177 179.476 -4.05544 3.04692 0
60 142.426 6.63356 178.377 -4.39699 3.18834 0
60 142.793 7.09602 178.755 -4.54105 3.2117 0
60 143.781 3.27137 180.82 75.8023 -40.1708 0
60 143.666 3.23501 180.819 -4.31729 3.07872 0
60 143.666 3.23501 180.819 -4.33526 3.08204 0
60 144.13 356.014 185.22 -3.56763 2.60737 0
60 143.859 354.322 186.235 -3.25982 2.40366 0
60 143.859 354.322 186.235 -3.07406 2.29239 0
60 143.06 357.532 183.406 -3.23905 2.47729 0
60 142.577 1.99731 180.192 -3.55743 2.73314 0
60 142.486 4.66461 178.435 -3.80028 2.91699 0
60 142.486 4.66461 178.435 -3.84894 2.97125 0
60 142.486 4.66461 178.435 -3.90145 3.02976 0
60 142.486 4.66461 178.435 -3.94966 3.08349 0
60 143.769 359.945 183.477 -3.53555 2.62778 0
60 144.04 358.989 185.336 -3.38339 2.39962 0
60 144.04 358.989 185.336 -3.31155 2.30736 0
60 144.066 358.909 184.465 -3.23059 2.29714 0
60 143.643 359.684 182.79 -3.23241 2.38361 0
60 143.312 0.764201 180.977 -3.27562 2.52243 0
60 143.299 1.56231 179.673 -3.31915 2.65011 0
60 143.299 1.56231 179.673 -3.30157 2.67792 0
60 143.313 1.99926 180.903 -3.33072 2.57428 0
60 143.449 1.38686 182.386 -3.25521 2.41467 0
60 143.787 0.195697 182.714 -3.12344 2.35413 0
60 143.787 0.195697 182.714 -3.07712 2.31733 0
60 143.665 0.556386 182.714 -3.06579 2.27731 0
60 143.675 1.2757 180.9 -3.10326 2.4338 0
60 143.659 1.77943 179.739 -3.13444 2.55745 0
60 143.541 2.18009 180.717 -3.16154 2.4862 0
60 143.541 2.18009 180.717 -3.15672 2.49219 0
60 143.411 1.30681 180.432 -3.05848 2.52846 0
60 143.299 0.183949 182.353 -2.93103 2.35736 0
60 143.299 0.183949 182.353 -2.88031 2.32531 0
60 143.305 359.929 181.303 -2.80783 2.40076 0
60 143.305 359.929 181.303 -2.75534 2.39374 0
60 143.186 1.2345 181.738 -2.84007 2.34101 0
60 143.186 1.2345 180.789 -2.81548 2.3247 0
60 143.541 2.39786 180.789 -2.91729 2.41182 0
60 143.816 2.15531 181.908 -2.89253 2.30038 0
60 143.913 1.50153 182.055 -2.8223 2.26553 0
60 143.774 1.01878 180.574 -2.75603 2.38782 0
60 143.774 1.01878 180.574 -2.72454 2.39705 0
60 143.183 1.01669 180.942 -2.69513 2.36762 0
60 143.044 1.23339 179.929 -2.68788 2.47113 0
60 143.044 1.23339 179.929 -2.66132 2.49523 0
60 143.186 1.66999 181.159 -2.68319 2.38624 0
60 143.319 1.63681 181.628 -2.66442 2.33304 0
60 143.676 1.23981 181.009 -2.60812 2.38194 0
60 143.804 0.883771 182.095 -2.55064 2.28049 0
60 143.804 0.883771 182.095 -2.51604 2.25445 0
60 143.544 1.09157 180.721 -2.50393 2.36281 0
60 143.544 1.09157 180.721 -2.47628 2.36819 0
60 143.325 2.39946 181.88 -2.57924 2.25633 0
60 143.198 3.0838 181.992 -2.649 2.22565 0
60 143.55 2.79845 181.404 -2.63607 2.26147 0
60 143.815 1.65056 182.707 -2.54064 2.13393 0
60 143.775 0.80857 181.952 17.1454 19.7249 0
60 143.775 0.80857 181.952 -2.4148 2.14008 0
60 143.673 0.765786 180.612 -2.37647 2.26474 0
60 143.319 1.92719 181.483 -2.46107 2.18173 0
60 143.315 2.87035 181.192 -2.5486 2.20086 0
60 143.526 2.83089 180.208 -2.55505 2.29623 0
60 143.914 2.15128 181.544 -2.50353 2.19248 0
60 143.914 2.15128 181.544 -2.49858 2.18044 0
60 144.136 1.3478 180.677 -2.41336 2.2549 0
60 144.136 1.3478 180.677 -2.3912 2.2612 0
60 143.684 1.93334 181.839 -2.4297 2.14387 0
60 143.456 2.65764 181.841 -2.4962 2.125 0
60 143.535 2.50557 180.463 -2.48627 2.24887 0
60 143.535 2.50557 180.463 -2.48883 2.2598 0
60 143.553 2.11054 181.659 -2.44946 2.14399 0
60 143.676 1.85714 180.97 2.44405 16.6306 0
60 143.676 1.85714 180.97 -2.40954 2.19079 0
60 143.692 2.33516 182.453 -2.44776 2.04005 0
60 143.692 2.33516 182.453 -2.44669 2.00817 0
60 143.896 2.61587 180.49 -2.47514 2.18287 0
60 143.896 2.61587 180.49 -2.48007 2.19413 0
60 143.682 2.65765 181.473 -2.48938 2.10028 0
60 143.675 1.893 180.861 -2.42302 2.14764 0
60 143.675 1.893 180.861 -2.41157 2.15007 0
60 143.548 1.16922 182.314 -2.32622 2.00223 0
60 143.685 1.82576 182.165 -2.36455 1.98825 0
60 143.81 2.6973 181.362 -2.43692 2.03926 0
60 143.94 3.50081 181.499 -2.51963 2.01795 0
60 143.94 3.50081 181.499 -2.54346 2.00676 0
60 144.006 3.5589 180.191 -2.57309 2.12608 0
60 143.881 2.90247 179.982 -2.53471 2.16502 0
60 143.676 2.4382 181.04 -2.5003 2.08259 0
60 143.676 2.4382 181.04 -2.50142 2.0812 0
60 143.541 2.18009 180.717 -2.47592 2.11308 0
60 143.558 2.36539 181.985 -2.48964 1.99256 0
60 143.558 2.36539 181.985 -2.48921 1.97099 0
60 143.903 2.29125 180.746 -2.48179 2.06632 0
60 143.903 2.29125 180.746 -2.47979 2.07116 0
60 144.039 2.84216 181.283 -2.53456 2.02098 0
60 144.039 2.84216 181.283 -2.54432 2.0144 0
60 144.032 2.2941 180.744 -2.49649 2.06447 0
60 143.684 1.93334 181.839 -2.46023 1.96626 0
60 143.684 1.93334 181.839 -2.45057 1.9478 0
60 143.672 1.85564 180.608 -2.43316 2.05222 0
60 143.672 1.85564 180.608 -2.42195 2.05998 0
60 143.672 1.85564 180.608 -7.44397 0.347784 0
60 143.541 2.07119 180.681 -2.42125 2.06882 0
60 143.541 2.07119 180.681 -2.41407 2.07552 0
60 143.549 2.10939 181.297 -2.41104 2.02265 0
60 143.549 2.10939 181.297 -2.40462 2.01516 0
60 143.537 2.46967 180.572 -2.43742 2.08647 0
60 143.537 2.46967 180.572 -2.43921 2.09509 0
60 143.537 2.46967 180.572 -2.44115 2.10438 0
60 143.641 3.19474 179.842 -2.5155 2.18658 0
60 143.792 2.76512 180.42 -2.49296 2.15716 0
60 143.792 2.76512 180.42 -2.50107 2.17005 0
60 143.792 2.76512 180.42 -2.50981 2.18283 0
60 143.417 1.81579 181.083 -2.43063 2.13306 0
60 143.415 1.38045 180.939 -2.41834 2.13093 0
60 143.415 1.38045 180.939 -2.35888 2.14426 0
60 143.415 1.38045 180.939 -2.33741 2.14503 0
60 143.673 2.25601 180.86 -2.39999 2.15345 0
60 143.672 2.83674 180.93 -14.6119 0.683101 0
60 143.672 2.83674 180.93 -2.45949 2.15072 0
60 143.553 2.50901 181.549 -2.43648 2.08994 0
60 143.553 2.50901 181.549 -2.43936 2.07659 0
60 143.42 1.9614 181.372 -2.38342 2.08325 0
60 143.42 1.70778 181.409 -2.34905 2.07109 0
60 143.411 2.06858 180.684 -2.36741 2.12839 0
60 143.411 2.06858 180.684 -2.36011 2.13455 0
60 143.541 2.83319 180.933 -2.42498 2.11776 0
60 143.541 2.83319 180.933 -2.4353 2.11882 0
60 143.541 2.83319 180.933 -2.44571 2.11972 0
60 143.547 1.92748 181.117 -2.37205 2.10363 0
60 143.547 1.92748 181.117 -2.36227 2.10061 0
60 143.546 1.60061 181.009 -2.31824 2.10889 0
60 143.546 1.60061 181.009 -2.29999 2.1081 0
60 143.546 1.60061 181.009 -2.28339 2.10738 0
60 143.302 3.0511 180.649 -2.42433 2.14584 0
60 143.302 3.0511 180.649 -2.43841 2.15335 0
60 143.302 3.0511 180.649 -2.45375 2.16032 0
60 143.428 2.69098 180.284 -2.42885 2.20686 0
60 143.428 2.69098 180.284 -2.43537 2.22146 0
60 143.286 3.73908 180.395 -26.9261 -0.337698 0
60 143.286 3.73908 180.395 -2.56483 2.24008 0
60 143.422 4.10582 180.752 -2.63167 2.2155 0
60 143.422 4.10582 180.752 -2.6713 2.22063 0
60 143.652 3.59571 180.456 -2.65264 2.25757 0
60 143.655 3.05158 180.277 -2.62147 2.28759 0
60 143.438 2.98244 180.863 -2.62904 2.24609 0
60 143.438 2.98244 180.863 -2.64277 2.24867 0
60 143.18 3.04759 181.014 -2.66227 2.23547 0
60 143.32 3.23316 181.554 -2.69345 2.18549 0
60 143.32 3.23316 181.554 -2.71156 2.17312 0
60 143.537 2.79616 180.679 -2.68517 2.25167 0
60 143.398 2.39324 180.067 -2.65237 2.32133 0
60 143.045 2.13909 180.473 -2.62896 2.3031 0
60 143.045 2.13909 180.473 -2.62375 2.31382 0
60 142.943 2.68642 180.658 -2.67748 2.30532 0
60 143.214 3.20112 181.303 -2.73816 2.24375 0
60 143.455 3.27445 181.804 -2.76439 2.18597 0
60 143.674 2.58301 180.967 -2.71766 2.24722 0
60 143.543 1.92633 180.754 -2.66257 2.2667 0
60 143.543 1.92633 180.754 -2.65276 2.27141 0
60 143.175 1.63371 180.181 -2.61612 2.3284 0
60 143.175 1.63371 180.181 -2.60006 2.34536 0
60 143.056 2.35569 181.27 -2.65985 2.24782 0
60 143.194 2.79404 181.775 -2.70531 2.18784 0
60 143.445 2.65626 181.117 -2.70077 2.23394 0
60 143.541 2.07119 180.681 10.9609 12.4017 0
60 143.541 2.07119 180.681 -2.64769 2.27598 0
60 143.397 2.10297 179.85 -2.64384 2.37325 0
60 143.171 3.26482 180.724 -29.7787 -18.0144 0
60 143.173 3.77132 181.014 -2.76017 2.32472 0
60 143.173 3.77132 181.014 -2.83398 2.2986 0
60 143.299 2.97845 180.504 -2.78289 2.35127 0
60 143.299 2.97845 180.504 -2.79543 2.36123 0
60 143.304 2.28916 180.396 -2.73943 2.38217 0
60 143.304 2.28916 180.396 -2.73719 2.3955 0
60 143.173 3.66282 180.978 -2.87457 2.34881 0
60 143.303 4.31855 181.191 -2.96609 2.3279 0
70 143.519 4.13472 180.639 -2.99335 2.37601 0
70 143.519 4.13472 180.639 -3.03072 2.38319 0
70 143.519 4.13472 180.639 -3.06809 2.39037 0
70 143.802 2.84029 180.927 -2.98865 2.37148 0
70 143.802 2.84029 180.927 -2.99837 2.37251 0
70 143.449 2.69305 181.37 -2.99314 2.32851 0
70 143.449 2.69305 181.37 -2.99971 2.31946 0
70 143.057 2.79939 179.967 -3.01842 2.46356 0
70 143.045 2.72743 179.461 -3.01978 2.53864 0
70 143.17 3.27426 179.639 -14.5286 -1.18669 0
70 143.141 3.26482 179.638 -3.09372 2.5837 0
70 143.141 3.26482 179.638 -3.11398 2.61422 0
70 143.167 2.79404 180.326 -3.0833 2.57049 0
70 143.302 2.21645 180.251 -3.03437 2.5918 0
70 143.305 1.96237 180.288 -3.00598 2.60511 0
70 143.305 1.96237 180.288 -2.99694 2.61979 0
70 143.301 2.54314 180.36 -3.04175 2.62781 0
70 143.301 2.54314 180.36 -3.04508 2.64082 0
70 143.303 2.72467 180.54 -3.06718 2.63676 0
70 143.303 2.72467 180.54 -3.07435 2.64595 0
70 143.178 1.66999 180.435 -2.97086 2.66645 0
70 143.178 1.34339 180.326 -2.92187 2.69029 0
70 143.178 2.10531 180.579 -2.96881 2.68087 0
70 143.172 2.83027 180.579 -18.2105 2.68931 0
70 143.172 2.83027 180.579 -3.03653 2.69776 0
70 143.189 2.90272 181.449 -3.05352 2.61652 0
70 143.19 2.75781 181.521 -3.04973 2.59882 0
70 143.182 2.35913 180.905 -3.01868 2.64734 0
70 143.182 2.35913 180.905 -3.01812 2.64883 0
70 143.182 2.35913 180.905 -3.01755 2.65032 0
70 143.162 2.6491 180.036 -3.04539 2.73693 0
70 143.162 2.6491 180.036 -3.05146 2.75856 0
70 143.042 2.50131 180.473 -3.04262 2.7358 0
70 143.042 2.50131 180.473 -3.04529 2.74735 0
70 142.217 2.35637 180.563 -3.03431 2.75053 0
70 142.096 2.49232 181.219 -3.04654 2.6973 0
70 142.096 2.49232 181.219 -3.04883 2.69209 0
70 141.713 2.17714 180.028 -3.01792 2.81229 0
70 141.601 2.51146 179.781 -3.04817 2.86016 0
70 141.827 3.088 179.855 -3.10953 2.87819 0
70 142.318 3.23632 179.771 -3.13882 2.91018 0
70 142.318 3.23632 179.771 -3.15841 2.93791 0
70 141.98 2.9372 180.647 -3.1483 2.88079 0
70 141.98 2.9372 180.647 -3.15998 2.88773 0
70 141.98 2.9372 180.647 -3.17176 2.89529 0
70 142.587 2.35636 180.918 -3.12551 2.87481 0
70 142.587 2.35636 180.918 -3.12489 2.87601 0
70 143.438 2.98244 180.863 -3.18668 2.88268 0
70 143.516 3.44628 180.17 -3.24688 2.95444 0
70 143.554 3.56605 180.569 -3.28041 2.93543 0
70 143.554 3.56605 180.569 -3.30563 2.9441 0
70 143.554 3.56605 180.569 -3.3306 2.95278 0
70 142.948 1.96063 180.656 -3.18366 2.95266 0
70 142.458 1.48223 180.987 -3.1245 2.92467 0
70 142.458 1.48223 180.987 -3.1035 2.92436 0
70 142.346 2.17898 180.378 -3.15722 2.98908 0
70 142.344 3.04807 180.675 -3.24537 2.97127 0
70 142.575 3.806 180.925 -3.33916 2.9509 0
70 142.927 3.91831 180.588 -3.38061 2.98446 0
70 143.159 3.96342 179.748 -3.41754 3.07059 0
70 143.132 4.25345 179.242 -3.47844 3.14521 0
70 142.932 4.93821 178.269 -19.5168 25.9039 0
70 142.932 4.93821 178.269 -3.64039 3.33129 0
70 142.494 6.37016 177.679 -3.83872 3.45403 0
70 142.232 7.50889 176.502 -4.03609 3.63361 0
70 142.232 7.50889 176.502 -4.15306 3.73665 0
70 142.03 9.1111 175.114 -4.42515 3.9722 0
70 141.584 10.1732 173.922 -4.67851 4.22066 0
70 141.804 12.1565 173.116 -5.05157 4.45612 0
70 141.625 13.6457 173.027 -5.42591 4.63635 0
70 140.839 14.2877 171.481 -5.72409 4.96506 0
70 140.887 15.054 170.755 -6.05486 5.24037 0
70 141.094 15.3228 169.961 -6.35137 5.53509 0
70 141.008 15.8719 169.169 -6.73135 5.89101 0
70 139.823 16.9157 167.546 -7.14429 6.32197 0
70 139.823 16.9157 167.546 -7.4547 6.60885 0
70 139.579 18.2714 166.297 -7.93501 7.05258 0
70 140.131 17.1468 168.091 -8.15999 7.18405 0
70 142.024 8.75469 174.749 -7.71311 6.85455 0
70 142.946 0.68549 182.283 -7.11458 6.30172 0
70 142.986 352.982 189.65 -6.34637 5.57438 0
70 142.468 347.896 194.557 -5.66536 4.9259 0
70 142.283 346.885 195.328 -5.26047 4.56293 0
70 142.831 350.185 191.407 -5.24078 4.62641 0
70 143.729 356.599 184.796 -5.58534 5.03146 0
70 143.78 4.38401 177.694 -6.22429 5.64544 0
70 143.239 11.4909 171.436 -6.9631 6.32851 0
70 142.462 15.8044 168.375 -7.58011 6.83474 0
70 142.424 15.5438 170.141 -7.86698 6.95498 0
70 142.834 10.8002 174.65 -7.70034 6.76083 0
70 143.012 4.57504 179.716 -7.28079 6.40927 0
70 142.724 358.455 184.558 -6.73881 5.97031 0
70 142.578 354.604 187.625 -6.27107 5.58738 0
70 142.696 353.863 186.653 -6.03618 5.53519 0
70 142.945 356.906 183.074 -6.1351 5.74456 0
70 143.02 1.81442 178.915 -6.47308 6.08527 0
70 142.831 7.40144 174.614 -6.98832 6.54004 0
70 142.669 11.5141 171.852 -7.4895 6.93991 0
70 142.751 13.0874 171.876 -7.83789 7.13439 0
70 143.167 11.7448 173.961 -7.9395 7.13157 0
70 143.493 7.62608 177.075 -7.76747 6.99997 0
70 143.493 7.62608 177.075 -7.87943 7.08327 0
70 143.544 1.67249 180.791 -7.34465 6.76292 0
70 143.48 358.666 182.939 -7.00281 6.53359 0
70 143.487 358.374 182.36 -6.88767 6.54478 0
70 143.31 1.63579 180.541 -7.09908 6.68366 0
70 143.31 1.63579 180.541 -7.08306 6.69292 0
70 143.31 1.63579 180.541 -7.0672 6.7029 0
70 143.31 1.63579 180.541 -7.04993 6.71207 0
70 143.077 9.23831 177.392 -7.84832 7.05898 0
70 143.46 8.18789 178.35 -7.87395 7.03158 0
70 143.46 8.18789 178.35 -8.00763 7.0915 0
70 143.402 4.06844 180.137 -7.69598 6.95837 0
70 143.09 1.81628 181.812 -7.5263 6.82256 0
70 143.09 1.81628 181.812 -7.51415 6.80468 0
70 143.09 1.81628 181.812 -7.50199 6.7868 0
70 143.062 3.56033 180.584 -7.67307 6.89799 0
70 143.206 5.16163 178.695 -7.86595 7.10238 0
70 143.342 5.81626 177.093 -7.9928 7.31639 0
70 143.342 5.81626 177.093 -8.06537 7.39851 0
70 143.478 5.94823 177.735 -8.15831 7.42467 0
70 143.577 5.30305 178.967 -8.1694 7.37084 0
70 143.778 4.36114 180.702 -8.14008 7.24383 0
70 143.911 3.27372 181.428 -8.07927 7.17889 0
70 144.036 2.11396 180.926 -7.99073 7.21575 0
70 143.903 1.7461 180.568 -7.95082 7.24995 0
70 143.903 1.7461 180.568 -7.93609 7.25931 0
70 143.535 2.50557 180.463 -8.00239 7.2791 0
70 143.526 3.33875 180.496 -8.0911 7.28651 0
70 143.655 3.66871 180.6 -8.14441 7.28638 0
70 143.655 3.66871 180.6 -8.17397 7.295 0
70 143.757 2.82859 180.202 -8.11022 7.34642 0
70 143.757 2.82859 180.202 -8.11959 7.36277 0
70 145.118 3.8706 181.456 -8.23891 7.24668 0
70 145.51 4.72609 181.825 -8.36444 7.1969 0
70 146.039 5.49435 183.236 -8.49243 7.03507 0
70 146.039 5.49435 183.236 -8.55885 6.98724 0
70 148.086 5.92742 183.485 -8.67436 6.90982 0
70 148.155 4.61934 182.629 -8.61943 6.94164 0
70 147.04 2.60029 181.725 -8.46601 6.9964 0
70 144.853 0.402638 180.248 -8.26731 7.11716 0
70 142.817 359.456 179.817 -13.8932 7.17324 0
70 141.359 359.848 180.432 -8.10898 7.14084 0
70 140.999 1.09241 181.723 -8.16962 7.03283 0
70 141.278 2.35385 182.647 -8.25683 6.93274 0
70 141.42 3.66429 182.738 -38.8683 6.88564 0
70 141.801 4.67989 183.319 -8.49518 6.79506 0
70 141.801 4.67989 183.319 -8.54371 6.74548 0
70 144.201 2.80213 184.76 -8.41558 6.55861 0
70 145.301 359.951 185.147 -8.15069 6.43415 0
70 145.865 357.042 185.687 -7.82347 6.294 0
70 145.672 355.421 185.427 -7.55629 6.21789 0
70 144.866 355.38 184.312 -7.40231 6.2252 0
70 143.63 356.894 183.927 -7.389 6.18827 0
70 142.475 358.451 184.195 -7.42148 6.10516 0
70 141.547 359.179 184.082 -22.6467 8.40323 0
70 141.547 359.179 184.082 -7.33233 5.9735 0
70 143.019 357.487 184.962 -7.10479 5.82724 0
70 144.052 356.363 185.208 -6.8949 5.7184 0
70 144.992 355.824 184.816 -6.71856 5.66449 0
70 144.992 355.824 184.816 -6.56739 5.576 0
70 144.992 355.824 184.816 -6.42722 5.49395 0
70 144.278 358.116 183.969 -6.53217 5.50245 0
70 143.628 359.176 182.864 -6.5541 5.55639 0
70 142.44 359.577 183.364 -6.51945 5.46392 0
70 142.418 359.607 184.343 -6.46244 5.31443 0
70 143.109 359.998 186.162 -6.4409 5.06393 0
70 144.529 1.47118 187.447 -6.5345 4.827 0
70 145.538 4.1119 188.475 -6.77743 4.57368 0
70 146.449 7.56912 188.763 -7.15946 4.38469 0
70 147.568 12.1042 189.167 -7.72308 4.16567 0
70 147.568 12.1042 189.167 -7.92867 3.99238 0
70 148.652 16.3132 188.565 -8.56353 3.87852 0
70 149.894 17.7594 190.203 -9.00321 3.5416 0
70 149.112 18.0178 190.533 -9.38599 3.31019 0
70 149.112 18.0178 190.533 -9.71994 3.106 0
70 146.749 13.231 188.897 -9.59306 3.05931 0
70 145.428 6.32641 185.574 -9.16745 3.20135 0
70 144.22 357.288 180.931 -8.34926 3.56659 0
70 143.267 348.873 177.026 -7.40033 3.95739 0
70 142.46 343.229 174.4 -6.5121 4.31631 0
70 142.46 344.152 175.623 -27.64 -24.0989 0
70 138.353 350.413 179.303 -100 4.14924 0
70 138.49 358.481 183.346 -6.78756 3.81017 0
70 140.463 5.81686 186.234 -7.39074 3.48179 0
70 140.463 5.81686 186.234 -7.46404 3.36943 0
70 146.143 11.2721 184.039 -8.06828 3.45957 0
70 148.087 7.97556 180.967 -7.93641 3.69505 0
70 148.886 2.34064 178.035 -7.5039 3.98239 0
70 148.039 356.331 176.564 -6.90416 4.19663 0
70 145.958 351.881 176.674 -6.33399 4.27903 0
70 142.95 350.14 178.271 -5.93627 4.21148 0
70 139.869 351.862 180.817 -5.82997 4.01104 0
70 137.951 356.451 182.812 -6.08966 3.81161 0
70 138.447 1.63786 183.44 -6.48943 3.71771 0
70 142.678 8.20728 181.197 -7.08112 3.86833 0
70 145.353 9.13625 178.519 -7.28186 4.11227 0
70 147.158 7.91991 176.349 -7.31333 4.37246 0
70 147.965 5.39407 175.82 -7.19082 4.52432 0
70 147.488 3.25152 176.649 -7.04333 4.54581 0
70 146.268 1.95287 178.317 -6.93699 4.47857 0
70 144.872 1.63348 179.795 -6.89593 4.39027 0
70 143.178 2.2141 180.616 -6.93641 4.3336 0
70 141.826 3.19627 179.893 -7.02895 4.4121 0
70 141.11 4.03676 177.534 -7.1242 4.65387 0
70 141.5 4.27105 175.782 -7.18791 4.90832 0
70 142.321 4.32093 175.173 -7.23299 5.07792 0
70 143.214 4.32713 175.759 -7.27817 5.1562 0
70 143.214 4.32713 175.759 -7.31924 5.26653 0
70 144.127 4.44677 177.462 -7.37307 5.21563 0
70 143.944 4.01905 178.776 -7.37829 5.15953 0
70 143.944 4.01905 178.776 -7.41284 5.20604 0
70 143.236 2.79493 178.151 -7.32784 5.31425 0
70 143.236 2.79493 178.151 -7.33727 5.37989 0
70 142.49 2.95385 177.735 -7.36227 5.48256 0
70 142.49 2.95385 177.735 -7.37429 5.55178 0
70 142.949 4.46845 178.232 -42.7677 5.56442 0
70 142.949 4.46845 178.232 -7.56944 5.63915 0
70 143.231 4.54636 178.731 -7.62648 5.64775 0
70 143.203 3.9542 178.295 -7.61355 5.73926 0
70 143.203 3.9542 178.295 -7.64706 5.79652 0
70 143.203 3.9542 178.295 -7.68025 5.85321 0
70 143.192 3.73667 177.86 -7.6928 5.96206 0
70 143.17 3.95352 177.57 -7.74478 6.05978 0
70 143.341 4.10169 178.581 -7.79331 6.02993 0
70 143.367 3.74024 178.943 -7.79389 6.0487 0
70 143.374 3.01439 178.583 -7.75279 6.12759 0
70 143.374 3.01439 178.583 -7.76622 6.17869 0
70 143.28 2.68747 179.563 -7.74537 6.12709 0
70 143.252 2.75911 178.622 -7.75834 6.24734 0
70 143.252 2.75911 178.622 -7.76695 6.29715 0
70 143.148 2.90272 179.638 -7.78938 6.24646 0
70 143.148 2.90272 179.638 -7.80032 6.27474 0
70 143.244 3.01288 178.585 -7.8234 6.41218 0
70 143.244 3.01288 178.585 -7.8368 6.46323 0
70 143.245 3.4843 178.983 -7.89615 6.47489 0
70 143.348 3.48524 178.256 -7.92178 6.58981 0
70 143.348 3.48524 178.256 -7.94527 6.64789 0
70 143.404 3.85104 180.065 -8.0049 6.52898 0
70 143.409 3.70628 180.138 -8.02203 6.54129 0
70 143.397 3.01577 179.307 -7.98377 6.64057 0
70 143.397 3.01577 179.307 -7.99711 6.67586 0
70 143.074 2.58073 180.618 -7.96645 6.57841 0
70 143.145 2.54038 179.276 -7.96696 6.70833 0
70 143.145 2.54038 179.276 -7.97027 6.74708 0
70 143.264 4.02806 179.888 -8.1146 6.72589 0
70 143.264 4.02806 179.888 -8.14935 6.74889 0
70 143.499 5.4789 177.7 -8.32203 6.97926 0
70 143.499 5.4789 177.7 -8.39308 7.0547 0
70 143.68 4.89326 178.709 -8.40411 7.02948 0
70 143.818 3.3264 178.313 -8.31504 7.11391 0
70 143.818 3.3264 178.313 -8.33494 7.17022 0
70 143.416 1.0186 181.302 45.5538 -62.5893 0
70 143.183 0.907772 181.63 -5.53294 -0.699757 0
70 143.183 0.907772 181.63 -8.08043 6.91543 0
70 143.053 0.942073 181.16 -8.05253 6.95167 0
70 143.053 0.942073 181.16 -8.01928 6.9474 0
70 143.173 1.2708 179.819 -8.01892 7.0675 0
70 143.288 1.45262 178.913 -8.01196 7.17623 0
70 143.41 1.88699 180.503 -8.02973 7.07972 0
70 143.547 2.29013 181.115 -17.4366 -7.21696 0
70 143.547 2.29013 181.115 -8.05299 7.03219 0
70 143.672 2.29186 180.751 -8.05115 7.06818 0
70 143.672 2.29186 180.751 -8.049 7.0733 0
70 143.541 2.50672 180.825 -8.06993 7.07017 0
70 143.527 2.21372 179.884 -8.04327 7.16727 0
70 143.527 2.21372 179.884 -8.03932 7.19239 0
70 143.19 1.74257 181.666 -7.98535 7.02551 0
70 143.085 1.26976 182.717 -7.91903 6.89529 0
70 143.176 0.617297 182.499 -7.82788 6.88051 0
70 143.169 0.544679 183.079 -7.783 6.79384 0
70 143.169 0.544679 183.079 -7.74368 6.74888 0
70 143.414 1.56133 180.757 -7.80638 6.94049 0
70 143.52 2.39442 179.703 -7.87474 7.05394 0
70 143.529 3.52024 180.677 -7.98945 6.98229 0
70 143.672 3.81618 181.251 -8.04293 6.9313 0
70 143.539 2.76027 180.788 -7.97653 6.96868 0
70 143.539 2.76027 180.788 -7.98454 6.97267 0
70 143.092 1.74284 182.391 -7.88565 6.8082 0
70 142.951 1.52436 180.872 -7.85207 6.91611 0
70 142.937 2.36095 180.186 -7.91106 6.98189 0
70 142.945 3.30194 180.985 -7.99619 6.9262 0
70 142.945 3.30194 180.985 -8.01596 6.92599 0
70 143.418 2.90821 179.994 -7.99993 7.01923 0
70 143.418 2.90821 179.994 -8.01099 7.03996 0
70 143.319 1.45538 181.809 -7.87712 6.87976 0
70 143.319 0.549856 181.265 -7.85725 6.86194 0
70 143.543 0.548681 181.266 -7.73542 6.90258 0
70 143.19 1.52485 181.956 -7.78978 6.82987 0
70 143.093 2.54291 181.813 -7.86599 6.82219 0
70 143.175 2.68534 180.652 -7.88256 6.91247 0
70 143.297 2.28882 180.034 -7.85277 6.97672 0
70 143.297 2.28882 180.034 -7.85072 6.99662 0
70 143.306 2.14406 180.469 -7.83372 6.97188 0
70 143.535 2.28784 180.391 -7.84144 6.99083 0
70 143.45 2.43894 181.407 -7.85311 6.91104 0
70 143.321 2.50799 181.554 -7.85425 6.9018 0
70 143.178 2.2141 180.616 -0.997607 28.807 0
70 143.178 2.2141 180.616 -7.83278 6.96839 0
70 143.075 1.81811 180.364 -7.78676 7.00338 0
70 143.075 1.81811 180.364 -7.77476 7.01629 0
70 143.187 1.88769 181.231 -9.3868 -13.225 0
70 143.187 1.88769 181.231 -7.75725 6.94776 0
70 143.333 2.69023 182.46 -7.83234 6.81082 0
70 143.469 3.23976 182.637 -7.8983 6.7574 0
70 143.591 3.42527 182.089 -7.93563 6.77851 0
70 143.559 2.8725 181.91 -7.90567 6.77156 0
70 143.452 2.25766 181.588 -7.86023 6.78084 0
70 143.452 2.25766 181.588 -7.85707 6.76568 0
70 143.452 2.25766 181.588 -7.8541 6.75141 0
70 143.331 2.61755 182.315 -7.88769 6.66351 0
70 143.331 2.61755 182.315 -7.89265 6.63488 0
70 143.321 2.14509 181.555 -7.84718 6.6874 0
70 143.321 2.14509 181.555 -7.84165 6.67404 0
80 143.189 1.59743 181.738 -7.77376 6.63789 0
80 143.189 1.59743 181.738 -7.75709 6.62174 0
80 143.092 1.74238 182.754 -7.75479 6.49179 0
80 143.199 0.981934 183.947 -7.65815 6.32356 0
80 143.241 359.35 184.131 -7.47375 6.24264 0
80 143.241 359.35 184.131 -7.40381 6.16993 0
80 143.241 359.35 184.131 -7.33895 6.1025 0
80 143.29 0.111809 182.933 -7.34476 6.14611 0
80 143.315 1.01958 182.027 -7.37529 6.1844 0
80 143.315 1.01958 182.027 -7.34811 6.16347 0
80 143.424 2.07099 181.771 -7.43255 6.16731 0
80 143.674 2.47403 180.931 -7.46659 6.23545 0
80 143.674 2.47403 180.931 -7.46878 6.23653 0
80 143.413 0.912116 182.353 -7.31181 6.09051 0
80 143.171 0.145222 182.101 -7.20677 6.08228 0
80 143.171 0.145222 182.101 -7.15516 6.0583 0
80 143.171 0.145222 182.101 -7.1073 6.03448 0
80 142.46 1.3713 181.312 -7.18805 6.09261 0
80 142.343 2.4335 180.344 -7.27629 6.18727 0
80 142.343 2.4335 180.344 -7.27732 6.20061 0
80 142.221 2.93294 181.002 -7.33082 6.1449 0
80 142.365 2.31378 181.755 -7.27965 6.06646 0
80 142.365 2.31378 181.755 -7.278 6.0498 0
80 142.365 2.31378 181.755 -7.27648 6.03313 0
80 142.714 0.860507 182.828 -7.12985 5.90937 0
80 142.591 1.62833 181.276 -7.16864 6.01608 0
80 142.591 1.62833 181.276 -7.15263 6.00972 0
80 142.09 3.57851 181.229 -7.33834 6.00806 0
80 141.988 4.233 181.457 -7.4304 5.97943 0
80 142.087 2.96636 180.897 -7.35341 6.02116 0
80 142.087 2.96636 180.897 -7.36582 6.02281 0
80 142.087 2.96636 180.897 -7.37823 6.02446 0
80 142.214 359.807 181.266 -7.08652 5.99012 0
80 142.09 0.322247 180.474 -7.07615 6.06012 0
80 141.964 1.69331 181.068 -7.16149 6.01471 0
80 141.988 2.93329 181.009 -7.26167 6.01823 0
80 141.988 2.93329 181.009 -7.27429 6.01745 0
80 142.213 3.04446 180.678 -7.29688 6.04916 0
80 142.452 2.21003 180.63 -7.2322 6.06004 0
80 142.221 1.52174 180.52 -7.16594 6.07749 0
80 142.221 1.52174 180.52 -7.14586 6.08797 0
80 141.865 1.65327 181.54 -7.13961 6.0031 0
80 142.004 2.08302 182.412 -7.163 5.91185 0
80 142.004 2.08302 182.412 -7.15654 5.88115 0
80 142.458 2.85869 181.213 -7.22695 5.9674 0
80 142.812 3.0089 180.77 -7.25152 6.00498 0
80 142.812 3.0089 180.77 -7.26483 6.00935 0
80 142.69 2.94489 179.904 -7.27132 6.10611 0
80 142.352 2.93675 180.999 -7.09413 -19.4478 0
80 142.237 2.34397 182.011 -7.29537 6.03285 0
80 142.237 2.34397 182.011 -7.24268 5.92043 0
80 142.228 2.92984 181.365 -7.29808 5.96064 0
80 142.228 2.92984 181.365 -7.3096 5.95231 0
80 142.334 3.37639 180.424 -7.3654 6.03618 0
80 142.3 3.49314 179.375 -7.39594 6.14738 0
80 142.3 3.49314 179.375 -7.42169 6.18156 0
80 142.3 3.49314 179.375 -7.44512 6.21573 0
80 141.427 6.385 178.101 -7.77077 6.3807 0
80 141.554 7.273 176.944 -7.95454 6.56632 0
80 141.636 8.47816 175.896 -8.18256 6.75991 0
80 141.554 9.94795 174.579 -8.45421 6.99517 0
80 141.626 10.8215 173.775 -8.69675 7.20636 0
80 141.626 10.8215 173.775 -8.89111 7.37223 0
80 141.301 14.4544 172.969 -93.9378 26.3582 0
80 140.668 15.8673 172.296 -42.6588 23.4863 0
80 139.743 16.6339 170.94 -10.1396 8.13959 0
80 139.686 16.7947 170.134 -10.4885 8.44836 0
80 139.686 16.7947 170.134 -10.7993 8.68223 0
80 140.085 16.7942 168.968 -11.1101 9.03882 0
80 140.085 16.7942 168.968 -11.4209 9.29783 0
80 141.042 14.4773 171.28 -11.4879 9.31343 0
80 141.832 11.4005 173.835 -11.4196 9.24936 0
80 142.373 6.3296 177.793 -11.0726 8.98067 0
80 142.92 357.123 183.871 -10.5956 8.65721 0
80 143.113 355.709 183.767 27.0246 10.827 0
80 143.113 355.709 181.995 -9.85803 8.32781 0
80 143.244 357.641 181.994 -9.92523 8.46076 0
80 143.387 2.06945 178.15 -10.2966 8.84986 0
80 142.587 10.6521 170.472 -10.8073 9.42305 0
80 142.587 10.6521 170.472 -11.3353 9.92874 0
80 142.454 12.5128 170.12 -11.7147 10.1952 0
80 142.705 11.0853 171.708 -11.7847 10.2645 0
80 143.18 7.41994 174.481 -11.5893 10.1757 0
80 143.333 3.95632 178.291 -11.3336 9.91523 0
80 143.314 1.74511 180.94 -11.1306 9.68933 0
80 143.408 2.32576 179.199 -11.1696 9.84814 0
80 143.339 5.04011 176.837 -11.4154 10.1019 0
80 143.071 8.34331 173.943 -88.6367 77.7951 0
80 142.69 10.4742 171.019 -12.091 10.8688 0
80 142.38 11.0429 170.127 -12.3189 11.1667 0
80 142.557 10.0756 172.603 -12.4212 11.1798 0
80 142.737 7.75873 175.344 -12.3778 11.1126 0
80 142.918 4.72201 177.834 58.4637 -46.9286 0
80 143.036 2.39304 180.075 42.197 -41.2581 0
80 143.049 1.95775 180.654 -12.0007 10.9 0
80 143.049 1.95775 180.654 -11.9533 10.8565 0
80 143.206 3.55582 175.498 -12.1021 11.1441 0
80 143.21 6.10127 175.498 -12.3243 11.4841 0
80 143.013 8.84638 173.869 -12.5638 11.7796 0
80 143.064 10.4918 173.314 -12.7074 11.9903 0
80 143.064 10.4918 173.314 -12.7074 12.1572 0
80 143.485 8.51151 175.913 -12.5346 12.0558 0
80 143.78 6.35774 178.699 -12.3466 11.8722 0
80 144.001 4.43654 179.752 -12.179 11.8107 0
80 143.872 3.19124 179.835 -12.0703 11.8286 0
80 143.872 3.19124 179.835 -12.0703 11.8534 0
80 143.344 7.11606 176.432 -12.0703 11.8782 0
80 143.129 8.84947 174.956 -52.9023 46.7623 0
80 143.256 9.60834 175.561 -12.5641 12.5253 0
80 143.256 9.60834 175.561 -12.6303 12.4724 0
80 143.561 8.67183 177.172 -12.5486 12.3319 0
80 143.87 7.01055 178.544 -12.4036 12.2121 0
80 144.272 4.33255 180.793 -12.1699 12.0159 0
80 144.272 4.33255 180.793 -12.1699 12.0159 0
80 144.636 3.352 180.465 -12.0843 12.0445 0
80 144.414 4.52294 178.682 -12.1865 12.2001 0
80 144.414 4.52294 178.682 -12.1865 12.2001 0
80 144.13 7.64412 177.648 -12.4589 12.2903 0
80 144.13 7.64412 177.648 -12.4589 12.2903 0
80 144.866 7.00023 179.207 -12.4027 12.1543 0
80 145.755 7.23814 182.232 -12.4235 11.8719 0
80 146.639 8.93762 184.6 -12.5718 11.6036 0
80 146.639 8.93762 184.6 -12.5718 11.5238 0
80 147.443 12.8061 183.751 -12.9094 11.5314 0
80 148.435 14.667 183.085 -13.0718 11.5346 0
80 148.249 15.8989 182.622 -13.1793 11.5325 0
80 148.178 17.7538 183.883 -13.3411 11.3765 0
80 149.319 19.1762 186.026 -13.4653 11.1184 0
80 150.151 20.1828 187.351 -13.5531 10.871 0
80 150.234 20.5635 187.799 -13.5863 10.6891 0
80 149.955 20.8803 187.717 -20.249 12.2759 0
80 149.982 19.2973 185.747 -13.619 10.3998 0
80 148.084 15.8953 183.123 65.9887 71.774 0
80 146.259 10.4399 179.684 100 90.9803 0
80 144.515 4.78265 175.991 -12.2092 11.3238 0
80 143.246 0.0326468 174.095 -11.7824 11.6176 0
80 143.246 0.0326468 174.095 -11.7306 11.7674 0
80 141.264 358.187 175.476 -11.4868 11.7895 0
80 140.968 0.976456 178.279 -11.6858 11.6154 0
80 141.488 4.64487 180.649 -12.0311 11.4287 0
80 142.58 7.94503 181.602 -12.4234 11.3371 0
80 142.58 7.94503 181.602 -12.4852 11.3247 0
80 144.711 10.2273 179.757 -12.6843 11.5101 0
80 145.682 7.17205 175.486 -11.2622 12.3111 0
80 145.57 5.03538 175.436 -12.2312 12.1098 0
80 145.088 3.79845 177.108 13.783 -26.821 0
80 145.088 4.05723 179.009 -12.1233 12.1648 0
80 143.896 4.87199 180.622 -12.1461 12.0421 0
80 143.896 4.87199 180.622 -12.217 11.909 0
80 143.048 5.9615 180.66 -12.3121 11.9127 0
80 142.448 6.39463 179.024 -12.3499 12.0949 0
80 142.231 6.31247 177.187 -12.3427 12.3305 0
80 142.044 5.95689 176.103 -12.3117 12.4251 0
80 142.044 5.95689 176.103 -12.3117 12.4251 0
80 142.769 5.99792 178.026 -12.3152 12.2574 0
80 143.093 5.95139 179.568 -12.3112 12.1228 0
80 143.259 5.66831 180.069 -12.2865 12.0791 0
80 143.358 5.36882 179.845 -11.858 12.1466 0
80 143.358 5.36882 179.845 -12.2603 12.0986 0
80 143.313 5.96071 178.834 -12.312 12.1869 0
80 143.227 6.60825 177.965 -12.3685 12.2627 0
80 143.237 7.27707 178.185 -12.4269 12.2435 0
80 143.237 7.27707 178.185 -12.4269 12.2435 0
80 143.267 6.06789 178.146 15.8178 13.138 0
80 143.274 5.22123 178.108 -12.3214 12.2468 0
80 143.274 5.22123 178.108 -12.2475 12.2502 0
80 143.299 4.71581 178.181 -12.2034 12.2438 0
80 143.299 4.71581 178.181 -12.2034 12.2438 0
80 143.298 5.29435 178.615 -12.2538 12.206 0
80 143.297 6.03255 178.617 -12.3183 12.2058 0
80 143.278 6.5013 178.652 -12.3592 12.2027 0
80 143.379 6.43275 178.14 -12.3532 12.2474 0
80 143.379 6.43275 178.14 -12.3532 12.2474 0
80 143.428 6.32627 178.827 -12.3439 12.1874 0
80 143.428 6.32627 178.827 -12.3439 12.1874 0
80 143.428 6.32627 178.827 -12.3439 12.1874 0
80 143.71 5.48873 179.142 7.21975 5.56126 0
80 143.71 5.48873 179.142 -12.2708 12.1599 0
80 143.71 5.48873 179.142 -12.2708 12.1599 0
80 143.662 6.49853 178.993 -35.8581 15.6507 0
80 143.662 6.49853 178.993 -12.3589 12.1729 0
80 143.541 5.77129 178.64 4.62812 20.4215 0
80 143.541 5.77129 178.64 -12.2955 12.2038 0
80 143.424 5.22538 178.466 -12.2478 12.219 0
80 143.545 4.79281 177.956 -12.2101 12.2634 0
80 144.637 2.49742 176.706 -12.0098 12.3725 0
80 145.927 0.064858 176.665 -11.7596 12.3761 0
80 146.701 357.393 176.709 -11.4322 12.3723 0
80 147.025 355.316 175.986 -11.1009 12.4353 0
80 147.365 352.572 175.137 -10.6508 12.5147 0
80 147.543 349.067 175.137 -10.0549 12.5095 0
80 147.724 346.488 176.082 -9.46165 12.4269 0
80 146.062 351.195 176.952 -9.58867 12.3511 0
80 143.899 359.882 178.516 -10.2098 12.2146 0
80 142.186 10.0235 180.158 -11.1926 12.0713 0
80 141.582 17.9726 181.391 -12.1985 11.9568 0
80 142.195 21.7134 181.107 -12.8963 11.9776 0
80 143.663 18.7903 178.638 -13.0289 12.204 0
80 144.971 12.0673 176.206 -12.715 12.4161 0
80 146.354 3.69401 175.726 -12.0745 12.458 0
80 146.969 356.931 176.222 -11.415 12.4147 0
80 146.511 353.45 177.07 -10.9356 12.3408 0
80 145.002 354.895 178.631 -10.8891 12.2045 0
80 143.309 359.891 180.326 -11.253 12.0566 0
80 141.815 6.52272 180.802 -11.8968 12.0151 0
80 141.057 12.3442 180.341 -12.6129 12.0553 0
80 141.254 15.9135 178.514 -13.1805 12.2148 0
80 142.066 15.2558 176.098 -13.1231 12.4256 0
80 143.179 11.8179 174.349 -12.8231 12.5782 0
80 145.625 2.2203 176.729 -12.3769 12.5292 0
80 145.625 2.2203 176.729 -11.982 12.3705 0
80 145.956 359.848 179.714 -11.7236 12.11 0
80 145.032 3.45032 182.046 -11.7681 11.9104 0
80 144.105 6.61466 180.454 -85.945 45.3474 0
80 143.212 8.9321 177.524 -12.3691 12.0184 0
80 142.494 9.83976 175.085 -12.5713 12.3011 0
80 142.58 9.03308 173.731 -12.6582 12.5119 0
80 142.473 9.42928 173.731 -12.6147 12.6321 0
80 143.328 7.25975 176.359 -12.4254 12.4028 0
80 144.027 6.27816 178.902 -12.3397 12.1809 0
80 144.611 5.5276 180.8 -12.2742 12.0152 0
80 144.611 5.5276 180.8 -12.2742 12.0152 0
80 144.951 4.8305 179.961 -12.2134 12.0884 0
80 144.849 5.27258 178.181 -12.2519 12.2438 0
80 144.875 5.91701 176.578 -12.3082 12.3837 0
80 144.875 5.91701 176.578 -12.3082 12.3837 0
80 144.738 7.08129 177.434 -12.4098 12.309 0
80 144.619 7.07845 179.005 -12.4095 12.1719 0
80 144.454 6.35975 180.111 -12.3468 12.0754 0
80 144.454 6.35975 180.111 -12.3468 12.0754 0
80 144.384 4.47783 180.353 -12.1826 12.0543 0
80 144.335 4.20505 179.667 -12.1588 12.1142 0
80 144.408 4.84937 178.787 -27.209 32.6677 0
80 144.408 4.84937 178.787 -12.215 12.191 0
80 144.408 4.84937 178.787 -12.215 12.191 0
80 144.408 4.84937 178.787 -12.215 12.191 0
80 144.115 6.45846 178.352 -12.3554 12.2288 0
80 143.786 6.4307 178.843 -12.353 12.186 0
80 143.786 6.4307 178.843 -12.353 12.186 0
80 143.786 6.4307 178.843 -12.353 12.186 0
80 144.042 5.91743 178.905 -12.3082 12.1806 0
80 144.042 5.91743 178.905 -12.3082 12.1806 0
80 143.988 6.05548 178.108 -12.3203 12.2502 0
80 143.953 6.19633 177.673 -12.3326 12.2882 0
80 144.1 6.42016 178.1 -12.3326 12.2882 0
80 144.1 6.42016 178.1 -12.3521 12.2509 0
80 144.1 6.42016 178.1 -12.3521 12.2509 0
80 143.878 5.58242 178.08 -12.279 12.2526 0
80 143.669 5.14581 178.671 -12.2409 12.201 0
0 143.669 5.14581 178.671 -72.5111 60.5152 0
