H_VAL   H_STEP_SIZE 70 0.1
ROLL KP KI KD 5 20 15
PITCH KP KI KD 5 20 15
YAW KP KI KD 0 0 0
70 170.787 4.68039 181.986 -0.213889 -0.0946476 0
70 170.787 4.68039 181.986 -0.301207 -0.133142 0
70 170.787 4.68039 181.986 -0.382116 -0.168459 0
70 170.787 4.68039 181.986 -0.470235 -0.207307 0
70 170.787 4.68039 181.986 -0.550343 -0.242623 0
70 170.554 4.56012 181.987 -0.619127 -0.279012 0
70 170.554 4.56012 181.987 -0.701869 -0.317864 0
70 171.016 4.57247 181.968 -0.780776 -0.351633 0
70 171.016 4.57247 181.968 -0.857881 -0.386296 0
70 171.109 4.47488 181.613 -0.929858 -0.385634 0
70 171.109 4.47488 181.613 -1.00691 -0.408365 0
70 170.775 4.47081 181.74 -1.08157 -0.445766 0
70 170.775 4.47081 181.74 -1.15581 -0.473004 0
70 170.775 4.47081 181.74 -1.23006 -0.500242 0
70 171.113 4.11527 181.815 -1.27761 -0.537819 0
70 171.113 4.11527 181.815 -1.33682 -0.567726 0
70 171.096 4.03698 181.349 -1.391 -0.554208 0
70 171.096 4.03698 181.349 -1.45499 -0.564936 0
70 171.096 4.03698 181.349 -1.51437 -0.578265 0
70 171.222 3.89875 181.679 -1.56005 -0.624395 0
70 171.222 3.89875 181.679 -1.61446 -0.649703 0
70 171.222 3.89875 181.679 -1.66834 -0.678671 0
70 171.208 3.58287 181.31 -1.69191 -0.661078 0
70 171.208 3.58287 181.31 -1.73496 -0.673119 0
70 171.208 3.58287 181.31 -1.7776 -0.685043 0
70 171.438 3.47288 181.294 -1.80874 -0.69536 0
70 171.438 3.47288 181.294 -1.84784 -0.706828 0
70 171.438 3.47288 181.294 -1.88694 -0.719298 0
70 171.438 3.47288 181.294 -1.92869 -0.730655 0
70 171.438 3.47288 181.294 -1.96779 -0.742012 0
70 171.43 3.26154 181.048 -1.98527 -0.728371 0
70 171.43 3.26154 181.048 -2.01677 -0.731013 0
70 171.43 3.26154 181.048 -2.05071 -0.73386 0
70 171.43 3.26154 181.048 -2.08191 -0.736476 0
70 171.535 3.98276 180.639 -2.11341 -0.739117 0
70 171.535 3.98276 180.639 -2.23377 -0.691359 0
70 171.53 3.42011 180.483 -2.23189 -0.662792 0
70 171.647 2.84096 180.552 -2.21511 -0.651735 0
70 171.647 2.84096 180.552 -2.23149 -0.635188 0
70 171.655 2.81579 180.894 -2.24672 -0.654994 0
70 171.655 2.81579 180.894 -2.26204 -0.652117 0
70 171.655 2.81579 180.894 -2.27752 -0.649212 0
70 171.638 3.32376 180.243 -2.29299 -0.646307 0
70 171.638 3.32376 180.243 -2.37105 -0.56314 0
70 171.638 3.32376 180.243 -2.40708 -0.535026 0
70 171.976 2.97422 180.209 -2.40092 -0.504817 0
70 171.976 2.97422 180.209 -2.42209 -0.477269 0
70 171.872 2.82669 180.66 -2.4292 -0.493143 0
70 171.872 2.82669 180.66 -2.44506 -0.481841 0
70 171.872 2.82669 180.66 -2.46077 -0.470648 0
70 171.851 3.59523 179.682 -2.54869 -0.367664 0
70 171.851 3.59523 179.682 -2.59218 -0.321168 0
70 172.18 3.82945 179.457 -2.66365 -0.247854 0
70 172.18 3.82945 179.457 -2.71507 -0.193829 0
70 172.188 3.81389 179.686 -2.76593 -0.161556 0
70 172.188 3.81389 179.686 -2.81679 -0.115667 0
70 172.048 4.22324 178.915 -2.91887 0.0222684 0
70 172.128 4.72663 178.257 -3.04035 0.168871 0
70 172.128 4.72663 178.257 -3.12289 0.264687 0
70 172.299 5.46986 177.38 -3.281 0.459463 0
70 172.299 5.46986 177.38 -3.39836 0.586489 0
70 172.346 5.40945 178.293 -3.502 0.621044 0
70 172.158 5.12835 179.087 -3.5817 0.643448 0
70 172.158 5.12835 179.087 -3.68702 0.70999 0
70 172.19 4.96762 179.764 -3.77545 0.711325 0
70 172.19 4.96762 179.764 -3.86739 0.754419 0
70 172.33 5.65235 178.08 -4.03557 0.985075 0
70 172.422 5.9015 177.747 -4.17832 1.13415 0
70 172.552 5.77192 177.962 -4.30207 1.22833 0
70 172.552 5.77192 177.962 -4.42146 1.33454 0
70 172.633 5.22083 179.417 -4.48894 1.30164 0
70 172.54 5.07655 179.871 -4.5849 1.31824 0
70 172.54 5.07655 179.871 -4.68072 1.35753 0
70 172.383 5.13614 178.963 -4.78369 1.50587 0
70 172.372 5.15126 178.735 -4.88335 1.60981 0
70 172.686 5.41469 178.163 -5.0141 1.74283 0
70 172.686 5.41469 178.163 -5.1209 1.84195 0
70 172.976 5.31319 179.522 -5.2282 1.81621 0
70 172.976 5.31319 179.522 -5.33245 1.86794 0
70 172.976 5.31319 179.522 -5.43567 1.91917 0
70 172.976 5.31319 179.522 -5.54808 1.97496 0
70 172.976 5.31319 179.522 -5.6605 2.03075 0
70 172.862 4.5225 179.363 -5.6698 2.10154 0
70 172.862 4.5225 179.363 -5.75185 2.16342 0
70 173.004 4.7089 180.058 -5.85652 2.14435 0
70 173.004 4.7089 180.058 -5.93843 2.17667 0
70 172.756 4.50788 179.596 -6.00004 2.25785 0
70 172.756 4.50788 179.596 -6.07487 2.31079 0
70 172.756 4.50788 179.596 -6.15637 2.35988 0
70 173.096 4.63008 179.475 -6.24773 2.42381 0
70 173.244 4.46902 180.264 -6.31146 2.39486 0
70 173.244 4.46902 180.264 -6.38565 2.41993 0
70 173.121 4.02503 180.012 -6.41436 2.47827 0
70 173.121 4.02503 180.012 -6.47274 2.51254 0
70 173.121 4.02503 180.012 -6.5357 2.5495 0
70 173.121 4.02503 180.012 -6.59866 2.58647 0
70 173.344 4.94629 179.943 -6.76219 2.62599 0
70 173.344 4.94629 179.943 -6.86052 2.6656 0
70 173.232 3.91825 179.887 -6.84942 2.7079 0
70 173.238 2.99624 179.947 -6.81517 2.74083 0
70 173.238 2.99624 179.947 -6.84054 2.78351 0
70 173.238 2.99624 179.947 -6.86399 2.82296 0
70 173.599 3.53812 180.542 -22.6974 -14.4844 -0
70 173.599 3.53812 180.542 -6.97898 2.82244 0
70 173.37 3.76458 180.562 -7.04659 2.83546 0
70 173.24 3.56171 180.095 -7.07374 2.90312 0
70 173.24 3.56171 180.095 -7.11849 2.93412 0
70 173.565 3.37344 179.386 -7.13929 3.04667 0
70 173.565 3.37344 179.386 -7.17412 3.10267 0
70 173.924 3.78347 180.086 -7.25434 3.09265 0
70 173.701 3.65539 180.316 -3.93938 -2.91762 0
70 173.707 3.66635 180.316 -7.33861 3.12665 0
70 173.379 3.40141 180.885 -7.358 3.08723 0
70 173.379 3.40141 180.885 -7.39382 3.09068 0
70 173.822 3.18714 180.516 -7.41 3.13376 0
70 173.822 3.18714 180.516 -7.43826 3.14992 0
70 173.822 3.18714 180.516 -7.4668 3.16624 0
70 173.714 3.65373 180.544 -7.54384 3.18106 0
70 173.714 3.65373 180.544 -7.589 3.19638 0
70 173.721 3.52662 180.767 -7.62318 3.18699 0
70 173.721 3.52662 180.767 -7.66346 3.19433 0
70 173.721 3.52662 180.767 -7.70369 3.20174 0
70 174.084 3.59262 181.563 -7.75286 3.10963 0
70 173.864 3.59286 181.683 -7.7992 3.07709 0
70 173.864 3.59286 181.683 -7.84177 3.0521 0
80 173.955 3.15175 181.199 -7.83911 3.08062 0
80 174.175 2.94395 180.838 -7.84333 3.11272 0
80 174.175 2.94395 180.838 -7.86322 3.11759 0
80 174.296 3.51119 180.978 -7.95475 3.10567 0
80 174.19 3.72647 181.222 -14.2764 -4.0145 0
80 174.19 3.72647 181.222 -8.06204 3.07468 0
80 173.931 3.77136 180.315 -8.11464 3.16406 0
80 174.234 4.17368 179.177 -8.20514 3.30393 0
80 174.665 4.78921 178.502 -8.32978 3.43483 0
80 174.867 5.15062 178.051 -18.9611 16.6963 -0
80 174.867 5.15062 178.051 -8.54746 3.66881 0
80 174.688 5.44292 179.219 -8.67846 3.64829 0
80 174.377 5.2952 179.916 -8.77336 3.63069 0
80 173.938 5.0399 180.381 -8.85894 3.62371 0
80 173.948 5.02777 180.61 -8.95235 3.62346 0
80 173.948 5.02777 180.61 -9.04643 3.63644 0
80 174.158 5.16802 180.149 -9.15735 3.70482 0
80 174.158 5.16802 180.149 -9.26419 3.73653 0
80 174.59 5.4268 179.568 -9.38901 3.82375 0
80 174.59 5.4268 179.568 -9.49624 3.87336 0
80 174.508 5.27941 180.253 -9.59988 3.86185 0
80 174.508 5.27941 180.253 -9.7019 3.8873 0
80 174.508 5.27941 180.253 -9.80494 3.91299 0
80 174.528 5.25743 180.71 -9.90696 -9.39445 -0
80 174.528 5.25743 180.71 -10.0163 3.90882 0
80 174.622 5.39454 180.253 -10.136 3.9732 0
80 174.622 5.39454 180.253 -10.2442 3.99914 0
80 174.628 5.73127 180.384 -20.1779 0.219908 -0
80 174.628 5.73127 180.384 -10.5032 4.03456 0
80 174.78 5.46753 181.167 -10.5965 3.97507 0
80 174.78 5.46753 180.794 -10.717 3.96816 0
80 174.871 4.89914 180.794 -10.7577 4.00727 0
80 174.871 4.89914 180.794 -10.8472 4.01372 0
80 174.871 4.89914 180.794 -10.9376 4.02023 0
80 175.076 5.40335 180.117 -11.0865 4.10423 0
80 175.306 5.04225 180.207 -0.666889 1.52936 -0
80 175.306 5.04225 180.207 -11.2663 4.15699 0
80 175.301 4.70474 180.078 -11.3328 4.20096 0
80 175.301 4.70474 180.078 -11.4162 4.23288 0
80 175.306 5.04225 180.207 -11.5371 4.25085 0
80 175.306 5.04225 180.207 -11.6327 4.27846 0
80 175.306 5.04225 180.207 -11.7273 4.30581 0
80 175.46 4.43126 181.208 -11.7603 4.23092 0
80 175.46 4.43126 181.208 -11.8403 4.22188 0
80 175.61 3.81216 182.44 -11.8485 4.08364 0
80 175.61 3.81216 182.44 -11.8998 4.03096 0
80 175.61 3.81216 182.44 -11.9506 3.97828 0
80 175.783 4.57184 180.627 -12.0932 4.1438 0
80 175.821 5.771 179.063 -12.2978 4.32067 0
80 175.667 5.93242 178.274 -12.4471 4.47831 0
80 175.667 5.93242 178.274 -12.5746 4.57542 0
80 175.667 5.93242 178.274 -12.7021 4.67253 0
80 175.667 4.34218 180.623 -12.6438 4.49424 0
80 175.931 4.07854 181.635 -12.678 4.38814 0
80 176.056 4.18699 181.864 -12.7509 4.34212 0
80 176.012 4.57407 180.618 -12.8546 4.43791 0
80 175.712 5.20174 179.047 -12.9947 4.60275 0
80 175.712 5.20174 179.047 -13.095 4.67138 0
80 175.564 5.58671 178.381 -13.2538 4.83094 0
80 175.615 4.96097 179.387 -13.3103 4.8301 0
80 175.755 4.35177 180.39 -13.4029 4.8872 0
80 175.773 4.35177 180.39 -13.4204 4.82069 0
80 175.797 4.09765 181.068 -13.4621 4.76436 0
80 175.797 4.09765 181.068 -13.5237 4.76102 0
80 175.751 4.48724 179.822 -13.6263 4.88896 0
80 175.715 4.52112 178.907 -13.712 5.02792 0
80 175.696 4.53807 178.45 -13.7905 5.14905 0
80 175.696 4.53807 178.45 -13.8671 5.23895 0
80 176.094 4.8309 179.821 -13.9753 5.18611 0
80 176.137 4.68164 180.846 -14.0483 5.11951 0
80 176.137 4.68164 180.846 -14.1301 5.12415 0
80 175.926 3.96824 181.517 -14.1402 5.05822 0
80 176.013 3.76933 180.704 -14.183 5.11702 0
80 176.113 3.90053 180.247 -14.2449 5.16938 0
80 176.113 3.90053 180.247 -14.2994 5.19555 0
80 176.371 3.75789 181.15 -14.3402 5.13209 0
80 176.371 3.75789 181.15 -14.3891 5.12584 0
80 176.282 2.67129 182.722 -14.308 4.91981 0
80 176.282 2.67129 182.722 -14.3199 4.8576 0
80 175.963 357.693 186.686 -13.8505 4.41093 0
80 175.963 357.693 186.686 -13.6818 4.20759 0
80 174.569 354.134 189.378 -13.1572 3.72398 0
80 174.569 354.134 189.378 -12.8605 3.42478 0
80 174.367 353.594 188.189 -12.4792 3.23455 0
80 174.932 356.355 184.312 -12.4649 3.41686 0
80 175.756 1.38788 179.707 -12.8225 3.82289 0
80 176.37 6.50203 174.697 -13.3415 4.41241 0
80 176.596 9.10031 171.985 -13.7634 4.92405 0
80 176.596 9.10031 171.985 -14.0025 5.24414 0
80 176.552 7.62998 174.83 -14.0674 5.22572 0
80 176.404 4.40289 178.877 -13.8804 4.97313 0
80 176.466 0.703262 183.232 -13.5081 4.52482 0
80 176.958 358.917 186.164 -13.2381 4.08352 0
80 177.834 0.393827 183.445 -13.2502 4.16827 0
80 177.815 2.98998 179.713 -13.4445 4.46202 0
80 177.815 2.98998 179.713 -13.4664 4.50782 0
80 176.58 7.68134 173.567 -16.605 4.2527 -0
80 176.58 7.68134 173.567 -14.119 5.39716 0
80 176.33 6.22475 175.837 -14.166 5.44218 0
80 176.601 4.42471 178.067 -14.1256 5.40401 0
80 176.601 4.42471 178.067 -14.2047 5.52579 0
80 178.215 1.90617 182.894 -14.0488 5.17876 0
80 178.215 1.90617 182.894 -14.0315 5.10364 0
80 178.767 3.31847 180.952 -14.149 5.22246 0
80 178.767 3.31847 180.952 -14.1826 5.22327 0
80 178.767 3.31847 180.952 -14.2161 5.22407 0
80 176.99 4.91025 176.688 -14.4219 5.68637 0
80 176.743 4.70295 176.118 -14.4903 5.90214 0
80 177.066 4.30102 178.162 -14.5325 5.86776 0
80 177.338 4.0303 179.291 -14.5788 5.85869 0
80 177.734 3.53953 180.872 -14.5876 5.75692 0
80 178.109 2.83031 182.339 -14.5566 5.61062 0
80 178.421 2.16414 181.29 -14.5104 5.65923 0
80 178.397 2.18183 180.03 -14.5041 5.76572 0
80 178.397 2.18183 180.03 -14.4968 5.79967 0
80 178.279 3.44407 179.937 -14.63 5.84402 0
80 178.045 4.24626 179.843 -14.7526 5.89479 0
80 177.856 3.99585 180.992 -14.8005 5.82118 0
80 177.856 3.99585 180.992 -14.8578 5.82055 0
80 178.083 1.5706 182.203 55.8507 -29.5105 -0
80 178.526 0.893647 181.958 5.08529 12.7998 -0
80 178.526 0.893647 181.958 -14.5534 5.65305 0
80 178.526 0.893647 181.958 -14.4997 5.61802 0
80 178.526 0.893647 181.958 -14.4414 5.57957 0
80 178.494 4.36359 179.599 -14.7536 5.79296 0
80 177.93 4.47459 179.851 -14.8354 5.81808 0
80 177.93 4.47459 179.851 -14.9105 5.85846 0
80 177.838 2.74341 180.625 -14.8031 5.81734 0
80 177.838 2.74341 180.625 -14.816 5.82993 0
80 177.838 2.74341 180.625 -14.8299 5.84349 0
80 177.838 2.74341 180.625 -14.8427 5.85608 0
80 179.025 2.15546 182.997 -14.7832 5.5763 0
80 179.025 2.15546 182.997 -14.7749 5.49723 0
80 178.07 2.39714 180.842 -14.7942 5.67726 0
80 177.935 2.18541 179.81 -14.7704 5.80019 0
80 177.935 2.18541 179.81 -14.7632 5.84206 0
80 178.772 2.62584 181.403 -14.7986 5.72993 0
80 179.027 2.50274 182.657 -14.7955 5.59302 0
80 179.027 2.50274 182.657 -14.7994 5.53254 0
80 178.652 1.46853 182.079 15.3661 22.3287 0
80 178.652 1.46853 182.079 -14.6772 5.48421 0
80 178.643 1.7092 181.165 -14.6739 5.55707 0
80 178.975 2.52444 180.252 -14.7374 5.64708 0
80 179.211 2.9821 180.479 -14.788 5.65229 0
80 179.211 2.9821 180.479 -14.8113 5.67012 0
80 178.881 2.62962 181.171 -14.7893 5.60264 0
80 178.669 2.27061 182.203 -14.7548 5.47131 0
80 178.681 2.14624 183.004 -14.7357 5.3307 0
80 178.681 2.14624 183.004 -14.7271 5.25775 0
80 178.91 2.61699 182.431 -14.7667 5.24287 0
80 178.91 2.61699 182.431 -14.775 5.18644 0
80 178.78 2.8526 181.634 -14.8103 5.22256 0
80 178.78 2.8526 181.634 -14.8271 5.19907 0
80 179.124 2.5119 181.852 -14.8121 5.15506 0
80 179.124 2.5119 181.852 -14.8167 5.12352 0
80 179.124 2.5119 181.852 -14.8212 5.09197 0
80 179.375 2.3941 182.992 -14.8116 4.92283 0
80 179.159 2.61465 183.343 -14.8371 4.81015 0
80 179.159 2.61465 183.343 -14.8461 4.7184 0
80 178.55 2.61835 181.752 -14.8547 4.79155 0
80 178.762 2.74554 180.946 -14.8754 4.84123 0
80 178.762 2.74554 180.946 -14.8883 4.84226 0
80 179.344 2.86319 181.277 -14.9155 4.8035 0
80 179.344 2.86319 181.277 -14.9327 4.79265 0
80 179.361 2.28281 182.418 -14.8921 4.66819 0
80 179.021 2.2733 182.655 -14.8872 4.59025 0
80 179.021 2.2733 182.655 -14.8832 4.52986 0
80 179.021 2.2733 182.655 -14.8792 4.46947 0
80 179.008 2.74139 181.628 -14.9273 4.52342 0
80 179.45 2.75158 180.93 -14.9411 4.57353 0
80 179.45 2.75158 180.93 -14.9543 4.57515 0
80 179.45 2.75158 180.93 -14.9685 4.57692 0
80 179.58 2.40477 181.842 -14.9482 4.49067 0
80 179.597 2.40155 182.644 -14.8549 -18.9411 -0
80 179.597 2.40155 182.644 -14.9492 4.327 0
80 179.597 2.40155 182.644 -14.9498 4.267 0
80 179.597 2.40155 182.644 -14.9504 4.207 0
80 179.703 2.75041 181.955 -14.992 4.22464 0
80 179.683 2.63813 181.153 -14.9933 4.28102 0
80 179.675 2.63917 180.809 -15.0025 4.31179 0
80 179.63 3.66177 182.763 -44.8505 -52.6959 0
80 179.673 8.97454 191.996 -15.6471 3.21312 0
80 179.383 10.4929 195.97 -16.0335 2.43216 0
80 179.383 10.4929 195.97 -16.3249 1.89302 0
80 178.351 7.68478 191.494 -16.3487 1.77984 0
80 178.278 4.51469 185.8 -16.2239 1.96611 0
80 178.601 1.62886 178.302 -16.005 2.55784 0
80 179.334 359.707 170.944 -15.7753 3.46087 0
80 179.967 359.08 169.798 -15.6036 3.94231 0
80 180.477 359.738 172.323 -15.5559 4.07387 0
80 180.759 1.11766 175.523 -15.6135 4.02866 0
80 180.475 2.41533 180.792 -15.7124 3.63797 0
80 180.149 2.64959 186.418 -15.7396 3.01815 0
80 179.35 2.13733 188.27 -15.6904 2.61041 0
80 178.695 1.30652 186.319 -15.5916 2.55921 0
80 178.548 1.09646 184.025 -15.5301 2.60681 0
80 178.985 1.59804 181.159 -15.5355 2.81518 0
80 179.613 2.41835 177.946 -15.6009 3.17635 0
80 180.149 3.20904 177.13 -15.6926 3.37864 0
80 180.438 3.32651 179.3 -15.736 3.26242 0
80 180.138 2.64265 181.028 -15.6896 3.11998 0
80 179.698 1.59964 182.983 -15.5798 2.89494 0
80 179.234 0.885464 184.82 -15.47 2.61301 0
80 179.457 1.36621 182.526 -15.4161 69.3971 -0
80 179.784 2.52575 180.577 -15.5013 2.79604 0
80 179.784 2.52575 180.577 -15.5313 2.81033 0
80 179.784 2.52575 179.423 -15.5364 2.82461 0
80 180.297 3.89756 178.614 -15.7147 3.08737 0
80 180.023 2.87096 180.916 -15.6735 2.95776 0
80 179.819 2.40759 182.295 -15.6476 2.83132 0
80 179.819 2.40759 182.295 -15.6484 2.78385 0
80 179.849 2.51978 183.556 -15.66 2.61443 0
80 179.849 2.51978 182.633 -15.6649 2.52162 0
80 180.358 2.98726 180.563 -15.7271 2.54244 0
80 180.458 2.75621 179.989 -9.01076 19.5027 -0
80 180.458 2.75621 179.989 -15.745 2.84315 0
80 180.458 2.75621 179.989 -15.7594 2.86572 0
80 180.037 2.29746 181.832 -15.7285 2.72361 0
80 179.953 2.17913 183.553 -15.7136 2.52215 0
80 179.953 2.17913 183.553 -15.7062 2.42944 0
80 179.953 2.17913 183.553 -15.6988 2.33674 0
80 179.836 2.40597 183.097 -15.7193 2.29356 0
80 180.16 2.52899 182.059 -15.7336 2.32296 0
80 180.367 2.64468 181.022 -15.7501 2.39337 0
80 180.367 2.64468 181.022 -15.7602 2.3915 0
80 180.615 2.65067 181.819 -15.7704 2.30303 0
80 180.615 2.65067 181.819 -15.7799 2.27239 0
80 180.175 2.41506 182.861 -15.7662 2.13246 0
80 180.071 2.52692 183.207 -15.778 2.02081 0
80 180.287 2.7611 182.399 -15.8069 2.01374 0
80 180.287 2.7611 182.399 -15.8204 1.96253 0
80 180.625 2.76707 182.162 -15.8358 1.93327 0
80 180.604 2.64838 181.361 -15.8384 1.96554 0
80 180.604 2.64838 181.361 -15.8478 1.9518 0
80 180.402 2.64916 182.511 -15.8574 1.80604 0
80 180.402 2.64916 182.511 -15.8669 1.75079 0
80 180.402 2.64916 182.511 -15.8763 1.69125 0
80 180.402 2.64916 182.511 -15.8866 1.636 0
80 180.469 0.583351 182.173 -15.7022 1.61197 0
80 180.299 357.364 181.954 100 -100 -0
80 180.322 353.809 182.542 -14.2992 1.58428 0
80 180.591 350.933 182.689 -14.2506 1.44023 0
80 181.01 349.338 182.741 -13.6852 1.37363 0
80 181.539 352.342 182.744 -13.2161 1.31014 0
80 182.041 358.536 181.63 -13.1171 1.24625 -0
80 181.835 5.05849 180.034 -100 1.46696 0
80 180.949 9.86598 178.998 -14.6602 1.5973 0
80 179.647 11.4024 178.77 -15.0772 1.69039 0
80 179.647 11.4024 178.77 -15.4014 1.76967 0
80 177.985 5.49642 181.014 -15.1382 1.62569 0
80 178.063 0.408608 182.986 -14.729 1.42194 0
80 179.063 356.856 184.902 -14.2934 1.15297 0
80 180.599 356.013 185.871 -14.0057 0.909636 0
80 180.599 356.013 185.871 -13.7588 0.719931 0
80 183.383 2.05591 183.376 -14.1667 0.806863 0
80 183.114 6.20424 180.29 -14.5922 1.04583 0
80 181.427 9.0521 177.704 -15.0208 1.33495 0
80 179.397 9.32126 176.83 -15.288 1.54189 0
80 177.81 7.3919 178.075 -15.3515 1.57098 0
80 177.81 7.3919 178.075 -15.5454 1.68434 0
80 177.81 7.3919 178.075 -15.7254 1.78758 0
80 179.802 0.680996 185.269 -15.2191 1.15602 0
80 179.802 0.680996 185.269 -15.1578 1.00161 0
80 182.234 0.931281 186.517 -15.1246 0.702816 0
80 183.07 3.08026 183.355 -15.2988 0.836881 0
80 182.402 4.71174 179.901 -15.4966 1.11578 0
80 180.915 5.49394 177.548 -15.6592 1.38885 0
80 180.915 5.49394 177.548 -15.7709 1.51205 0
80 179.526 4.01784 179.558 -15.7446 1.44722 0
80 179.836 3.09537 182.411 -15.7167 1.23127 0
80 180.439 2.65398 184.117 -15.6998 1.01469 0
80 180.439 2.65398 184.117 -15.7095 0.901726 0
80 181.821 2.71406 184.31 -15.7251 0.769575 0
80 181.881 3.4678 181.548 -15.81 0.915595 0
80 181.476 4.01032 179.604 -15.9013 1.0829 0
80 181.476 4.01032 179.604 -15.9643 1.136 0
80 181.476 4.01032 179.604 -16.0227 1.18527 0
80 180.569 3.67213 179.867 -16.047 1.20837 0
80 180.74 3.34013 181.812 -16.0557 1.02591 0
80 181.01 3.12734 183.412 -16.0657 0.812666 0
80 181.128 3.01815 183.639 -16.0799 0.699106 0
80 181.128 3.01815 183.639 -16.1027 0.603321 0
80 181.073 3.91245 181.224 -16.2116 0.740165 0
80 181.137 4.01305 179.731 -16.277 0.87967 0
80 181.137 4.01305 179.731 -16.3349 0.927864 0
80 181.137 4.01305 179.731 -16.3986 0.972584 0
80 181.137 4.01305 179.731 -16.4565 1.01687 0
80 181.794 2.80152 183.051 -16.3769 0.68189 0
80 181.695 2.47822 184.201 -16.3539 0.472312 0
80 181.438 2.44732 182.949 -16.3542 0.480918 0
80 181.424 2.7803 182.028 -16.3895 0.501549 0
80 181.424 2.7803 182.028 -16.4049 0.460372 0
80 181.5 3.79052 180.294 -16.5348 0.621005 0
80 181.5 3.79052 180.294 -16.5849 0.645234 0
80 181.886 3.357 181.779 -16.5888 0.508784 0
80 181.886 3.357 181.779 -16.6234 0.480158 0
80 181.886 3.357 181.779 -16.6583 0.451252 0
80 181.781 2.00566 183.522 -16.539 0.215386 0
80 181.999 2.9044 182.012 -42.7488 44.1694 -0
80 181.999 2.9044 182.012 -16.6239 0.222977 0
80 181.999 2.9044 182.012 -16.6426 0.186036 0
80 182.081 3.90953 180.502 -16.7763 0.321622 0
80 181.967 3.45359 180.628 -16.7816 0.324913 0
80 182.118 2.79581 182.241 -16.7519 0.163437 0
80 182.136 2.36002 183.51 -16.7182 -0.0233946 0
80 182.139 1.81475 184.778 -16.6664 -0.244442 0
80 182.139 1.81475 184.778 -16.6438 -0.382732 0
80 182.139 1.81475 184.778 -16.6234 -0.519466 0
80 181.782 3.36052 182.126 -16.7516 -0.402018 0
80 181.854 3.682 180.628 -16.814 -0.300094 0
80 181.946 3.21293 179.945 -4.53919 17.649 -0
80 181.946 3.21293 179.945 -16.8495 -0.18794 0
80 181.946 3.21293 179.945 -16.8792 -0.150932 0
80 182.219 1.77462 182.716 -16.7577 -0.405858 0
80 182.237 1.68387 183.979 -16.7262 -0.601662 0
80 182.237 1.68387 183.979 -16.7007 -0.710739 0
80 182.237 1.68387 183.979 -16.6752 -0.819817 0
80 182.11 2.67708 182.014 -16.7607 -0.709306 0
80 182.077 3.10851 180.517 -16.818 -0.584882 0
80 182.185 2.98998 180.287 -16.8314 -0.543298 0
80 182.185 2.98998 180.287 -16.8534 -0.518564 0
80 182.452 2.34363 182.242 -16.8033 -0.711301 0
80 182.591 2.14671 183.62 -16.7798 -0.911706 0
80 182.591 2.14671 183.62 -16.7705 -1.01513 0
80 182.591 2.14671 183.62 -16.7618 -1.11117 0
80 182.345 2.6854 182.237 -16.8165 -1.04498 0
80 182.319 3.23285 180.966 -16.8901 -0.944827 0
80 182.319 3.23285 180.966 -16.9208 -0.944515 0
80 182.783 3.12689 181.185 -16.9385 -0.971327 0
80 183.039 2.3689 182.803 -16.8831 -1.15458 0
80 182.946 2.2902 184.066 -16.874 -1.35804 0
80 182.842 2.29735 184.527 -16.8713 -1.52175 0
80 182.726 2.62455 183.948 -26.4158 15.2478 0
80 182.726 2.62455 183.948 -16.9064 -1.70628 0
80 182.823 3.04816 182.677 -16.9661 -1.66116 0
80 183.025 3.36654 181.516 -17.0298 -1.57974 0
80 183.025 3.36654 181.516 -17.0654 -1.5994 0
80 183.375 2.25552 182.571 -16.9866 -1.73227 0
80 183.394 2.18086 183.717 -16.9742 -1.90782 0
80 183 3.67094 184.146 -17.1191 -2.06006 0
80 182.479 6.39746 183.303 -17.4658 -2.09363 0
80 181.67 9.78774 182.042 -17.9795 -2.04128 0
80 180.825 13.0059 181.174 -18.6103 -1.98398 0
80 180.088 14.7418 180.681 -19.2285 -1.93471 0
80 180.088 14.7418 180.681 -19.7119 -1.92324 0
80 179.872 9.75546 182.541 -19.6032 -2.12031 0
80 180.35 4.0351 183.425 -19.2344 -2.27644 0
80 181.553 358.565 184.146 -18.666 -2.44816 0
80 182.903 355.169 184.594 -18.1373 -2.61472 0
80 184.533 354.626 183.655 -17.8115 -2.63573 0
80 185.803 357.223 181.862 -17.8353 -2.52206 0
80 185.833 1.68454 179.226 -18.1565 -2.247 0
80 184.435 5.97599 177.014 -18.6478 -1.91708 0
80 180.537 7.8241 177.784 -19.0521 -1.72522 0
80 179.309 5.53338 179.919 46.943 -64.0596 0
80 179.308 5.51676 179.919 -19.1222 -1.86509 0
80 180 360 184.01 -18.6862 -2.23589 0
80 181.976 358.019 185.076 -18.3962 -2.45439 0
80 184.153 357.757 184.669 -18.2094 -2.56293 0
80 185.935 358.876 182.697 -18.1487 -2.49457 0
80 186.647 0.67366 179.731 -18.2164 -2.23516 0
80 186.647 0.67366 179.731 -18.1495 -2.18655 0
80 184.015 3.54632 176.32 -18.4162 -1.75085 0
80 182.179 3.96068 176.716 -18.5058 -1.62718 0
80 180.761 4.00774 178.827 -18.5685 -1.72092 0
80 180.154 3.55966 181.256 -18.5747 -1.92866 0
80 180.654 2.88689 183.193 -18.5363 -2.17211 0
80 182.702 1.82496 184.196 -18.4457 -2.35633 0
80 184.171 1.6146 183.265 -18.4032 -2.37512 0
80 185.296 1.80064 181.637 -18.3946 -2.28685 0
80 185.617 2.07542 180.128 -18.4032 -2.14707 0
80 185.617 2.07542 180.128 -18.3911 -2.11395 0
80 184.352 2.17204 179.803 -18.3914 -2.04367 0
80 183.23 2.1 181.202 -18.3755 -2.16168 0
80 182.801 2.01974 182.816 -18.3553 -2.36502 0
80 182.807 1.59619 184.085 -18.2922 -2.58108 0
80 183.478 1.26465 183.742 -18.2306 -2.65991 0
80 184.041 1.56639 182.123 -18.2181 -2.60894 0
80 184.365 2.08371 180.494 -18.2366 -2.49861 0
80 184.35 2.39653 179.68 -18.2548 -2.40497 0
80 184.35 2.39653 179.68 -18.2552 -2.35795 0
80 183.783 2.0672 180.046 -18.2178 -2.35305 0
80 183.46 1.54275 181.673 -18.1462 -2.50555 0
80 183.359 1.24046 183.174 -18.0818 -2.69856 0
80 183.596 1.27544 183.97 -18.0437 -2.86786 0
80 183.596 1.27544 183.97 -18.0034 -2.97661 0
80 183.706 1.47156 182.934 -17.9873 -2.95726 0
80 183.812 1.89486 181.771 -18.0051 -2.8884 0
80 183.904 2.30773 180.38 -18.0359 -2.75364 0
80 184.015 2.41431 180.145 -18.0453 -2.70482 0
80 184.152 2.22653 181.295 -18.0259 -2.79961 0
80 184.052 1.82113 182.686 -17.9774 -2.95779 0
80 183.834 1.40575 184.194 -17.9145 -3.17414 0
80 183.834 1.40575 184.194 -17.8789 -3.29099 0
80 183.936 1.48953 183.157 -20.0439 23.8223 -0
80 183.936 1.48953 183.157 -17.8181 -3.39411 0
80 184.27 2.2471 181.635 -17.8747 -3.2943 0
80 184.595 2.66866 180.581 -17.9145 -3.20529 0
80 184.595 2.66866 180.581 -17.9246 -3.19112 0
80 184.394 2.08261 183.361 -17.8988 -3.34558 0
80 184.081 1.65984 184.642 -6.78897 -37.2098 0
80 184.076 1.33523 185.228 -8.32507 -20.9053 0
80 184.076 1.33523 185.228 -17.7295 -4.01311 0
80 184.288 1.40922 183.845 -17.6994 -4.01735 0
80 184.388 1.81113 182.222 -17.7089 -3.94034 0
80 184.594 2.09969 180.718 -17.7201 -3.81812 0
80 184.594 2.09969 180.718 -17.7098 -3.8088 0
80 184.724 2.24317 181.398 -17.7154 -3.87538 0
80 184.632 1.84737 183.02 -17.6673 -4.06691 0
80 184.412 1.43479 184.417 -17.6017 -4.29712 0
80 184.412 1.43479 184.417 -17.5675 -4.42087 0
80 184.412 1.43479 184.417 -17.533 -4.54582 0
80 184.738 1.08418 183.968 -17.4572 -4.61803 0
80 184.963 1.60647 182.567 -17.4698 -4.56628 0
80 185.066 2.46567 181.152 -17.5321 -4.47499 0
80 184.942 2.55972 180.692 -17.5441 -4.43711 0
80 184.942 2.55972 180.692 -17.5504 -4.42685 0
80 184.378 1.02886 182.825 27.1127 -66.6623 0
80 184.492 0.61686 183.988 -17.3691 -4.67663 0
80 184.492 0.61686 183.988 -17.2634 -4.89695 0
80 184.623 0.97927 184.318 -17.2407 -5.0441 0
80 184.739 1.83131 182.561 -17.2739 -4.99182 0
80 184.718 2.34374 181.05 -17.3031 -4.90383 0
80 184.701 2.31075 180.249 -17.2985 -4.83193 0
80 184.701 2.31075 180.249 -17.2958 -4.80559 0
80 184.701 2.31075 180.249 -17.2931 -4.77925 0
80 184.732 1.81717 182.217 -17.2341 -4.97825 0
80 184.868 1.75753 183.48 -17.2062 -5.17189 0
80 184.761 1.87846 183.706 -17.1966 -5.28738 0
80 184.631 2.06313 182.668 -17.196 -5.2865 0
80 184.72 2.34845 181.164 -17.2108 -5.20789 0
80 185.044 2.64942 180.113 -17.2377 -5.11347 0
80 185.044 2.64942 180.113 -17.2472 -5.08218 0
80 185.044 2.64942 180.113 -17.2567 -5.05119 0
80 185.189 2.14845 181.737 -17.2165 -5.18151 0
80 185.2 1.73626 182.788 -17.1682 -5.31041 0
80 185.2 1.73626 182.788 -17.1448 -5.37561 0
80 185.2 1.73626 182.788 -17.1212 -5.44713 0
80 185.182 2.13294 181.394 -17.1382 -5.36484 0
80 185.158 2.30537 180.126 -17.1477 -5.24265 0
80 185.149 2.39932 179.663 -17.1545 -5.16435 0
80 185.149 2.39932 179.663 -17.155 -5.11673 0
80 185.149 2.39932 179.663 -17.1555 -5.06911 0
80 185.295 2.0194 181.397 -17.1099 -5.23475 0
80 185.32 1.96816 182.776 -17.0906 -5.41596 0
80 185.205 1.85613 182.897 -17.0626 -5.49525 0
80 185.205 1.85613 182.897 -17.0434 -5.56505 0
80 185.293 2.46202 181.033 -17.09 -5.43245 0
80 185.388 2.64865 180.105 -17.113 -5.33383 0
80 185.388 2.64865 180.105 -17.1225 -5.30225 0
80 185.732 2.30431 180.114 -17.0938 -5.2717 0
80 185.76 1.81762 181.859 -17.044 -5.40852 0
80 185.766 1.40511 182.797 -16.9849 -5.55933 0
80 185.766 1.40511 182.797 -16.9466 -5.59932 0
80 185.766 1.40511 182.797 -16.9113 -5.66548 0
80 185.754 1.80041 181.515 -16.9149 -5.60412 0
80 185.623 2.43033 180.34 -16.9561 -5.50677 0
80 185.623 2.43033 180.34 -16.9578 -5.48371 0
80 185.742 2.77945 180.434 -17.0025 -5.47236 0
80 185.742 2.77945 180.434 -17.0167 -5.45292 0
80 185.773 1.53122 183.02 -16.8917 -5.72199 0
80 185.773 1.53122 183.02 -16.8607 -5.79625 0
80 185.971 0.197104 183.777 -16.6965 -5.94601 0
80 185.971 0.197104 183.777 -16.6109 -6.05555 0
80 186.325 1.79392 181.278 -16.6809 -5.92351 0
80 186.303 2.74789 179.849 -16.7514 -5.79643 0
80 186.303 2.74789 179.849 -16.7644 -5.75594 0
80 186.303 2.74789 179.849 -16.7786 -5.71192 0
80 186.303 2.74789 179.849 -16.7928 -5.6679 0
80 185.752 1.03817 182.356 -16.6001 -5.92901 0
80 185.867 0.568612 184.328 -16.4874 -6.23333 0
80 186.214 0.497578 184.906 -16.412 -6.42789 0
80 186.334 0.905026 183.85 -16.3877 -6.45589 0
80 186.213 1.47417 181.756 -16.3937 -6.33981 0
80 186.186 2.05586 179.774 -16.4221 -6.15858 0
80 186.174 2.25378 179.19 -16.431 -6.05341 0
80 186.075 1.95408 180.011 -16.3951 -6.06728 0
80 185.988 1.59763 181.981 -16.3415 -6.23147 0
80 185.778 1.25447 184.294 -16.2766 -6.5126 0
80 185.898 1.07569 185.222 -16.2172 -6.72831 0
80 185.898 1.07569 185.222 -16.1701 -6.881 0
80 186.346 1.14748 184.066 -16.1305 -6.90029 0
80 186.565 1.50484 182.209 -16.1283 -6.78936 0
80 186.769 1.96566 180.228 -16.1516 -6.60389 0
80 186.763 2.05971 179.878 -16.1471 -6.53673 0
80 186.318 1.43782 181.068 -16.0695 -6.62277 0
80 185.986 0.95781 182.933 -15.9898 -6.81207 0
80 185.88 0.816288 184.66 -15.923 -7.06109 0
80 185.885 0.833937 185.004 -15.863 -7.24271 0
80 186.222 0.913755 184.079 -15.8148 -7.29408 0
80 186.56 0.958602 182.7 -15.7615 -7.27113 0
80 186.664 1.22469 181.306 -15.737 -7.19071 0
80 186.66 1.42699 180.835 -15.7144 -7.15737 0
80 186.66 1.42699 181.752 -15.6799 -7.15235 0
80 186.558 1.47869 181.752 -15.6512 -7.26081 0
80 186.457 1.34238 183.365 -15.6022 -7.47882 0
80 186.353 1.17284 184.524 -15.5439 -7.70558 0
80 186.239 1.07224 184.875 -15.4884 -7.87598 0
80 186.446 0.793858 183.855 -15.4125 -7.91611 0
80 186.664 0.84268 182.589 -15.3595 -7.89865 0
80 186.893 0.904261 181.668 -15.3094 -7.8685 0
80 186.893 0.904261 181.668 -15.2556 -7.89365 0
80 187.008 1.2598 181.758 -15.2447 -7.92973 0
80 186.679 1.42338 182.67 -15.2211 -8.05458 0
80 186.691 1.36202 183.592 -15.1801 -8.20784 0
80 186.807 1.16302 184.062 -15.1233 -8.34924 0
80 186.807 1.16302 184.062 -15.0794 -8.46133 0
80 186.807 1.16302 184.062 -15.035 -8.57233 0
80 186.807 1.16302 184.062 -14.9906 -8.68442 0
80 186.92 1.88703 182.64 -15.0332 -8.62578 0
80 186.796 2.40375 181.693 -15.0728 -8.58047 0
80 186.796 2.40375 181.693 -15.0736 -8.60855 0
80 186.796 2.40375 181.693 -15.0742 -8.63463 0
80 187.036 1.16371 183.946 -14.9368 -8.91156 0
80 187.144 0.782629 185.114 -14.8512 -9.14587 0
80 187.144 0.782629 185.114 -14.7885 -9.30771 0
80 187.275 1.30033 184.166 -14.7911 -9.34674 0
80 187.259 1.97952 182.17 -14.8254 -9.24591 0
80 187.344 2.32913 180.425 -14.8496 -9.09476 0
80 187.451 2.07774 180.094 -14.8203 -9.03894 0
80 187.451 2.07774 180.094 -14.8091 -9.00699 0
80 187.469 0.852256 182.47 -14.6649 -9.23287 0
80 187.479 0.520773 184.445 -14.5732 -9.50161 0
80 187.362 0.462361 185.365 -14.499 -9.72999 0
80 187.362 0.462361 185.365 -14.4292 -9.88936 0
80 187.488 0.750049 184.43 -14.3944 -9.93446 0
80 187.718 1.34585 182.895 -14.4083 -9.87085 0
80 187.821 1.61384 181.727 -14.4058 -9.79413 0
80 187.821 1.61384 181.727 -14.3775 -9.82169 0
80 187.716 1.33816 182.781 -14.3192 -9.96364 0
80 187.608 0.968356 184.186 -14.2451 -10.1728 0
80 187.608 0.718125 185.579 -14.166 -10.4417 0
80 187.608 0.718125 185.579 -14.1049 -10.6104 0
80 187.608 0.718125 185.579 -14.0438 -10.7792 0
80 187.722 0.99875 184.524 -14.014 -10.8301 0
80 187.949 1.45763 182.77 -14.0159 -10.7588 0
80 188.048 1.92766 181.243 -14.0327 -10.6588 0
80 188.036 1.77313 180.679 -13.9991 -10.6073 0
80 188.03 1.07854 180.613 -13.9074 -10.5899 0
80 188.03 1.07854 180.613 -13.8599 -10.5766 0
80 188.158 0.547124 182.833 -13.7455 -10.8384 0
80 188.166 0.647173 184.202 -13.696 -11.0764 0
80 187.96 1.1302 184.629 -13.6906 -11.236 0
80 187.627 1.53361 184.033 -13.686 -11.3087 0
80 187.718 1.87218 182.17 -13.6894 -11.2301 0
80 187.93 2.13976 181 -13.6972 -11.1575 0
80 188.268 1.88804 180.668 -13.6882 -11.1584 0
