H_VAL   H_STEP_SIZE 50 0.1
ROLL KP KI KD 0 0 0
PITCH KP KI KD 0 0 0
YAW KP KI KD 0 0 0
50 144.994 2.88969 181.512 0 0 0
50 144.994 2.88969 181.512 0 0 0
50 144.994 2.88969 181.512 0 0 0
50 144.994 2.88969 181.512 0 0 0
50 144.982 2.73453 180.862 0 0 0
50 144.982 2.73453 180.862 0 0 0
50 144.982 2.73453 180.862 0 0 0
50 144.982 2.73453 180.862 0 0 0
50 144.982 2.73453 180.862 0 0 0
50 144.982 2.73453 180.862 0 0 0
50 144.98 2.22275 180.581 0 0 0
50 144.98 2.22275 180.581 0 0 0
50 144.98 2.22275 180.581 0 0 0
50 144.987 2.77476 181.115 0 0 0
50 144.987 2.77476 181.115 0 0 0
50 144.987 2.77476 181.115 0 0 0
50 144.985 3.2459 181.144 0 0 0
50 144.985 3.2459 181.144 0 0 0
50 144.985 3.2459 181.144 0 0 0
50 144.985 3.2459 181.144 0 0 0
50 144.985 3.2459 181.144 0 0 0
50 144.985 3.2459 181.144 0 0 0
50 144.985 3.2459 181.144 0 0 0
50 144.985 3.2459 181.144 0 0 0
50 144.985 3.2459 181.144 0 0 0
50 144.985 3.2459 181.144 0 0 0
50 144.985 3.2459 181.144 0 0 0
50 144.985 3.2459 181.144 0 0 0
50 144.985 3.2459 181.144 0 0 0
50 144.985 3.2459 181.144 0 0 0
50 144.985 3.2459 181.144 0 0 0
50 144.985 3.2459 181.144 0 0 0
50 144.985 3.2459 181.144 0 0 0
50 144.985 3.2459 181.144 0 0 0
50 144.985 3.2459 181.144 0 0 0
50 144.985 3.2459 181.144 0 0 0
50 144.985 3.2459 181.144 0 0 0
50 144.626 3.2427 181.154 0 0 0
50 144.626 3.2427 181.154 0 0 0
50 144.398 3.20837 181.27 0 0 0
50 144.398 3.20837 181.27 0 0 0
50 144.398 3.20837 181.27 0 0 0
50 143.674 3.2365 181.181 0 0 0
50 143.075 3.19728 180.945 0 0 0
50 143.075 3.19728 180.945 0 0 0
50 142.349 3.19095 180.965 0 0 0
50 141.494 3.21247 181.243 0 0 0
50 140.657 3.24636 181.159 -0 0 0
50 139.852 3.23013 180.817 0 0 0
50 138.851 3.24157 181.099 0 -0 0
50 138.942 3.26777 181.1 0 0 0
50 137.73 3.23993 181.496 0 0 0
50 136.349 3.26244 180.811 0 0 0
50 134.475 3.21371 180.353 0 0 0
50 133.126 3.23942 180.903 0 0 0
50 131.269 3.19855 181.571 0 0 0
50 129.592 3.16156 181.361 0 0 0
50 127.956 3.19582 181.048 0 0 0
50 126.287 3.07121 181.554 0 0 0
50 124.474 3.14581 181.656 0 0 0
50 122.661 3.08681 181.294 0 0 0
50 120.561 3.06279 181.35 0 0 0
50 118.735 3.10794 181.969 0 0 0
50 116.848 3.01161 182.117 0 0 0
50 114.948 3.05848 181.403 0 0 0
50 113.157 3.00072 181.291 0 0 0
50 111.371 2.9468 181.591 0 0 0
50 109.403 2.90245 182.054 0 0 0
50 108.004 2.89885 181.677 0 0 0
50 106.694 3.07985 180.861 0 0 0
50 106.694 3.07985 180.861 0 0 0
50 105.088 3.12007 180.079 0 0 0
50 104.091 3.16302 180.429 0 0 0
50 103.106 2.75315 181.888 0 0 0
50 102.229 2.89689 182.626 0 0 0
50 102.229 2.89689 182.626 0 0 0
50 99.9829 2.80577 181.303 0 0 0
50 98.7767 2.67492 181.99 0 0 0
50 97.7258 2.77918 182.575 0 0 0
50 97.7258 2.77918 182.575 0 0 0
50 96.6494 2.71724 181.954 0 0 0
50 95.5653 2.68948 181.818 0 0 0
50 94.6378 2.7865 182.565 0 0 0
50 93.6925 2.669 182.185 0 0 0
50 92.7378 2.79849 181.717 0 0 0
50 91.946 2.7104 181.981 0 -0 0
50 91.946 2.7104 181.981 0 0 0
50 91.1476 2.61972 182.406 0 0 0
50 89.8525 2.63998 181.701 0 0 0
50 89.8508 2.67521 181.706 0 0 0
50 88.8739 2.65674 182.053 0 0 0
50 87.7221 2.63171 182.241 0 0 0
50 86.887 2.54398 182.015 0 0 0
50 85.8835 2.5127 182.361 0 0 0
50 85.8835 2.50094 182.376 0 0 0
50 85.2025 2.50094 182.376 0 0 0
50 84.5241 2.49339 182.229 0 0 0
50 83.8313 2.58538 181.844 0 0 0
50 82.9714 2.58921 181.54 0 0 0
50 82.9714 2.58921 181.54 0 0 0
50 82.2836 2.56659 181.717 0 0 0
50 81.9288 2.50595 182.533 0 0 0
50 81.9288 2.50595 182.533 0 0 0
50 80.8712 2.50865 182.233 0 0 0
50 80.3319 2.39782 182.48 0 -0 0
50 80.3319 2.39782 182.48 0 0 0
50 80.3319 2.39782 182.48 0 0 0
50 80.3319 2.39782 182.828 0 0 0
50 79.0817 2.33808 182.828 0 0 0
50 79.0817 2.33808 182.828 0 0 0
50 79.0817 2.33808 182.828 0 0 0
50 79.0817 2.33808 182.828 0 0 0
50 77.2468 2.42056 182.472 0 0 0
50 76.5287 2.40184 182.487 0 0 0
50 76.5287 2.40184 182.487 0 0 0
50 75.6051 2.35117 182.094 0 0 0
50 75.1975 2.37562 182.514 0 0 0
50 75.1975 2.37562 182.514 0 0 0
50 74.2632 2.32901 182.121 0 0 0
50 74.2632 2.32901 182.121 0 0 0
50 73.6898 2.31745 182.706 0 0 0
50 73.6898 2.31745 182.706 0 0 0
50 72.7466 2.2741 182.312 0 0 0
50 72.7466 2.2741 182.312 0 0 0
50 72.1381 2.23878 182.484 0 0 0
50 71.3695 2.24708 182.339 0 0 0
50 71.3695 2.24708 182.339 0 0 0
50 70.3796 2.18841 182.105 0 0 0
50 69.9423 2.16343 182.686 0 0 0
50 69.9423 2.16343 182.686 0 0 0
50 68.7523 2.18954 181.977 0 0 0
50 68.7523 2.18954 181.977 0 0 0
50 67.7058 2.14125 182.155 0 0 0
50 66.6473 2.08573 182.746 0 0 0
50 65.4704 2.09444 182.197 0 0 0
50 64.396 2.13506 182.313 0 0 0
50 63.4591 2.04459 182.645 0 0 0
50 62.6031 2.04135 182.248 0 0 0
50 61.7419 1.96421 182.165 0 0 0
50 61.7419 1.96421 182.165 0 0 0
50 60.7804 1.96522 182.437 0 0 0
50 60.1024 2.00784 182.548 0 0 0
50 59.4209 1.92154 182.204 0 0 0
50 58.4902 1.91507 182.475 0 0 0
50 58.4902 1.91507 182.475 0 0 0
50 57.6075 1.89378 182.491 0 0 0
50 56.8607 1.82378 182.402 0 0 0
50 56.3034 1.82094 182.666 0 0 0
50 55.6048 1.80361 182.677 0 -0 0
50 55.6048 1.80361 182.677 0 0 0
50 55.0996 1.78787 182.429 0 0 0
50 54.5913 1.83284 182.795 0 0 0
50 54.5913 1.83284 182.795 0 0 0
50 53.8869 1.81281 182.55 0 0 0
50 53.3143 1.85291 182.405 0 0 0
50 53.3143 1.85291 182.405 0 0 0
50 52.6036 1.78411 182.57 0 0 0
50 52.0244 1.82819 182.17 0 0 0
50 52.0244 1.82819 182.17 0 0 0
50 51.3096 1.75877 182.334 0 0 0
50 50.7229 1.74234 182.599 0 0 0
50 50.7229 1.74234 182.599 0 0 0
50 50.134 1.78553 182.455 0 0 0
50 49.4133 1.76787 182.467 0 0 0
50 48.8857 1.69891 182.627 0 0 0
50 48.8857 1.69891 182.627 0 0 0
50 48.289 1.7438 182.484 0 0 0
50 47.6883 1.73141 182.493 0 0 0
50 47.1562 1.71903 182.501 0 0 0
50 46.7451 1.66677 182.401 0 0 0
50 46.7451 1.66677 182.401 0 0 0
50 46.2828 1.65493 182.409 0 0 0
50 46.2828 1.65493 182.409 0 0 0
50 46.0158 1.7097 182.263 0 0 0
50 46.0158 1.7097 182.263 0 0 0
50 45.6735 1.64241 182.417 0 0 0
50 45.6735 1.64241 182.417 0 0 0
50 45.6735 1.64241 182.417 0 0 0
50 44.9871 1.69175 182.277 0 0 0
50 44.9871 1.69175 182.277 0 0 0
50 44.4474 1.66016 182.541 0 0 0
50 43.9069 1.62497 182.187 0 0 0
50 43.9069 1.62497 182.187 0 0 0
50 43.5585 1.57574 182.703 0 0 0
50 43.2108 1.61285 182.197 0 0 0
50 43.2108 1.61285 182.197 0 0 0
50 42.8612 1.62534 182.563 0 0 0
50 42.8612 1.62534 182.563 0 0 0
50 42.0457 1.62997 182.32 0 0 0
50 42.0457 1.62997 182.32 0 0 0
50 41.4206 1.5907 182.584 0 0 0
50 41.4206 1.5907 182.584 0 0 0
50 40.6307 1.57458 182.594 0 0 0
50 40.6307 1.57458 182.594 0 0 0
50 39.9176 1.5496 182.242 0 0 0
50 39.5607 1.6286 182.824 0 0 0
50 39.0117 1.64506 182.578 0 0 0
50 38.6515 1.66426 181.967 0 0 0
50 38.6515 1.66426 181.967 0 0 0
50 38.0164 1.58463 182.485 0 0 0
50 37.4827 1.57679 182.853 0 0 0
50 37.4827 1.57679 182.853 0 0 0
50 37.4827 1.57679 182.853 0 0 0
50 35.9271 1.6149 182.007 0 0 0
50 35.1084 1.5553 182.633 0 0 0
50 34.2833 1.46932 182.425 0 0 0
50 33.0869 1.52137 182.298 0 0 0
50 32.1916 1.48726 182.672 0 0 0
50 32.0672 1.48726 182.672 0 0 0
50 30.95 1.44814 182.215 0 0 0
50 30.2053 1.4624 182.335 0 0 0
50 29.8322 1.45417 182.34 0 0 0
50 29.8322 1.45417 182.34 0 0 0
50 29.7358 1.50515 182.09 0 0 0
60 29.9174 1.43667 182.699 0 0 0
60 29.9174 1.43667 182.699 0 0 0
60 30.0143 1.62278 182.057 0 0 0
60 30.3958 2.27485 182.233 0 0 0
60 30.3958 2.27485 182.233 0 0 0
60 30.8706 3.22937 182.202 0 0 0
60 31.2206 4.18792 181.332 0 0 0
60 31.689 5.68601 179.824 0 0 0
60 32.1336 6.40347 179.831 0 0 0
60 33.0636 7.44323 180.432 0 0 0
60 34.4648 8.27365 181.049 0 0 0
60 35.9722 7.46783 181.44 0 0 0
60 35.9722 7.46783 181.44 0 0 0
60 37.3538 4.72616 180.707 0 0 0
60 39.1527 0.919315 178.822 0 0 0
60 40.4051 0.777575 178.128 0 0 0
60 41.9665 2.45664 178.078 0 0 0
60 43.5034 5.8653 178.9 0 0 0
60 43.5034 5.8653 178.9 0 0 0
60 46.4084 5.39648 182.682 0 0 0
60 49.6056 1.46874 182.351 0 0 0
60 52.1448 1.22529 180.677 0 0 0
60 55.0463 2.65924 179.138 0 0 0
60 58.0338 5.20149 178.96 0 0 0
H_VAL   H_STEP_SIZE 50 0.1
ROLL KP KI KD 5 12 12
PITCH KP KI KD 5 12 12
YAW KP KI KD 0 0 0
50 145.699 2.41069 180.744 -0.0023339 0.0213719 0
50 145.699 2.41069 180.744 -0.00288876 0.0265012 0
50 145.699 2.41069 180.744 -0.00345416 0.0316305 0
50 145.699 2.41069 180.744 -0.00397204 0.0363726 0
50 145.699 2.41069 180.744 -0.00453746 0.0415503 0
50 145.699 2.41069 180.744 -0.0050976 0.0466795 0
50 145.699 2.41069 180.744 -0.00562074 0.0514701 0
50 145.727 2.85626 180.879 -0.0497359 0.0434304 0
50 145.727 2.85626 180.879 -0.0602866 0.0455775 0
50 145.713 2.91616 180.299 -0.0765269 0.108469 0
50 145.713 2.91616 180.299 -0.0878643 0.122915 0
50 145.713 2.91616 180.299 -0.0999798 0.138353 0
50 145.713 2.91616 180.299 -0.111317 0.1528 0
50 145.713 2.91616 180.299 -0.122543 0.167247 0
50 145.713 2.91616 180.299 -0.13477 0.182826 0
50 145.713 2.91616 180.299 -0.146107 0.197131 0
50 145.713 2.91616 180.299 -0.157334 0.211436 0
50 145.713 2.91616 180.299 -0.16956 0.227016 0
50 145.713 2.91616 180.299 -0.180898 0.241462 0
50 145.713 2.91616 180.299 -0.192124 0.255767 0
50 145.713 2.91616 180.299 -0.204239 0.271347 0
50 145.713 2.91616 180.299 -0.215577 0.285652 0
50 145.713 2.91616 180.299 -0.226803 0.30109 0
50 145.713 2.91616 180.299 -0.239029 0.315537 0
50 145.713 2.91616 180.299 -0.250255 0.329983 0
50 145.713 2.91616 180.299 -0.261593 0.344289 0
50 145.713 2.91616 180.299 -0.273819 0.359868 0
50 145.713 2.91616 180.299 -0.285045 0.374173 0
50 145.713 2.91616 180.299 -0.296383 0.389753 0
50 145.713 2.91616 180.299 -0.308498 0.4042 0
50 145.713 2.91616 180.299 -0.319835 0.418505 0
50 145.713 2.91616 180.299 -0.331173 0.434084 0
50 145.713 2.91616 180.299 -0.343399 0.448531 0
50 145.713 2.91616 180.299 -0.354625 0.462836 0
50 145.713 2.91616 180.299 -0.365963 0.478557 0
50 145.713 2.91616 180.299 -0.378189 0.492862 0
50 145.713 2.91616 180.299 -0.389526 0.507309 0
50 145.713 2.91616 180.299 -0.400864 0.521756 0
50 145.459 2.76691 180.38 -0.398551 0.529524 0
50 145.459 2.76691 180.38 -0.40662 0.542116 0
50 145.459 2.76691 180.38 -0.414689 0.554707 0
50 145.459 2.76691 180.38 -0.423477 0.56842 0
50 145.101 2.76617 180.388 -0.431552 0.580266 0
50 145.101 2.76617 180.388 -0.439605 0.592673 0
50 144.745 2.8398 180.541 -0.455326 0.59188 0
50 144.745 2.8398 180.541 -0.465032 0.60106 0
50 144.385 2.83839 180.55 -0.4747 0.609579 0
50 144.385 2.83839 180.55 -0.484281 0.61857 0
50 144.385 2.83839 180.55 -0.493957 0.62765 0
50 143.895 2.83371 180.562 -0.504113 0.636443 0
50 143.895 2.83371 180.562 -0.51369 0.645271 0
50 143.534 2.83204 180.57 -0.523096 0.65319 0
50 143.534 2.83204 180.57 -0.533385 0.662505 0
50 143.302 2.8335 180.577 -0.543073 0.670524 0
50 143.302 2.8335 180.577 -0.552551 0.678948 0
50 142.94 2.83165 180.585 -0.562773 0.687346 0
50 142.94 2.83165 180.585 -0.572212 0.695581 0
50 142.577 2.82966 180.594 -0.581538 0.703038 0
50 142.577 2.82966 180.594 -0.591772 0.711801 0
50 142.085 2.787 180.714 -0.596613 0.70688 0
50 141.484 2.82307 180.621 -0.608919 0.722085 0
50 140.884 2.71348 180.598 1.94172 0.732352 0
50 140.884 2.71348 180.598 -0.615964 0.740332 0
50 140.387 2.77659 180.756 -0.629364 0.732354 0
50 140.387 2.77659 180.756 -0.637637 0.7374 0
50 139.544 2.81398 180.669 -0.650178 0.750192 0
50 139.174 2.81095 180.678 -0.659864 0.756486 0
50 139.174 2.81095 180.678 -0.668865 0.76326 0
50 138.801 2.8482 180.58 -0.682582 0.779917 0
50 138.564 2.74158 180.545 -0.682582 0.791541 0
50 138.564 2.74158 180.545 -0.690116 0.800622 0
50 138.326 2.74221 180.551 -0.698455 0.810029 0
50 138.326 2.74221 180.551 -0.706002 0.818984 0
50 138.326 2.74221 180.551 -0.713548 0.827939 0
50 138.326 2.74221 180.551 -0.721767 0.837693 0
50 138.199 2.72289 180.916 -0.278093 -7.66655 0
50 138.199 2.72289 180.916 -0.7348 0.815417 0
50 137.952 2.67344 180.412 -0.737647 0.866951 0
50 137.725 2.89489 181.117 -0.765556 0.812206 0
50 137.725 2.89489 181.117 -0.777292 0.80893 0
50 137.201 2.71018 180.323 -0.771398 0.879275 0
50 137.201 2.71018 180.323 -0.778879 0.893071 0
50 137.218 2.6304 181.152 -0.777433 0.819826 0
50 137.218 2.6304 181.152 -0.782615 0.81575 0
50 137.443 2.77437 180.465 -0.803194 0.883015 0
50 137.833 2.70183 181.286 -0.804898 0.819131 0
50 137.833 2.70183 181.286 -0.812717 0.811432 0
50 137.948 2.82178 180.347 -0.831451 0.898596 0
50 138.067 2.78504 181.067 -0.838249 0.847641 0
50 138.067 2.78504 181.067 -0.846701 0.845696 0
50 137.954 2.84637 180.601 -0.862673 0.894915 0
50 137.954 2.84637 180.601 -0.872519 0.902893 0
50 137.829 2.57055 180.99 -0.853848 0.870667 0
50 137.829 2.57055 180.99 -0.857802 0.870339 0
50 137.68 2.60145 180.269 -0.865397 0.945866 0
50 137.457 2.73814 181.188 -0.883171 0.872463 0
50 137.457 2.73814 181.188 -0.891296 0.867148 0
50 137.204 2.66828 180.429 0.731452 18.5958 0
50 137.204 2.66828 180.429 -0.899841 0.941442 0
50 136.982 2.65179 181.413 -0.904236 0.854883 0
50 136.982 2.65179 181.413 -0.913776 0.844788 0
50 136.826 2.70776 180.331 -0.921555 0.941611 0
50 136.826 2.70776 180.331 -0.92844 0.95536 0
50 136.502 2.64847 181.424 -0.929029 0.854133 0
50 136.502 2.64847 181.424 -0.935088 0.84378 0
50 135.726 2.53806 180.165 -0.929499 0.961972 0
50 135.365 2.71724 181.238 -0.949034 0.881817 0
50 134.988 2.6676 181.353 0.347357 -1.80187 0
50 134.988 2.6676 180.378 -0.958289 0.857479 0
50 134.864 2.70531 180.378 -0.968347 0.95515 0
50 134.606 2.60006 181.212 -0.966024 0.891754 0
50 134.606 2.60006 181.212 -0.970564 0.886745 0
50 134.606 2.60006 181.212 -0.975148 0.881687 0
50 134.489 2.71907 180.642 -0.992038 0.935935 0
50 134.498 2.64708 181.109 -0.99305 0.899785 0
50 134.498 2.64708 181.109 -0.998584 0.89695 0
50 134.498 2.64708 181.109 -1.00417 0.893835 0
50 134.349 2.65421 180.495 -1.01094 0.950066 0
50 134.349 2.65421 180.495 -1.01663 0.960216 0
50 133.872 2.64021 181.123 -1.02087 0.903285 0
50 133.872 2.59125 180.368 0.0495607 18.5421 0
50 133.369 2.59413 180.368 -1.0271 0.980005 0
50 132.998 2.63144 181.143 -1.03528 0.915572 0
50 132.998 2.63144 181.143 -1.04095 0.911693 0
50 132.49 2.63715 180.283 -1.04677 0.992362 0
50 131.87 2.66704 181.064 -1.75035 -17.2506 0
50 131.87 2.66704 181.064 -1.06082 0.93555 0
50 131.232 2.60244 180.927 -1.06058 0.947868 0
50 131.232 2.60244 180.927 -1.06522 0.948881 0
50 130.343 2.5938 180.947 -1.06896 0.947833 0
50 129.989 2.55288 181.316 -1.06944 0.912385 0
50 129.989 2.55288 181.316 -1.07329 0.905104 0
50 129.989 2.55288 181.316 -1.07691 0.897822 0
50 129.091 2.48652 181.183 -1.07435 0.902824 0
50 129.091 2.48652 181.183 -1.07651 0.898383 0
50 129.091 2.48652 181.183 -1.07888 0.893549 0
50 129.091 2.48652 181.183 -1.08102 0.889108 0
50 129.091 2.48652 181.183 -1.08318 0.884667 0
50 128.468 2.63364 180.887 -1.09946 0.908662 0
50 128.468 2.63364 180.887 -1.10518 0.910677 0
50 128.468 2.63364 180.887 -1.11048 0.912545 0
50 128.468 2.63364 180.887 -1.11578 0.914414 0
50 128.331 2.47929 181.199 -1.10554 0.884184 0
50 128.21 2.62909 180.637 -4.6069 14.0059 0
50 128.21 2.62909 180.637 -1.12606 0.936626 0
50 127.967 2.4281 181.31 -1.11203 0.878555 0
50 127.967 2.4281 181.31 -1.11294 0.871388 0
60 127.922 2.56844 180.489 -1.12721 0.941246 0
60 127.922 2.56844 180.489 -1.13112 0.951616 0
60 128.22 2.48113 181.202 -1.12631 0.890845 0
60 128.22 2.48113 181.202 -1.12834 0.885612 0
60 128.577 2.57767 180.731 -1.14036 0.928527 0
60 128.577 2.57767 180.731 -1.14447 0.933727 0
60 128.585 2.48175 181.194 -1.139 0.892772 0
60 128.585 2.48175 181.194 -1.14121 0.887729 0
60 128.712 2.52411 180.32 -1.14782 0.976443 0
60 128.698 2.43026 181.294 -1.14191 0.898279 0
60 128.698 2.43026 181.294 -1.14285 0.891522 0
60 128.712 2.52411 180.32 -1.15309 0.97951 0
60 128.712 2.52411 180.32 -1.15605 0.993496 0
60 128.475 2.43361 181.299 -1.14999 0.909637 0
60 128.475 2.43361 181.299 -1.15101 0.902156 0
60 128.314 2.46689 180.175 -1.15564 1.01352 0
60 128.314 2.46689 180.175 -1.15736 1.03044 0
60 128.079 2.42651 181.308 -1.1548 0.926563 0
60 127.97 2.43029 181.566 -1.15606 0.893203 0
60 127.692 2.77859 180.341 -1.19186 1.00178 0
60 127.55 2.20821 179.937 -1.14435 1.0551 0
60 127.456 2.98777 181.472 -1.21418 0.932138 0
60 127.321 2.31762 182.041 -1.16492 0.866758 0
60 127.15 2.97487 180.454 -1.22304 0.988103 0
60 126.995 2.8675 179.895 1.27257 14.0973 0
60 127.026 2.87526 179.895 -1.2371 1.07193 0
60 127.2 2.47064 181.224 -1.20453 0.952671 0
60 127.206 2.8311 181.786 -1.24499 0.887017 0
60 126.894 2.41059 180.051 -1.21104 1.04909 0
60 126.877 2.6667 179.539 -1.23855 1.12313 0
60 127.057 2.56886 181.278 -1.2346 0.976934 0
60 127.061 2.77429 181.636 -1.25838 0.935795 0
60 126.92 2.41718 179.796 -1.23236 1.10101 0
60 126.523 2.36285 179.906 -1.22786 1.11408 0
60 126.143 2.75957 181.402 -1.26478 0.997526 0
60 126.143 2.75957 181.402 -1.27277 0.988406 0
60 125.228 2.265 179.624 -1.23584 1.14078 0
60 125.228 2.265 179.624 -1.23327 1.17191 0
60 124.466 2.54883 180.823 -1.26035 1.07479 0
60 123.956 2.67269 181.812 -1.27688 0.973959 0
60 123.956 2.67269 181.812 -1.28302 0.956083 0
60 122.764 2.26259 179.928 -1.25036 1.11637 0
60 122.13 2.53314 180.875 -1.27208 1.0547 0
60 122.13 2.53314 180.875 -1.27523 1.05683 0
60 121.34 2.6996 181.516 -1.29647 0.989307 0
60 119.886 2.32495 179.887 -1.30311 39.0387 0
60 119.886 2.32495 179.887 -1.26901 1.14556 0
60 118.938 2.42269 180.63 -1.27816 1.08927 0
60 118.311 2.76072 181.646 -1.31575 0.986933 0
60 117.361 2.59279 181.039 -1.3064 1.03535 0
60 117.361 2.59279 181.039 -1.31083 1.03386 0
60 116.161 2.58432 181.067 -1.31514 1.02958 0
60 115.766 2.66405 181.804 -1.32739 0.95398 0
60 115.194 2.43187 180.456 -1.31272 1.05735 0
60 114.879 2.28374 179.827 2.1467 15.7487 0
60 114.905 2.28962 179.829 -1.29898 1.14894 0
60 114.393 2.63423 181.423 -1.33303 1.00809 0
60 113.99 2.50865 182.037 -1.32536 0.933998 0
60 113.535 2.48351 180.394 -1.32551 1.07609 0
60 113.123 2.19644 178.976 -1.29911 1.23043 0
60 112.582 2.57763 180.479 -1.33074 1.13479 0
60 112.188 2.50448 182.235 -1.32794 0.97961 0
60 112.188 2.50448 182.235 -1.33068 0.946673 0
60 111.758 2.35034 180.622 -1.31806 1.08227 0
60 111.455 2.13589 179.514 -1.29635 1.1981 0
60 111.209 2.63253 180.828 -1.33794 1.10553 0
60 111.093 2.4204 182.353 -1.32355 0.967286 0
60 111.093 2.4204 182.353 -1.32437 0.935242 0
60 110.92 2.5989 180.675 -1.34426 1.08262 0
60 110.893 2.76158 178.837 -1.36627 1.28563 0
60 111.075 2.69844 180.737 -1.36864 1.14519 0
60 111.224 2.07306 182.25 -1.31284 0.998935 0
60 111.224 2.07306 182.25 -1.30564 0.969544 0
60 111.475 2.30106 179.485 -1.32329 1.23779 0
60 111.697 2.35032 177.576 -1.32681 1.47916 0
60 112.443 2.77057 180.197 -1.36652 1.29945 0
60 113.015 2.04389 182.313 -1.30365 1.1089 0
60 113.015 2.04389 182.313 -1.29635 1.07249 0
60 113.701 2.68698 181.342 -1.35706 1.15283 0
60 113.93 3.3089 179.552 -1.43008 1.33644 0
60 114.601 3.59064 179.306 -1.47913 1.39258 0
60 115.337 3.23806 180.689 -1.46842 1.28517 0
60 116.417 1.46327 180.906 -1.48664 -3.768 0
60 116.417 1.46327 180.906 -1.31051 1.27395 0
60 117.233 2.08778 180.332 -1.35741 1.33687 0
60 117.864 3.80243 180.147 -1.53151 1.37016 0
60 118.527 3.86183 180.027 -1.56792 1.40188 0
60 118.962 1.81287 179.87 -1.39008 1.43832 0
60 118.962 1.81287 179.87 -1.37785 1.46192 0
60 119.636 2.49818 181.186 -1.43277 1.3566 0
60 119.636 2.49818 181.186 -1.43537 1.35174 0
60 120.646 3.38675 180.082 -1.52037 1.44972 0
60 121.193 2.23471 179.548 -1.43495 1.51833 0
60 121.721 1.2251 180.158 -1.33813 1.49225 0
60 122.402 2.51535 181.381 -1.43079 1.39785 0
60 123.178 3.66104 181.196 -1.53789 1.40589 0
60 123.806 3.22799 180.293 -1.56488 20.4192 0
60 124.459 1.70036 179.729 -1.40792 1.54711 0
60 124.459 1.70036 179.729 -1.39329 1.57398 0
60 125.919 2.55622 181.56 -1.45642 1.43396 0
60 125.919 2.55622 181.56 -1.46007 1.42048 0
60 127.802 3.85571 180.995 -1.58942 1.46236 0
60 129.207 2.41117 179.748 -1.48418 1.57988 0
60 130.581 1.52156 179.438 -1.40225 1.63478 0
60 130.581 1.52156 179.438 -1.3838 1.67049 0
70 133.396 3.41716 182.219 -1.5462 1.4356 0
70 135.274 3.00635 182.35 -0.470128 1.25303 0
70 136.604 2.15557 181.103 -1.46796 1.4787 0
70 137.817 2.17655 180.102 -1.95316 1.56666 0
70 139.044 2.65992 180.748 -12.7517 -13.5126 0
70 139.044 2.65992 180.748 -1.50897 1.53272 0
70 141.033 1.86076 181.628 -1.43853 1.45338 0
70 142.222 1.59313 180.665 -1.4024 1.52857 0
70 143.406 2.83466 179.488 -1.49823 1.64211 0
70 143.406 2.83466 179.488 -1.50783 1.67387 0
70 145.061 3.94935 179.68 -1.63487 1.68569 0
70 146.546 2.09836 180.989 -1.48388 1.58296 0
70 147.736 0.594621 181.245 -1.32719 1.55705 0
70 148.92 1.32608 180.369 -1.36036 1.63738 0
70 148.92 1.32608 180.369 -1.33772 1.6502 0
70 148.92 1.32608 180.369 -1.31332 1.66417 0
70 148.92 1.32608 180.369 -1.29069 1.67712 0
70 152.74 2.46284 182.012 -1.37761 1.53169 0
70 153.413 0.649113 180.742 -1.21111 1.62725 0
70 154.244 0.799896 179.595 -1.18526 1.74306 0
70 154.244 0.799896 179.595 -1.15139 1.77253 0
70 156.12 4.0278 180.382 -1.42794 1.72651 0
70 157.09 3.64119 181.673 -1.42581 1.61491 0
70 157.997 0.916214 183.096 -1.45264 -31.6512 0
70 158.698 0.724518 182.351 3.29738 18.846 0
70 158.698 0.724518 182.351 -1.12811 1.46355 0
70 159.633 2.94012 180.527 -1.32913 1.62878 0
70 160.587 4.00282 178.358 -1.44919 1.86687 0
70 161.53 3.54141 178.253 -1.43884 1.93017 0
70 161.53 3.54141 178.253 -1.46354 1.98831 0
70 163.341 1.0988 181.203 -1.23594 1.74207 0
70 164.264 0.563394 182.622 -1.15258 1.5884 0
70 165.889 1.69415 181.249 -1.22311 1.68723 0
70 167.568 2.92739 178.59 -1.3312 1.94674 0
70 169.269 3.43173 177.906 -1.39324 2.06598 0
70 172.216 2.95249 180.545 9.77972 -59.5255 0
70 172.216 2.95249 180.545 -1.38593 1.90613 0
70 175.339 1.49485 182.812 -1.2499 1.68108 0
70 177.503 1.2148 182.203 -1.19996 1.70267 0
70 180.008 2.64163 180.343 -1.32486 1.87184 0
70 182.588 4.3412 178.756 -1.50891 2.05257 0
70 185.698 4.79205 179.188 -1.59718 2.05835 0
70 188.612 3.25913 180.444 -1.49207 1.96449 0
70 191.616 1.89971 181.649 -1.36562 1.84721 0
70 194.755 2.68436 181.964 -1.43906 1.79903 0
70 199.28 4.5837 180.966 -1.63825 1.87917 0
70 202.972 4.56583 180.008 -1.6875 1.97841 0
70 206.832 3.28375 179.924 -1.60152 2.00775 0
70 210.736 2.31094 181.029 -1.52032 1.91618 0
70 215.979 3.20834 183.177 -1.60849 1.70015 0
70 220.756 4.01144 183.525 -1.70624 1.61352 0
70 225.071 3.45756 181.421 -1.68782 1.77264 0
70 230.137 2.89622 179.407 -1.6531 1.96557 0
70 235.024 2.76512 179.595 -1.65079 1.9803 0
70 239.893 2.71587 181.479 -1.65387 1.81519 0
70 245.459 2.56342 183.123 -1.64546 1.63757 0
70 252.133 2.92818 182.834 -1.68438 1.61955 0
70 258.765 3.4755 181.154 -1.74671 1.73559 0
70 264.632 3.25349 179.987 -1.74923 1.84206 0
70 264.632 3.25349 179.987 -1.76759 1.86295 0
70 264.632 3.25349 179.987 -1.78759 1.8857 0
70 282.106 4.35561 183.201 -1.92026 1.57475 0
70 288.995 4.60195 183.831 -1.98782 1.46202 0
70 296.084 4.28616 182.668 -2.00259 1.5178 0
70 303.378 4.96642 180.711 -2.11953 1.69091 0
70 311.172 6.20525 179.662 -2.30771 1.80882 0
70 319.339 4.84891 181.79 -2.24424 1.60931 0
70 327.72 2.32203 184.367 -2.02713 1.31612 0
70 345.058 1.32974 181.329 -29.8682 70.0929 0
70 354.085 3.66147 178.008 -56.3531 79.0933 0
70 3.38378 6.33996 176.715 -64.6885 0.501152 0
70 13.3635 8.23348 178.227 -2.62477 1.9412 0
70 23.506 7.74584 181.091 -2.7146 1.72896 0
70 33.7877 4.92549 183.542 -2.56232 1.49509 0
70 44.0263 1.86756 183.077 -2.32795 1.48415 0
70 54.6296 1.32706 179.318 -2.26485 1.80117 0
70 65.7396 4.20058 176.344 -2.52512 2.13968 0
70 77.391 7.62002 178.313 -2.90527 2.0421 0
70 89.6015 9.0919 181.498 -3.17668 1.78061 0
70 100.993 5.74628 182.058 -2.97544 1.71141 0
70 112.73 3.40953 180.889 -2.80563 1.80934 0
70 124.529 3.62067 178.794 -2.85167 2.03125 0
70 137.046 4.76583 177.315 -3.00053 2.23605 0
70 150.235 6.1096 178.894 -3.19511 2.14535 0
70 176.885 4.99363 182.2 55.4854 -5.91752 0
70 190.009 2.87745 181.243 -3.08278 1.90013 0
70 203.664 3.08446 180.174 -3.11355 1.99321 0
70 217.919 5.29319 179.152 -3.3386 2.10829 0
70 232.353 5.81282 179.573 -3.44976 2.10746 0
70 246.918 3.11832 181.376 -3.26357 1.96384 0
70 261.731 1.55727 182.14 -3.1291 1.88163 0
70 277.246 2.03855 181.331 -3.15709 1.93401 0
70 293.173 4.2341 179.214 -3.3648 2.13382 0
70 309.678 6.95771 178.182 -3.6852 2.2801 0
70 326.736 6.86098 181.09 -3.7815 2.04433 0
70 345.756 4.83299 183.952 -3.66794 1.74535 0
70 3.12898 1.55361 182.25 -3.37531 1.86004 0
70 21.4595 0.270747 177.733 -3.22204 2.30802 0
70 39.9578 5.0408 177.072 -3.69216 2.45688 0
70 77.701 7.19384 183.799 21.8939 -68.1775 0
70 96.1913 4.09213 183.515 68.346 8.44474 0
70 113.007 1.56115 180.345 -3.64072 2.07291 0
70 132.151 1.57325 176.184 -3.62406 2.48027 0
70 151.272 5.33607 177.696 -3.96112 2.44057 0
70 170.663 7.83637 181.332 -4.26016 2.16746 0
70 189.016 3.94495 181.874 -4.0093 2.10867 0
70 207.536 0.27296 181.113 -3.68987 2.16234 0
70 226.525 358.808 179.265 -3.49729 2.34037 0
70 246.012 1.65137 177.7 -3.6992 2.53089 0
70 265.813 6.19689 179.571 -4.12874 2.41782 0
70 286.07 8.01803 182.144 -4.3916 2.19119 0
70 306.005 5.93401 182.507 -4.31099 2.12721 0
70 326.136 2.74419 180.834 -4.06368 2.26396 0
70 346.762 1.4643 178.324 -3.94123 2.52227 0
70 7.59876 4.41854 177.181 -4.227 2.6971 0
70 29.4787 7.75886 180.104 -4.62593 2.47756 0
70 50.6197 4.95238 181.341 -4.44584 2.36617 0
70 71.9513 0.472006 180.649 -4.02993 2.43108 0
70 93.6884 359.08 179.138 -3.84045 2.59935 0
70 115.942 2.64978 177.735 -4.1514 2.79448 0
70 138.394 6.2251 182.902 -4.64268 2.72367 0
70 183.529 2.5394 184.048 82.4758 -24.432 0
70 206.216 358.9 180.844 80.6977 77.0352 0
70 229.281 0.406709 177.041 -2.44529 2.81075 0
70 252.572 4.66388 177.431 -4.39903 2.85931 0
H_VAL   H_STEP_SIZE 60 0.1
ROLL KP KI KD 5 12 12
PITCH KP KI KD 5 12 12
YAW KP KI KD 5 5 12
60 151.09 3.19313 181.414 -0.0735273 -0.0407802 -0.546349
60 151.09 3.19313 181.414 -0.0923039 -0.0501557 -0.601144
60 151.09 3.19313 181.414 -0.109727 -0.0596231 -0.655938
60 151.09 3.19313 181.414 -0.12732 -0.0700096 -0.715521
60 151.09 3.19313 181.414 -0.145889 -0.0795689 -0.770847
60 151.09 3.19313 181.414 -0.16365 -0.0892201 -0.826706
60 151.09 3.19313 181.414 -0.181788 -0.0987795 -0.882032
60 151.09 3.19313 181.414 -0.199381 -0.108339 -0.937358
60 151.09 3.19313 181.414 -0.216973 -0.117898 -0.992685
60 151.09 3.19313 181.414 -0.233212 -0.127549 -1.04854
60 151.09 3.19313 181.414 -0.251143 -0.136465 -1.10796
60 151.09 3.19313 181.414 -0.268736 -0.146116 -1.156
60 151.09 3.19313 181.414 -0.286666 -0.155768 -1.21186
60 151.09 3.19313 181.414 -0.304428 -0.165419 -1.26772
60 151.09 3.19313 181.414 -0.32219 -0.175162 -1.32411
60 151.09 3.19313 181.414 -0.34012 -0.184813 -1.37997
60 151.084 3.02849 181.135 -0.340029 -0.164017 -1.43581
60 151.084 3.02849 181.135 -0.353093 -0.167566 -1.49214
60 151.084 3.02849 181.135 -0.367368 -0.170814 -1.5437
60 151.084 3.02849 181.135 -0.381644 -0.174364 -1.60004
60 151.084 3.02849 181.135 -0.395785 -0.17788 -1.65584
60 151.084 3.02849 181.135 -0.410196 -0.181463 -1.71271
60 151.084 3.02849 181.135 -0.424337 -0.184979 -1.76852
60 151.084 3.02849 181.135 -0.4374 -0.188227 -1.82007
60 151.084 3.02849 181.135 -0.451676 -0.191776 -1.87641
60 151.084 3.02849 181.135 -0.465817 -0.195292 -1.93222
60 151.084 3.02849 181.135 -0.479958 -0.198808 -1.98802
60 151.084 3.02849 181.135 -0.494099 -0.202324 -2.04383
60 151.084 3.02849 181.135 -0.508375 -0.205874 -2.1007
60 151.084 3.02849 181.135 -0.521438 -0.209155 -2.15225
60 151.084 3.02849 181.135 -0.535714 -0.212671 -2.20806
60 151.084 3.02849 181.135 -0.54999 -0.216221 -2.2644
60 151.084 3.02849 181.135 -0.564265 -0.21977 -2.32073
60 151.084 3.02849 181.135 -0.578406 -0.223286 -2.37654
60 151.084 3.02849 181.135 -0.592682 -0.226835 -2.43288
60 150.834 3.02172 181.141 -0.605105 -0.230725 -2.46239
60 150.834 3.02172 181.141 -0.619363 -0.234417 -2.51642
60 150.834 3.02172 181.141 -0.633355 -0.238074 -2.56994
60 150.834 3.02172 181.141 -0.64748 -0.241766 -2.62397
60 150.485 3.01997 181.15 -0.661414 -0.246475 -2.64423
60 150.485 3.01997 181.15 -0.674305 -0.25037 -2.69502
60 150.134 3.0181 181.16 -0.688347 -0.254857 -2.71031
60 150.134 3.0181 181.16 -0.702259 -0.258922 -2.75741
60 149.658 3.01259 181.172 -0.715743 -0.2643 -2.76048
60 149.658 3.01259 181.172 -0.729666 -0.268681 -2.80362
60 149.178 3.0374 181.074 -0.746198 -0.262717 -2.80118
60 148.468 2.98547 180.842 -0.75457 -0.242312 -2.77226
60 147.631 3.01121 180.753 -0.770234 -0.231322 -2.73007
60 146.56 2.96311 180.529 0.339458 5.00455 22.2578
60 146.56 2.96311 180.529 -0.792662 -0.196557 -2.67467
60 145.232 3.06304 180.597 -0.815236 -0.19404 -2.5609
60 143.661 2.87106 180.459 -0.81054 -0.170486 -2.4115
60 141.829 2.8714 179.78 -0.821358 -0.0847331 -2.22231
60 137.829 2.78445 181.073 -0.859275 -0.0626324 46.0876
60 137.829 2.78445 181.073 -0.837796 -0.175841 -1.76374
60 135.653 3.52766 182.301 -0.92661 -0.31018 -1.48917
60 133.51 4.25235 181.45 -1.03169 -0.246574 -1.19498
60 129.799 3.36425 178.79 -0.98581 -0.000451729 -0.750599
60 127.39 2.56487 178.454 -0.934357 0.078784 -0.395529
60 125.461 3.49288 179.736 -1.02453 0.0103156 -0.0751451
60 123.941 4.74863 181.098 -1.16534 -0.0892055 0.255777
60 122.393 4.63882 181.108 -1.2074 -0.092881 0.573035
60 122.393 4.63882 181.108 -1.25695 -0.0958047 0.780123
60 119.944 3.02624 178.438 -1.14471 0.168334 1.21417
60 118.612 4.74877 179.215 -37.3894 -17.9264 32.5545
60 118.432 6.39291 182.07 -2.22749 -0.13603 0.514467
60 118.616 4.52923 182.95 -1.43229 -0.170873 2.04132
60 118.976 2.23556 181.182 -1.26742 -0.0505791 2.23952
60 119.462 3.42628 179.608 -1.37473 0.0913707 2.43885
60 120.404 5.82957 178.843 -1.62116 0.192561 2.58833
60 120.404 5.82957 178.843 -1.6969 0.239451 2.81364
60 123.028 4.85178 180.935 -1.67594 0.0805388 2.79595
60 124.621 2.38755 181.38 -1.48829 0.0376797 2.851
60 126.293 1.73548 181.905 -1.42297 -0.0238289 2.88273
60 128.362 3.31238 181.599 -1.56657 -0.0134878 2.8608
60 130.71 4.84837 180.456 -1.73804 0.0851865 2.79749
60 133.254 5.43824 178.726 -1.8507 0.26962 2.69154
60 136.095 5.39858 178.59 -1.91316 0.332449 2.53311
60 139.401 4.25309 180.105 -1.86243 0.230478 2.30591
60 142.832 2.24413 181.963 -1.69834 0.0600239 2.03631
60 146.688 1.90345 182.841 -1.66044 -0.0514149 1.69574
60 150.372 2.84052 181.818 -1.74545 0.0122274 1.33635
60 154.098 3.02542 179.637 -1.77456 0.22025 0.936689
60 158.043 2.73358 177.962 -1.75819 0.428809 0.473871
60 161.987 3.0187 177.809 -1.79592 0.50997 -0.0214459
60 165.95 3.14071 178.886 -1.82258 0.460082 -0.556191
60 169.921 2.25899 180.544 -1.74449 0.328079 -1.1137
60 173.734 2.41835 181.969 -1.75886 0.184542 -1.70686
60 180.575 2.41265 180.102 7.8135 39.5806 -81.6615
60 183.756 1.66295 178.226 -1.70041 0.521175 -3.23872
60 186.72 1.80188 177.371 -1.69631 0.667703 -3.89231
60 189.129 2.58976 177.839 -1.75805 0.703297 -4.49241
60 191.471 2.08041 180.022 -1.71425 0.565352 -5.10859
60 191.471 2.08041 180.022 -1.7076 0.586315 -5.53446
60 191.471 2.08041 180.022 -1.70089 0.607077 -5.95628
60 195.087 2.25497 182.128 -1.71285 0.401642 -6.73242
60 196.09 3.02172 180.036 -1.79102 0.597348 -7.28661
60 196.527 2.80223 178.551 -1.78223 0.782553 -7.84154
60 196.778 2.20105 179.212 -1.72794 0.769293 -8.37824
60 196.345 2.46878 181.035 -1.75265 0.60893 -8.81099
60 195.212 3.12075 181.664 -1.82478 0.539877 -9.17753
60 195.212 3.12075 181.664 -1.84095 0.524718 -9.38233
60 190.556 1.52862 180.319 -1.70055 0.641873 -8.97603
60 187.922 1.44535 180.933 -1.67354 0.595865 -8.74618
60 185.061 2.45556 180.923 -1.75415 0.597776 -8.49651
60 181.723 2.9877 180.184 -1.80791 0.673007 -8.20526
60 178.285 2.40939 180.151 -1.76327 0.695378 -7.90521
60 174.059 1.89469 181.131 -1.7103 0.610205 -7.53641
60 169.829 2.37398 181.821 -1.75003 0.53395 -7.16728
60 165.569 3.14409 181.668 -1.83112 0.532902 -6.79556
60 161.136 3.12859 180.752 -1.84481 0.615989 -6.40866
60 156.693 2.53964 180.173 -1.79776 0.682694 -6.02095
60 152.243 2.70126 180.549 -1.81821 0.658426 -5.63264
60 143.625 3.39918 181.502 -1.89571 0.597354 -5.27285
60 139.912 3.46312 180.896 -1.92946 14.6456 88.5274
60 136.47 3.16042 180.149 -1.92262 0.684123 -4.1916
60 132.614 2.66155 179.664 -1.89311 0.747365 -3.76755
60 128.945 3.18606 179.996 -1.94876 0.74508 -3.32103
60 125.639 3.33112 180.806 -1.97972 0.689739 -2.87646
60 122.543 2.98812 181.243 -1.96736 0.651309 -2.41478
60 119.638 2.4404 181.285 -1.9266 0.641295 -1.94177
60 116.965 2.86093 181.483 -1.96904 0.614882 -1.4614
60 114.383 3.26848 181.287 -2.0185 0.624025 -0.964995
60 112.305 3.59797 180.616 -2.07082 0.684375 -0.512911
60 110.347 3.51367 179.787 -2.08887 0.775402 -0.0317523
60 108.66 2.97979 179.597 -2.0588 0.820448 0.437206
60 107.413 2.34994 180.871 -2.00992 0.725353 0.88148
60 106.871 2.86123 182.118 -2.05933 0.605255 1.27224
60 106.436 3.74659 182.655 -2.15688 0.527266 1.66157
60 106.274 3.70101 181.194 -2.18213 0.631593 2.02626
60 106.531 3.37734 180.086 -2.18017 0.731641 2.35451
60 106.531 3.37734 180.086 -2.20178 0.750996 2.70359
60 107.725 4.32994 182.447 -2.32408 0.52153 2.9427
60 108.737 4.63849 184.168 -2.39898 0.308236 3.18501
60 110.121 3.43449 183.097 -2.32152 0.351044 3.38599
60 111.634 2.06283 180.845 -2.19996 0.54187 3.55912
60 113.39 2.38406 179.508 -2.22736 0.688241 3.69684
60 115.421 4.59638 180.462 -2.46487 0.617985 3.79212
60 120.329 5.78992 182.389 -33.8662 -49.9962 -100
60 122.809 3.94316 181.885 -2.52625 0.472212 3.63409
60 125.619 1.79227 180.276 -2.36437 0.598873 3.58573
60 128.678 1.73704 179.563 -2.34632 0.680364 3.48884
60 132.087 2.8667 179.768 -2.43703 0.692351 3.33142
60 135.723 3.55649 180.703 -2.51277 0.630168 3.12012
60 139.691 3.69603 181.599 -2.55147 0.551251 2.84641
60 143.956 2.81691 182.48 -2.49547 0.452608 2.50591
60 148.235 2.0667 182.375 -2.43249 0.429705 2.12562
60 152.635 2.68648 181.596 -2.48701 0.474682 1.68584
60 156.829 2.85193 180.935 -2.51012 0.527198 1.22814
60 161.256 2.54725 180.769 -2.48923 0.545062 0.707773
60 165.549 2.54838 180.9 -2.4929 0.536209 0.15787
60 169.807 2.36192 180.67 -2.47709 0.561681 -0.429614
60 174.392 2.5111 180.352 -2.49211 0.601392 -1.08871
60 178.407 2.51951 180.493 -2.49579 0.600313 -1.74185
60 181.842 2.41831 180.419 -2.48781 0.617897 -2.354
60 185.161 2.53975 180.23 -2.50164 0.650798 -3.0129
60 188.273 2.57359 180.618 -2.50871 0.625534 -3.68235
60 193.113 2.42263 180.99 -2.90195 1.55672 -50.3727
60 194.842 2.65099 180.81 -7.83133 4.79732 -45.3465
60 196.092 2.3723 180.359 3.98766 11.1529 -5.69652
60 197.014 2.54987 179.967 -2.49735 0.664545 -6.12461
60 197.014 2.54987 179.967 -2.51646 0.720977 -6.68167
60 197.13 2.87163 179.8 -2.55173 0.759572 -7.16901
60 196.314 1.47801 179.788 -2.43303 0.786694 -7.57813
60 196.314 1.47801 179.788 -2.41326 0.812534 -8.04389
60 194.257 1.82018 180.696 -2.4295 0.742675 -8.31885
60 192.306 3.21989 180.921 -2.5649 0.724717 -8.58775
60 190.238 3.53255 180.834 -2.61689 0.735203 -8.82327
60 187.801 2.6564 180.164 -2.54639 0.811576 -8.73563
60 182.061 2.63991 179.953 -2.48845 -0.154666 61.0535
60 179.081 2.98613 179.909 -2.54412 0.874103 -8.23473
60 175.864 2.88 179.645 -0.10851 7.07157 67.1799
60 172.548 2.42118 179.928 -2.54731 0.928353 -7.40456
60 169.569 2.73317 180.364 -2.57703 0.910917 -7.1446
60 166.119 2.67768 180.787 -2.57941 0.884308 -6.84356
60 162.766 2.31377 180.814 -2.55141 0.885933 -6.55092
60 159.393 2.82319 180.513 -2.59898 0.918517 -6.25659
60 155.874 2.63823 179.743 -2.59082 1.00448 -5.94949
60 152.346 2.28243 179.381 -2.56138 1.06715 -5.64161
60 148.799 2.79207 179.827 -2.6101 1.0576 -5.33204
60 145.47 2.84949 180.885 -2.62479 0.977012 -5.04152
60 142.365 2.31378 181.755 -2.58039 0.890312 -4.75454
60 139.42 2.54371 181.062 -2.60193 0.943807 -4.45963
60 136.705 2.64637 179.57 -2.61588 1.09399 -4.155
60 133.454 2.15602 179.056 -2.57343 1.17573 -3.77961
60 130.847 2.76862 179.752 -2.62967 1.14848 -3.43121
60 128.727 3.20983 181.538 -2.68315 0.993332 -3.10368
60 126.698 3.07826 182.312 -2.68776 0.902089 -2.76499
60 124.474 2.43644 181.282 -2.63758 0.97762 -2.38785
60 122.51 2.04146 180.335 -2.59909 1.06581 -2.01784
60 120.812 2.7662 180.251 -2.66212 1.08678 -1.67265
60 119.49 3.21904 180.415 -2.71436 1.087 -1.33066
60 118.458 2.98289 181.505 -2.71041 0.996072 -1.00127
60 117.495 1.91558 182.368 -2.62259 0.902766 -0.67113
60 117.495 1.91558 182.368 -2.61226 0.872122 -0.419156
60 117.495 1.91558 182.368 -2.60192 0.83885 -0.145584
60 116.539 3.59507 180.738 -2.75963 0.97422 0.170924
60 116.539 3.59507 180.738 -2.78623 0.979424 0.431649
60 116.539 3.59507 180.738 -2.81283 0.984628 0.692375
60 116.539 3.59507 180.738 -2.83917 0.989782 0.950618
60 116.539 3.59507 180.738 -2.87008 0.995829 1.25356
60 121.1 2.67932 184.207 18.4957 -80.025 -94.3986
60 120.599 2.59651 183.726 9.74722 11.5822 -31.7824
60 122.018 1.99939 183.726 -2.75056 0.602754 1.4611
60 123.726 1.99788 182.105 -2.7419 0.71935 1.50699
60 125.771 3.16581 181.62 -2.85666 0.745908 1.50597
60 127.719 3.86769 182.279 -2.94639 0.660916 1.49586
60 129.606 2.87468 182.239 -2.87424 0.63657 1.47363
60 134.508 1.99101 182.076 -13.9223 -8.62757 -60.0361
60 134.508 1.99101 182.076 -2.76969 0.609437 1.2683
60 140.411 2.7024 182.312 2.95268 13.4361 -66.6971
60 143.443 1.89292 180.865 16.0591 34.3231 0.592074
60 146.407 2.18462 180.3 -2.79428 0.701705 0.343001
60 149.406 2.78475 181.118 -2.84554 0.640308 0.0582105
60 152.264 1.98182 182.023 -2.77963 0.551583 -0.240032
60 155.073 1.49435 181.738 -2.72296 0.554549 -0.570488
60 157.881 1.9841 181.205 -2.75043 0.590496 -0.911598
60 160.681 2.52523 180.894 -2.79509 0.616147 -1.29926
60 163.114 2.14286 180.433 -2.75986 0.664153 -1.6699
60 165.534 1.85273 180.004 -2.72501 0.719712 -2.06029
60 167.721 2.22101 179.778 -2.75079 0.764358 -2.45475
60 169.798 2.63136 180.235 -2.78931 0.743257 -2.85856
60 171.759 2.00108 180.948 -2.72921 0.684059 -3.25333
60 173.599 1.76806 181.246 -2.6967 0.65375 -3.71428
60 175.313 2.28247 180.437 -2.7362 0.732753 -4.11911
60 176.78 2.65353 179.501 -2.77253 0.845812 -4.56002
60 178.14 2.54583 178.781 -2.76755 0.953229 -4.98042
60 179.186 2.53069 179.445 -2.7695 0.932514 -5.38264
H_VAL   H_STEP_SIZE 60 0.1
ROLL KP KI KD 5 12 12
PITCH KP KI KD 5 12 12
YAW KP KI KD 5 0 12
60 157.315 3.19989 180.991 -0.0755075 -0.00153015 -1.07522
60 157.315 3.19989 180.991 -0.0929061 -0.00188619 -1.07522
60 157.315 3.19989 180.991 -0.110646 -0.00224223 -1.07522
60 157.315 3.19989 180.991 -0.128215 -0.00259827 -1.07522
60 157.315 3.19989 180.991 -0.145784 -0.0029543 -1.07522
60 157.315 3.19989 180.991 -0.163524 -0.0033138 -1.07522
60 157.315 3.19989 180.991 -0.181264 -0.00370381 -1.07522
60 157.315 3.19989 180.991 -0.200368 -0.00406044 -1.07522
60 157.315 3.19989 180.991 -0.21828 -0.00442339 -1.07522
60 157.315 3.19989 180.991 -0.236018 -0.00478289 -1.07522
60 157.315 3.19989 180.991 -0.252393 -0.00514584 -1.07522
60 157.315 3.19989 180.991 -0.270132 -0.00550533 -1.07522
60 157.315 3.19989 180.991 -0.288043 -0.00586828 -1.07522
60 157.315 3.19989 180.991 -0.305953 -0.00622778 -1.07522
60 157.315 3.19989 180.991 -0.323693 -0.00659014 -1.07522
60 157.315 3.19989 180.991 -0.341603 -0.00692257 -1.07522
60 157.315 3.19989 180.991 -0.359343 -0.00728207 -1.07522
60 157.315 3.19989 180.991 -0.377253 -0.00770724 -1.07522
60 157.315 3.19989 180.991 -0.396528 -0.00806673 -1.07522
60 157.315 3.19989 180.991 -0.414438 -0.00842957 -1.07522
60 157.315 3.19989 180.991 -0.435248 -0.00882029 -1.07522
60 157.317 2.95229 181.058 5.33223 -0.0152869 -1.07538
60 157.317 2.95229 181.058 -0.443202 -0.0171418 -1.07538
60 157.317 2.95229 181.058 -0.455549 -0.0189617 -1.07538
60 157.317 2.95229 181.058 -0.468014 -0.0207991 -1.07538
60 157.317 2.95229 181.058 -0.480361 -0.022619 -1.07538
60 157.317 2.95229 181.058 -0.493894 -0.0246139 -1.07538
60 157.317 2.95229 181.058 -0.506478 -0.0264688 -1.07538
60 157.317 2.95229 181.058 -0.518825 -0.0282887 -1.07538
60 157.317 2.95229 181.058 -0.53129 -0.030126 -1.07538
60 157.317 2.95229 181.058 -0.544824 -0.0321209 -1.07538
60 157.317 2.95229 181.058 -0.557289 -0.0339583 -1.07538
60 157.317 2.95229 181.058 -0.568686 -0.0357956 -1.07538
60 157.074 2.83435 181.042 -0.569994 -0.0359035 -1.05422
60 157.074 2.83435 181.042 -0.579866 -0.0373755 -1.05422
60 157.074 2.83435 181.042 -0.589832 -0.0388614 -1.05422
60 157.074 2.83435 181.042 -0.600456 -0.0404455 -1.05422
60 156.729 2.85749 180.938 -0.612659 -0.0319136 -1.02413
60 156.729 2.85749 180.938 -0.62304 -0.0311071 -1.02413
60 156.729 2.85749 180.938 -0.63342 -0.0303006 -1.02413
60 156.729 2.85749 180.938 -0.643801 -0.0294941 -1.02413
60 156.241 2.87039 180.838 -0.654659 -0.018652 -0.981515
60 156.241 2.87039 180.838 -0.665221 -0.0156714 -0.981515
60 155.656 2.84134 180.965 -0.672863 -0.0265018 -0.930498
60 155.066 2.86035 180.867 -0.684776 -0.0165234 -0.878935
60 154.376 2.86029 180.885 -0.695314 -0.0157555 -0.818764
60 154.376 2.86029 180.885 -0.705657 -0.0137934 -0.818764
60 153.305 2.95721 180.465 -0.725957 0.0308282 -0.725302
60 152.364 2.95381 180.49 -0.738071 0.0394909 -0.64319
60 151.173 3.15301 179.745 -0.75045 12.814 24.4105
60 151.173 3.15301 179.745 -0.784713 0.142139 -0.539232
60 149.596 3.55346 179.184 -0.841228 0.224629 -0.401581
60 148.558 3.33137 179.627 -0.845486 0.220393 -0.311038
60 147.504 2.56773 180.628 -0.792611 0.153453 -0.21909
60 146.446 3.12346 181.18 -0.848258 0.109832 -0.126711
60 145.336 3.92842 180.144 -0.939118 0.201335 -0.029836
60 145.336 3.92842 180.144 -0.972726 0.219429 -0.029836
60 145.336 3.92842 180.144 -1.00633 0.237524 -0.029836
60 142.866 3.41616 178.487 -0.986121 0.430591 0.185689
60 141.971 2.54463 180.027 -0.919739 0.327782 0.263766
60 141.002 2.87313 181.504 -0.95669 0.197941 0.348315
60 140.047 3.85921 181.157 -1.06784 0.221666 0.431681
60 139.242 3.77655 179.079 -1.09152 0.429518 0.501947
60 138.474 3.14025 177.88 -1.05689 0.592967 0.56895
60 137.779 2.7381 178.968 -1.03462 0.555653 0.629605
60 137.332 3.67459 180.695 -1.13116 0.436031 0.668631
60 137.092 4.69851 181.229 -1.25417 0.392613 0.689582
60 137.092 4.69851 181.229 -1.30455 0.387068 0.689582
60 137.055 3.04579 180.089 -1.18095 0.501532 0.692754
60 137.421 2.29479 179.172 -1.11485 0.619508 0.660852
60 138.527 5.23173 180.755 -1.39564 0.505976 0.564307
60 139.448 5.59873 182.068 -1.48759 0.38619 0.483918
60 140.292 3.7418 181.471 -1.38259 0.418594 0.410309
60 140.986 1.99163 180.219 -1.24319 0.528519 0.349714
60 142.189 3.01658 179.7 -1.32972 0.592942 0.244797
60 143.261 4.75113 180.249 -1.50805 0.569043 0.151192
60 143.261 4.75113 180.249 -1.55908 0.58607 0.151192
60 145.2 4.7975 180.422 -1.62012 0.583012 -0.0180081
60 146.781 2.72967 180.096 -1.45402 0.631884 -0.155961
60 148.211 1.7189 180.251 -1.3567 0.631222 -0.280795
60 149.524 2.65741 180.723 -1.44114 0.597344 -0.39537
60 149.524 2.65741 180.723 -1.44707 0.602873 -0.39537
60 152.149 3.54205 180.995 -1.54179 0.581184 -0.624436
60 153.293 2.22376 179.585 -1.43752 0.719674 -0.72421
60 153.974 1.61627 178.609 -1.3742 0.846244 -0.783694
60 154.692 3.42132 179.946 -43.5238 -30.3201 -17.5586
60 154.976 4.15784 181.392 -1.60826 0.670304 -0.871081
60 154.976 4.15784 181.392 -1.64389 0.661122 -0.871081
60 154.838 1.68161 180.375 -1.43514 0.754509 -0.859094
60 154.704 1.12266 179.195 -1.36375 0.885706 -0.847413
60 154.212 3.61061 179.65 -1.56247 0.883393 -0.804467
60 153.903 4.13636 180.958 -12.6479 -26.5939 5.70372
60 153.903 4.13636 180.958 -1.67479 0.796292 -0.777462
60 153.903 4.13636 180.958 -1.71329 0.796651 -0.777462
60 152.597 1.09015 180.855 -1.42472 0.808089 -0.663547
60 150.992 3.52383 178.307 -1.62645 1.05179 -0.523441
60 150.992 3.52383 178.307 -1.65149 1.11046 -0.523441
60 149.642 4.38643 177.864 -1.77118 1.21821 -0.405611
60 148.786 2.80516 179.355 -1.64507 1.12614 -0.330942
60 147.999 1.70253 182.633 -1.53369 0.920801 -0.262223
60 147.178 2.45415 182.633 -1.60079 0.790661 -0.19057
60 146.157 3.15391 179.881 -1.66981 1.01971 -0.101503
60 145.899 2.91234 178.735 -1.66212 1.15248 -0.0789911
60 145.807 3.60093 180.388 -1.67359 -37.4041 2.06102
60 145.865 3.85522 181.541 -1.76042 1.06719 -0.070996
60 145.865 3.85522 181.541 -1.81493 0.954098 -0.076015
60 146.06 2.23603 180.922 -1.69137 1.00125 -0.0930354
60 146.18 1.63777 180.138 -1.63033 1.07803 -0.103499
60 146.18 1.63777 180.138 -1.61404 1.09626 -0.103499
60 146.669 4.93223 180.757 -1.93945 1.0506 -0.146209
60 147.046 5.86527 181.615 -2.08579 0.967477 -0.179133
60 147.276 3.22997 180.827 -1.90472 1.03066 -0.199195
60 147.379 0.661079 180.193 -1.66611 1.09755 -0.208185
60 147.379 0.661079 180.193 -1.63144 1.11326 -0.208185
60 147.484 3.42053 180.161 -1.85441 1.13381 -0.217314
60 147.73 4.11901 180.236 -1.94325 1.14464 -0.238762
60 147.719 2.50526 180.009 -1.83176 1.18193 -0.237863
60 147.733 1.13427 180.209 -1.70702 1.18482 -0.239031
60 147.733 1.13427 180.209 -1.67977 1.20151 -0.239031
60 147.761 2.76192 180.796 -1.82403 1.15638 -0.241473
60 147.751 3.51917 180.658 -1.91362 1.17518 -0.240638
60 147.737 1.69966 180.73 -1.75438 1.17488 -0.23937
60 147.737 1.69966 180.73 -1.7393 1.17975 -0.23937
60 147.643 1.90484 181.267 -1.74538 1.12943 -0.231156
60 147.643 1.90484 181.267 -1.73481 1.123 -0.231156
60 147.596 3.14338 179.481 -1.85282 1.30202 -0.22708
60 147.494 1.76929 179.68 -1.7293 1.31483 -0.218199
60 147.154 0.711609 181.642 -1.61171 1.15032 -0.188553
60 146.686 1.89243 182.479 -1.6908 1.05348 -0.147701
60 146.101 3.17218 181.804 -1.80799 1.08796 -0.0966612
60 145.351 3.16912 180.267 -1.82495 1.22349 -0.0312027
60 144.387 1.56266 180.02 -1.68434 1.26314 0.0529674
60 143.547 1.31074 181.155 -1.64216 1.17469 0.126274
60 142.826 2.7895 181.421 -1.75841 1.14552 0.18919
60 141.973 3.33731 180.542 -1.81697 1.21561 0.263603
60 141.973 3.33731 180.542 -1.8375 1.22493 0.263603
60 140.399 1.56344 181.415 -1.68097 1.1472 0.40101
60 139.661 1.40144 182.834 -1.64686 0.995604 0.465374
60 138.829 2.33557 182.59 -1.71712 0.979067 0.537996
60 138.065 2.82607 180.96 -1.7652 1.10698 0.60466
60 137.441 2.21687 180.002 -1.71385 1.20313 0.659135
60 136.604 1.32398 181.019 -1.62403 1.12619 0.73215
60 135.889 2.01831 182.051 -1.66768 1.02358 0.794561
60 134.878 2.86432 181.188 -1.74061 1.08341 0.882764
60 133.998 2.17444 180.175 -1.68441 1.17656 0.959541
60 132.86 1.26173 180.55 -1.59456 1.16078 1.0589
60 131.887 2.18264 180.979 -20.94 -7.86196 21.5186
60 131.98 2.19939 180.979 -1.64979 1.13156 1.13564
60 131.372 2.71101 180.972 -1.70074 1.13228 1.18875
60 130.742 2.15177 181.364 -1.65083 1.09241 1.24372
60 130.243 1.79321 181.588 -1.61003 1.06113 1.28722
60 130.243 1.79321 181.588 -1.59713 1.04778 1.28722
60 129.72 2.73319 180.395 -1.67657 1.15164 1.33291
60 129.72 2.73319 180.395 -1.68414 1.16427 1.33291
60 129.489 1.72865 181.447 -1.58372 1.06404 1.35305
60 129.491 1.83813 181.752 -1.58128 1.02117 1.3529
60 129.47 2.89108 180.602 -1.67583 1.1215 1.35469
60 129.578 2.36356 180.099 -1.63606 1.17758 1.3453
60 129.578 1.46831 181.293 -1.57265 1.09123 1.3435
60 129.741 2.55657 181.577 -22.192 -5.5511 -1.98167
60 129.741 2.55657 181.577 -1.63962 1.04585 1.33108
60 129.977 2.53255 180.548 -1.64077 1.14304 1.31049
60 130.233 1.91629 180.509 -1.57897 1.15647 1.28812
60 130.383 2.10217 181.474 -1.58795 1.06648 1.27499
60 130.383 2.10217 181.474 -1.58184 1.0556 1.27499
60 130.622 2.07236 180.446 -1.57262 1.14754 1.25421
60 130.622 2.07236 180.446 -1.5658 1.15905 1.25421
60 130.88 2.66888 181.344 -1.61879 1.08081 1.23167
60 130.88 2.66888 181.344 -1.62496 1.07277 1.23167
60 131.376 2.09363 180.944 -1.57782 1.10176 1.18839
60 131.376 2.09363 180.944 -1.57147 1.10243 1.18839
60 131.617 3.07313 181.002 -1.66673 1.09706 1.16734
60 131.617 3.07313 181.002 -1.68157 1.09643 1.16734
60 132.016 1.65607 181.362 -1.54454 1.05723 1.1325
60 132.016 1.65607 181.362 -1.52865 1.04806 1.1325
60 132.101 2.68044 180.187 -1.62082 1.16437 1.12514
60 132.222 1.75813 180.277 -1.54006 1.17312 1.11458
60 132.263 1.96185 181.242 -1.54567 1.09704 1.111
60 132.266 2.64999 181.672 -1.60145 1.05052 1.11072
60 132.266 2.64999 181.672 -1.60716 1.03417 1.11072
60 132.121 1.94671 180.989 -1.53879 1.09222 1.12336
60 131.878 2.68907 181.576 -1.59937 1.03634 1.14461
60 131.878 2.68907 181.576 -1.60598 1.02324 1.14461
60 131.878 2.68907 181.576 -1.61253 4.04109 4.3983
60 131.738 2.21937 181.496 -1.56789 1.00491 1.15676
60 131.764 2.51787 181.125 -1.5952 1.0326 1.15453
60 131.764 2.51787 181.125 -1.59833 1.02933 1.15453
60 131.764 2.51787 181.125 -1.60119 1.02609 1.15453
60 131.374 2.14098 180.84 -1.56708 1.05079 1.18853
60 131.365 2.53944 180.517 -1.6002 1.08479 1.1893
60 131.365 2.53944 180.517 -1.60355 1.09476 1.1893
60 131.125 2.24413 180.892 -1.57894 1.06917 1.21024
60 131.125 2.24413 180.892 -1.57586 1.07097 1.21024
60 130.878 2.40361 181.096 -1.58901 1.05196 1.23184
60 130.878 2.40361 181.096 -1.5894 1.04909 1.23184
60 130.581 2.73075 180.373 -1.62019 1.11385 1.25776
60 130.581 2.73075 180.373 -1.62779 1.12707 1.25776
60 130.581 2.73075 180.373 -1.63531 1.1403 1.25776
60 130.581 2.73075 180.373 -1.6429 1.1534 1.25776
60 130.581 2.73075 180.373 -1.65042 1.1665 1.25776
60 130.987 2.81853 181.284 -1.66761 1.08022 1.22232
60 131.118 2.909 180.817 -1.68543 1.1168 1.2109
60 131.118 2.909 180.817 -1.69683 1.12024 1.2109
60 131.606 3.05225 180.491 -1.72334 1.15808 1.16829
60 132.012 2.72933 181.213 -1.708 1.10164 1.13291
60 132.012 2.72933 181.213 -1.71549 1.09646 1.13291
60 132.151 3.25849 181.442 -1.7798 1.06661 1.12076
60 131.976 2.71101 180.957 -1.74599 1.10328 1.136
60 131.976 2.71101 180.957 -1.75308 1.10367 1.136
60 131.976 2.71101 180.957 -1.76018 1.10406 1.136
60 131.484 2.9272 181.319 -1.79007 1.06626 1.17891
60 131.127 3.24065 181.471 -1.83341 1.04349 1.21009
60 131.127 3.24065 181.471 -1.85186 1.03279 1.21009
60 130.488 3.02208 181.393 -2.20514 1.02902 -0.184177
60 130.488 3.02208 181.393 -1.86442 1.02001 1.26588
60 130.134 3.18862 181.859 -1.89599 0.961627 1.29674
60 130.134 3.18862 181.859 -1.91332 0.938648 1.29674
60 129.87 3.06178 181.05 -1.91736 1.00987 1.3198
60 129.87 3.06178 181.05 -1.93322 1.00824 1.3198
60 129.736 3.11808 181.461 -1.95372 0.965421 1.33151
60 129.736 3.11808 181.461 -1.96953 0.954928 1.33151
60 129.729 2.95315 181.004 -1.9702 0.986693 1.3321
60 129.729 2.95315 181.004 -1.98256 0.986058 1.3321
60 129.596 2.85679 181.471 -1.98609 0.942073 1.34367
60 129.596 2.85679 181.471 -1.99636 0.931273 1.34367
60 129.63 3.33406 181.818 -2.05438 0.885699 1.34073
60 129.63 3.33406 181.818 -2.07504 0.867328 1.34073
60 129.739 2.29382 181.327 -1.98771 0.899903 1.33124
60 129.84 2.43161 180.758 -1.99976 0.950281 1.3224
60 129.982 3.42542 181.344 -2.10207 0.895322 1.31004
60 129.996 3.34194 182.063 -2.11637 0.815303 1.30884
60 129.849 2.49983 181.422 -2.05916 0.850936 1.32162
60 129.966 3.09373 180.431 -2.11572 0.931459 1.31142
60 129.966 3.09373 180.431 -2.13114 0.943312 1.31142
60 130.235 3.17176 181.344 -2.15395 0.867157 1.28792
60 130.497 2.62961 181.968 -2.11996 0.799943 1.26507
60 131.117 3.22206 180.959 -14.5865 22.005 -11.7704
60 131.117 3.22206 180.959 -2.19509 0.868616 1.21098
60 131.46 3.03785 180.238 -2.19353 0.946375 1.18101
60 131.878 3.00295 181.716 -2.20457 0.828138 1.14455
60 131.878 3.00295 181.716 -2.21802 0.811985 1.14455
60 131.868 2.92312 181.053 -2.22392 0.859799 1.14547
60 131.868 2.92312 181.053 -2.23574 0.858069 1.14547
60 131.868 2.92312 181.053 -2.24746 0.856357 1.14547
60 131.872 3.14331 181.403 -2.28318 0.816548 1.14508
60 131.872 3.14331 181.403 -2.29953 0.807315 1.14508
60 131.872 3.14331 181.403 -2.31603 0.797187 1.14508
60 131.374 2.97713 181.218 -2.31501 0.807728 1.18858
60 131.374 2.97713 181.218 -2.32901 0.802435 1.18858
60 131.617 3.07313 181.002 -4.5846 5.82796 -4.49613
60 131.617 3.07313 181.002 -2.36544 0.81574 1.16734
60 131.617 3.07313 181.002 -2.38042 0.815139 1.16734
60 131.617 3.07313 181.002 -2.39525 0.814543 1.16734
60 132.254 3.03397 181.09 -2.40667 0.80562 1.11174
60 132.254 3.03397 181.09 -2.4208 0.803104 1.11174
60 132.506 3.15273 181.386 -2.44593 0.773213 1.08979
60 132.506 3.15273 181.386 -2.46265 0.764265 1.08979
60 132.506 3.2576 181.432 -2.49042 0.750445 1.08979
60 132.506 3.2576 181.432 -2.50942 0.740492 1.08979
60 132.642 3.09898 181.231 -2.51311 0.74988 1.07787
60 132.642 3.09898 181.231 -2.52865 0.744293 1.07787
60 132.642 3.09898 181.231 -2.5442 0.738706 1.07787
60 132.745 3.08285 180.972 -2.55812 0.756709 1.06892
60 132.745 3.08285 180.972 -2.57331 0.756766 1.06892
60 132.611 2.98616 181.185 -2.57861 0.734718 1.08059
60 132.339 3.08692 180.11 -2.60161 0.835888 1.10434
60 132.096 2.56411 179.884 -2.56743 0.876078 1.12557
60 131.627 2.31494 181.289 -2.54821 0.769484 1.16644
60 130.89 2.75161 182.263 -2.58785 0.669937 1.23075
60 130.89 2.75161 182.263 -2.59582 0.641874 1.23075
60 129.71 2.87958 180.084 -2.61753 0.833469 1.33375
60 129.71 2.87958 180.084 -2.62829 0.852866 1.33375
60 127.551 2.46609 180.192 -2.59986 0.862084 1.52215
60 126.299 3.57738 182.582 -2.70488 0.657051 1.63141
60 125.304 3.44396 183.585 -2.71844 0.5266 1.71826
60 124.099 2.17791 181.284 -2.6255 0.678157 1.82345
60 123.415 1.99481 178.73 -2.60335 0.917267 1.88313
60 123.415 1.99481 178.73 -2.59484 0.969923 1.88313
60 122.622 3.79283 180.245 -2.776 0.856642 1.95231
60 122.444 3.28514 182.846 -2.75225 0.592408 1.96783
60 122.138 1.9093 181.054 -2.64147 0.54976 1.99408
60 122.138 1.9093 181.054 -2.61502 0.705282 1.99458
60 123.269 5.30652 180.641 -2.82889 0.824255 1.96381
60 123.15 5.27908 180.637 -3.00685 0.771563 1.90619
60 124.884 1.87271 181.621 76.5035 -19.9268 -34.553
60 126.033 1.42637 181.497 -2.71248 0.687326 1.65464
60 127.451 3.70613 181.572 -55.9471 -1.08338 1.52901
60 128.852 4.22828 180.858 -13.909 15.5586 -27.9436
60 129.819 2.61298 179.831 33.4326 24.715 -24.7966
60 130.975 2.27 180.279 -2.87302 0.838024 1.32425
60 130.975 2.27 180.279 -2.84057 0.813982 1.22334
60 132.014 3.52051 181.69 -2.96994 0.677653 1.13269
60 133.38 2.47201 180.939 -2.89371 0.73736 1.01346
60 134.341 2.19854 179.806 -2.86831 0.853664 0.929597
60 135.221 3.18333 179.822 -2.96429 0.877457 0.852791
60 136.103 3.73043 180.884 -3.03657 0.796607 0.775826
60 136.346 2.70932 180.343 -2.9712 0.848716 0.754687
60 136.336 2.83748 180.024 -2.99038 0.892621 0.755498
60 136.845 3.00931 181.436 -3.01596 0.785015 0.71109
60 136.845 3.00931 181.436 -3.02942 0.775066 0.71109
60 138.459 2.54083 182.679 -2.99882 0.647329 0.570231
60 138.079 1.82306 182.293 13.7651 9.62909 9.46461
60 138.079 1.82306 182.293 -2.92597 0.615911 0.60346
60 137.219 1.21154 182.565 -2.85472 0.560916 0.678477
60 137.37 2.39248 183.023 -2.94086 0.483009 0.665304
60 137.37 2.39248 183.023 -2.94101 0.4384 0.665304
60 137.546 3.92277 180.047 -3.10003 0.702687 0.649915
60 137.772 2.71377 178.713 -3.00598 0.8638 0.63023
60 138.065 2.29113 180.755 -2.97094 0.708838 0.604623
60 138.591 3.58105 182.21 -3.09793 0.568022 0.558704
60 139.544 2.81398 180.669 14.795 36.5389 -21.6978
60 140.255 2.27804 179.117 9.45469 33.333 -14.4677
60 140.255 2.27804 179.117 -3.01481 0.864001 0.413549
60 141.635 3.64464 181.752 -3.14172 0.655583 0.293146
60 142.386 2.91743 183.535 -3.10099 0.457002 0.227564
60 143.325 1.78305 182.642 -3.00313 0.487394 0.145666
60 144.39 2.65899 180.733 -3.0744 0.634937 0.0526521
60 145.439 4.72461 179.908 -3.28354 0.721361 -0.0388336
60 145.439 4.72461 179.908 -3.33449 0.744605 -0.0388336
60 147.3 2.47833 182.158 -3.15651 0.538223 -0.201293
60 148.84 1.81604 182.884 -3.0956 0.441747 -0.335643
60 150.611 3.57761 181.293 -3.24997 0.553835 -0.490216
60 151.851 3.89688 179.559 -3.30724 0.714087 -0.598429
60 153.41 3.00655 179.768 -3.25522 0.723414 -0.734466
60 153.41 3.00655 179.768 -3.26888 0.749956 -0.734466
60 156.054 3.86753 182.226 -3.36854 0.530331 -0.96519
60 157.55 2.70281 181.704 -3.29074 0.553128 -1.09576
60 158.813 2.93382 180.548 -3.31928 0.644352 -1.20591
60 159.957 4.03144 180.247 -3.43333 0.681738 -1.30582
60 160.79 3.05615 180.517 -3.38094 0.673234 -1.37852
60 -1.41742e+21 3.05615 180.517 -3.39569 0.683308 -1.37852
60 161.373 2.79402 180.69 -3.38221 0.674764 -1.42937
60 161.373 2.79402 180.69 -3.39119 0.680965 -1.42937
60 161.834 3.11958 180.15 -3.43406 0.743365 -1.46958
60 161.834 3.11958 180.15 -3.4502 0.761505 -1.46958
60 161.039 1.54932 181.187 -3.31484 0.677876 -1.40023
60 160.335 2.1128 180.598 -3.35128 0.729984 -1.33882
60 159.481 4.00275 179.792 -3.52005 0.812871 -1.26428
60 158.563 3.21828 180.259 -3.48306 0.795741 -1.18411
60 157.666 2.39078 181.522 15.829 -28.6919 19.752
60 157.666 2.39078 181.522 -3.42772 0.686842 -1.10589
60 156.869 3.64391 181.68 -3.56261 0.657716 -1.03627
60 156.869 3.64391 181.68 -3.58791 0.64221 -1.03627
60 154.571 2.7746 179.686 -3.53026 0.823747 -0.835781
60 153.434 2.23684 180.527 -3.48882 0.774024 -0.736542
60 152.385 3.06831 181.461 -3.5611 0.698823 -0.645045
60 151.425 3.89166 180.991 -4.16346 0.730967 -1.71793
60 150.707 3.39938 180.177 7.81528 19.7483 16.2025
60 150.707 3.39938 180.177 -3.66287 0.820749 -0.498612
60 149.913 3.43292 181.395 -3.68878 0.707178 -0.429293
60 149.116 4.00077 182.768 -3.77419 0.54756 -0.359769
60 148.282 3.61855 182.813 -3.76563 0.503231 -0.286941
60 147.64 3.57559 181.275 -3.78847 0.628453 -0.230922
60 147.64 3.57559 181.275 -3.81439 0.621915 -0.230922
60 146.581 3.1379 181.538 -3.79776 0.589374 -0.138525
60 146.109 2.89472 182.318 -3.79084 0.501763 -0.0973192
60 146.109 2.89472 182.318 -3.80204 0.472231 -0.0973192
60 146.087 3.59264 181.214 -3.88058 0.549209 -0.0954011
60 146.087 3.59264 181.214 -3.90713 0.543954 -0.0954011
60 146.68 3.27611 181.458 -3.90116 0.513868 -0.147113
60 147.752 2.57747 181.819 12.3996 -7.91377 -25.1887
60 147.752 2.57747 181.819 -3.86283 0.45263 -0.240668
60 148.578 2.96635 181.311 -3.90893 0.488553 -0.312764
60 149.517 3.93245 180.834 -4.02102 0.531215 -0.394746
60 150.377 3.33524 180.88 -3.99174 0.529411 -0.46978
60 151.301 3.33376 180.853 -4.01268 0.53427 -0.550371
60 151.301 3.33376 180.853 -4.03373 0.536982 -0.550371
60 152.373 3.65016 181.015 -4.08577 0.522895 -0.643957
60 152.961 3.37716 180.693 -4.08622 0.554272 -0.695276
60 153.686 3.30692 181.007 -4.09971 0.530276 -0.758553
60 153.686 3.30692 181.007 -4.11978 0.529582 -0.758553
60 153.686 3.30692 181.007 -4.14004 0.528882 -0.758553
60 154.387 3.56592 181.398 -4.15838 -7.69738 -17.1234
60 154.387 3.56592 181.398 -4.20694 0.48482 -0.819692
60 154.47 3.42692 179.953 -4.21971 0.615107 -0.826969
60 154.458 3.193 179.431 -4.22004 0.687979 -0.82591
60 154.248 3.02034 180.69 -4.22208 0.607296 -0.807604
60 153.803 3.83943 181.717 -23.3701 -23.3823 9.58578
60 153.803 3.83943 181.717 -4.34103 0.505654 -0.768775
60 152.687 2.94687 179.536 -4.29187 0.688163 -0.671382
60 152.687 2.94687 179.536 -4.3041 0.719494 -0.671382
60 151.679 2.8423 180.952 -4.30628 0.61219 -0.583396
60 150.885 3.43594 182.311 -4.37584 0.476457 -0.514072
60 150.885 3.43594 182.311 -4.39894 0.447076 -0.514072
60 149.503 3.20001 180.04 -4.39839 0.645301 -0.393492
60 149.503 3.20001 180.04 -4.4163 0.665848 -0.393492
60 148.217 2.72723 180.895 -4.38681 0.600713 -0.281278
60 147.785 3.10391 182.087 -4.43135 0.485224 -0.243563
60 147.289 3.76029 181.461 -4.50829 0.518742 -0.200279
60 147.363 3.46295 180.417 -4.51089 0.605067 -0.206787
60 147.638 2.58452 180.987 15.9401 -12.7119 -6.62635
60 148.015 2.4419 182.725 -1.12882 -40.0328 -9.02942
60 148.015 2.4419 182.725 -4.44885 0.372788 -0.263642
70 149.311 2.83897 181.372 -4.48709 0.456748 -0.376708
70 150.214 3.84826 179.837 -4.59009 0.591335 -0.455577
70 150.214 3.84826 180.654 -4.62226 0.616365 -0.455577
70 151.77 3.47632 180.756 -4.61402 0.541015 -0.591374
70 153.452 1.62255 182.618 -4.46226 0.369283 -0.738158
70 154.854 1.45473 182.436 -4.42961 0.350313 -0.860488
70 156.242 3.0944 180.885 -4.56264 0.462185 -0.981551
70 157.598 4.52027 179.609 -4.7161 0.587502 -1.09996
70 158.915 3.06201 179.87 -4.6251 0.592876 -1.21481
70 158.915 3.06201 179.87 -4.63998 0.61717 -1.21481
70 158.915 3.06201 179.87 -4.65486 0.641463 -1.21481
70 161.509 2.29015 181.649 -4.59525 0.493983 -1.4412
70 162.297 3.19467 180.381 -4.68213 0.603615 -1.51002
70 163.198 3.997 179.663 -4.77598 0.684944 -1.58864
70 164.508 3.23541 180.902 -4.81175 0.714063 -32.1753
70 164.508 3.23541 180.902 -4.76558 0.607636 -1.70291
70 165.537 3.0757 180.39 -4.76844 0.66149 -1.79277
70 166.181 3.69513 179.062 -4.84572 0.811063 -1.84892
70 166.181 3.69513 179.062 -4.87452 0.849518 -1.84892
70 166.181 3.69513 179.062 -4.90333 0.891579 -1.84892
70 166.181 3.69513 179.062 -4.93213 0.933639 -1.84892
70 166.181 3.69513 179.062 -4.96093 0.9757 -1.84892
70 167.735 2.60383 180.51 -4.88691 0.881714 -1.98457
70 167.6 2.68933 179.716 -4.89949 0.964217 -1.9728
70 167.6 2.68933 179.716 -4.90669 0.994015 -1.9728
70 167.131 3.36963 179.803 -4.97665 1.01383 -1.93182
70 167.131 3.36963 179.803 -4.99809 1.03959 -1.93182
70 165.988 359.746 181.123 -5.01787 -26.6901 24.7566
70 165.988 359.746 181.123 -4.64305 0.944461 -1.83211
70 165.068 0.0298055 179.773 -4.61447 1.08135 -1.75181
70 164.015 0.840822 178.961 -4.64807 1.19384 -1.65989
70 162.757 2.15591 180.327 -4.7531 1.09379 -1.55017
70 160.958 3.16746 182.622 -4.85323 0.869372 -1.39313
70 159.562 3.38023 182.589 -4.8923 0.836944 -1.2713
70 158.225 2.97479 180.338 -4.8723 1.03475 -1.15465
70 156.892 2.75192 178.574 -4.86212 1.23191 -1.03834
70 155.167 1.87851 179.475 -4.78427 1.19609 -0.887791
70 153.668 1.38833 181.619 -4.72488 1.01819 -0.756931
70 152.39 1.90282 182.354 -4.75423 0.931522 -0.645461
70 151.088 3.44377 181.36 -4.89251 0.999414 -0.531836
70 151.088 3.44377 181.36 -4.91778 0.990214 -0.531836
70 151.088 3.44377 181.36 -4.94083 0.981821 -0.531836
70 147.613 2.68473 179.824 -4.88966 1.12435 -0.228556
70 146.548 1.52689 181.296 -4.78397 1.00489 -0.135671
70 145.599 0.855876 182.662 -4.6989 0.86396 -0.0527981
70 144.995 1.80836 181.891 -4.75557 0.899926 -0.000104606
70 144.59 3.40758 179.884 -4.89428 1.06981 0.0352132
70 144.545 4.41681 178.643 -5.01349 1.21285 0.0391275
70 144.545 4.41681 178.643 -5.06114 1.26755 0.0391275
70 144.723 2.6132 181.658 24.0133 -27.2557 -9.03609
70 145.125 2.60621 181.658 -4.94048 1.00134 -0.011467
70 145.832 0.911624 181.718 -4.76549 0.981176 -0.07312
70 146.671 1.36442 180.647 -4.77933 1.07399 -0.14636
70 147.462 3.09547 179.232 -4.93331 1.22546 -0.215402
70 148.383 4.05062 178.764 -5.04323 1.31018 -0.295789
70 148.383 4.05062 178.764 -5.0795 1.35834 -0.295789
70 150.331 2.97781 179.959 -4.99804 1.27493 -0.465791
70 151.905 2.00548 180.973 -4.90885 1.19002 -0.60309
70 153.545 1.66154 181.45 -4.86433 1.14029 -0.74625
70 154.966 0.897458 181.254 -4.76703 1.15039 -0.870244
70 156.6 359.907 180.448 -4.63091 1.22803 -1.01279
70 158.11 359.978 180.112 -4.588 1.27366 -1.14463
70 159.513 1.01777 180.184 -4.64444 1.28528 -1.26705
70 161.932 3.12996 180.033 -4.80665 1.31633 -1.47816
70 163.552 3.26098 179.892 -7.57889 4.63515 -39.3166
70 164.947 1.96271 180.028 25.4737 -1.80117 -34.1973
H_VAL   H_STEP_SIZE 60 0.1
ROLL KP KI KD 5 5 12
PITCH KP KI KD 5 5 12
YAW KP KI KD 5 0 12
60 166.472 2.08613 180.939 0.0272182 0.00325141 -1.8743
60 166.472 2.08613 180.939 0.0300132 0.00358529 -1.8743
60 166.472 2.08613 180.939 0.0326253 0.00389733 -1.8743
60 166.472 2.08613 180.939 0.0354464 0.00423745 -1.8743
60 166.483 2.48772 181.448 0.00264375 -0.0406316 -1.87528
60 166.483 2.48772 181.448 0.00159072 -0.0455038 -1.87528
60 166.483 2.48772 181.448 0.000618003 -0.0500043 -1.87528
60 166.483 2.48772 181.448 -0.000292247 -0.0545458 -1.87528
60 166.483 2.48772 181.448 -0.00129174 -0.0588402 -1.87528
60 166.483 2.48772 181.448 -0.00221091 -0.0630931 -1.87528
60 166.483 2.48772 181.448 -0.00329963 -0.0681304 -1.87528
60 166.483 2.48772 181.448 -0.00431929 -0.0727961 -1.87528
60 166.483 2.48772 181.448 -0.00523615 -0.0770902 -1.87528
60 166.483 2.48772 181.448 -0.00616425 -0.0813843 -1.87528
60 166.483 2.48772 181.448 -0.00710127 -0.0857197 -1.87528
60 166.483 2.48772 181.448 -0.00803829 -0.0900551 -1.87528
60 166.483 2.48772 181.448 -0.00897531 -0.0943905 -1.87528
60 166.483 2.72906 181.361 -0.0318415 -0.0913043 -1.87527
60 166.483 2.72906 181.361 -0.0349599 -0.0948119 -1.87527
60 166.483 2.72906 181.361 -0.0380783 -0.0983196 -1.87527
60 166.483 2.72906 181.361 -0.0411968 -0.101827 -1.87527
60 166.483 2.72906 181.361 -0.0443152 -0.105335 -1.87527
60 166.483 2.72906 181.361 -0.0477334 -0.10918 -1.87527
60 166.483 2.72906 181.361 -0.0508818 -0.112721 -1.87527
60 166.483 2.72906 181.361 -0.0540002 -0.116229 -1.87527
60 166.483 2.72906 181.361 -0.0571486 -0.11977 -1.87527
60 166.483 2.72906 181.361 -0.060297 -0.123311 -1.87527
60 166.483 2.72906 181.361 -0.0634154 -0.126819 -1.87527
60 166.483 2.72906 181.361 -0.0665638 -0.13036 -1.87527
60 166.483 2.72906 181.361 -0.0697422 -0.133936 -1.87527
60 166.483 2.72906 181.361 -0.0728906 -0.137477 -1.87527
60 166.483 2.72906 181.361 -0.076039 -0.141018 -1.87527
60 166.247 2.73815 181.253 -0.0800606 -0.134587 -1.85466
60 166.247 2.73815 181.253 -0.0830461 -0.136944 -1.85466
60 166.247 2.73815 181.253 -0.0862779 -0.139496 -1.85466
60 166.247 2.73815 181.253 -0.0895404 -0.142072 -1.85466
60 166.247 2.73815 181.253 -0.0928029 -0.144649 -1.85466
60 165.895 2.73141 181.262 -0.0954146 -0.147991 -1.82402
60 165.895 2.73141 181.262 -0.0985845 -0.150621 -1.82402
60 165.558 2.73255 181.27 -0.101888 -0.153971 -1.79455
60 165.558 2.73255 181.27 -0.104826 -0.156466 -1.79455
60 165.088 2.72329 181.281 -0.107179 -0.160255 -1.75359
60 164.515 2.71941 181.294 -0.109956 -0.16429 -1.70359
60 164.515 2.71941 181.294 -0.113045 -0.167247 -1.70359
60 164.055 2.74963 181.078 -0.118951 -0.149822 -1.66342
60 164.055 2.74963 181.078 -0.122319 -0.150779 -1.66342
60 163.12 2.79017 180.761 -0.129319 -0.121246 -1.58181
60 162.06 2.96471 180.352 -3.80397 8.48522 20.7031
60 162.06 2.96471 180.352 -0.154209 -0.0770089 -1.48934
60 161.115 3.57123 179.548 -0.216257 0.00401902 -1.40688
60 161.115 3.57123 179.548 -0.227018 0.0179647 -1.40688
60 158.95 4.20703 178.1 -0.294262 0.160526 -1.21789
60 158.174 4.33679 179.318 -3.04023 -25.4436 -1.15017
60 157.648 4.05193 180.8 -0.315123 -0.0387181 -1.10429
60 156.855 3.39922 181.162 14.9163 -0.0692832 -1.0351
60 156.855 3.39922 181.162 -0.282298 -0.0710187 -1.0351
60 154.885 4.76799 178.713 -32.2649 57.1527 44.989
60 154.885 4.76799 178.713 -0.43403 0.163685 -0.863155
60 153.906 5.26317 178.63 -0.500478 0.190568 -0.777757
60 153.434 3.24163 180.764 -0.339497 0.0142328 -0.736542
60 152.619 2.212 182.544 -0.254375 -0.143656 -0.665468
60 152.032 3.70529 181.276 -0.387759 -0.0435266 -0.61419
60 151.47 4.29191 178.962 -0.452826 0.162747 -0.565177
60 150.965 3.66721 177.752 -0.413871 0.290421 -0.521114
60 150.965 3.66721 177.752 -0.424721 0.317698 -0.521114
60 150.936 3.36626 180.28 -0.408789 0.109585 -0.518514
60 151.12 3.54334 182.805 -0.434813 -0.125743 -0.534601
60 151.554 2.50559 180.87 -0.350884 0.0336282 -0.572489
60 151.955 3.51017 178.75 -0.442719 0.226011 -0.607516
60 151.955 3.51017 178.75 -0.453025 0.246398 -0.607516
60 153.152 5.54174 180.026 -0.657816 0.144778 -0.711929
60 154.054 5.35423 181.349 -0.668802 0.0268869 -0.790638
60 154.716 3.02233 180.678 -0.476377 0.0866598 -0.84841
60 155.525 1.46543 178.677 -0.335698 0.277555 -0.919023
60 156.776 5.67258 179.761 -0.700939 0.202537 -1.02816
60 158.018 6.70031 181.067 -0.823077 0.0966934 -1.13654
60 159.293 3.95813 180.722 -0.617092 0.126753 -1.24781
60 160.556 1.52543 180.61 -0.411779 0.139203 -1.35807
60 161.833 2.43664 180.738 -0.485484 0.131096 -1.46948
60 163.339 4.80426 180.471 -0.485917 6.35156 -1.60091
60 164.459 5.16503 179.547 -0.714694 0.161156 -1.60091
60 164.459 5.16503 179.547 -0.771646 0.254876 -1.69863
60 165.627 3.41944 180.493 -0.63016 0.271824 -1.80059
60 167.775 2.87581 182.266 -26.0071 -39.8493 -24.6099
60 167.775 2.87581 182.266 -0.582456 0.0218849 -1.98801
60 169.686 3.87492 180.465 -0.586863 0.0101654 -1.98801
60 169.686 3.87492 180.465 -0.687699 0.171996 -2.15482
60 170.441 3.57111 178.689 -0.672052 0.347901 -2.22071
60 170.885 3.25236 178.19 -0.652429 0.416838 -2.25942
60 171.538 3.05159 180.8 -0.642157 0.204577 -2.31641
60 171.924 2.81087 182.609 -0.62633 0.0413166 -2.3501
60 172.233 2.43289 181.428 -0.596051 0.133145 -2.37704
60 172.419 3.13716 179.519 -0.660096 0.301466 -2.39327
60 172.491 3.56201 178.281 -0.704202 0.4266 -2.39955
60 172.491 3.56201 178.281 -0.71488 0.45128 -2.39955
60 172.545 2.77188 179.836 -0.651882 0.328649 -2.40426
60 172.235 2.42509 181.543 -0.624131 0.184498 -2.37723
60 172.235 2.42509 181.543 -0.62449 0.179295 -2.37723
60 171.158 2.69589 179.404 -0.649715 0.370473 -2.28322
60 171.158 2.69589 179.404 -0.652559 0.384866 -2.28322
75 170.14 2.76825 180.008 -0.662625 0.342203 -2.19442
75 169.13 2.85864 181.423 -0.674785 0.215607 -2.10624
75 168.327 2.61143 181.534 -0.655118 0.201252 -2.03622
75 167.121 3.29438 179.449 -0.720423 0.389145 -1.93096
75 166.039 3.93748 178.864 -15.7511 14.0588 20.8264
75 166.066 3.96125 178.868 -0.800791 0.473811 -1.83888
75 165.303 3.07257 180.396 -0.730293 0.345333 -1.77231
75 164.528 2.36827 182.171 -0.669778 0.182117 -1.7047
75 163.716 3.24484 181.622 -0.752864 0.223264 -1.63383
75 163.091 3.50891 179.826 -0.785788 0.387668 -1.57929
75 162.589 3.49513 178.448 -0.794861 0.530171 -1.5355
75 162.154 3.97774 179.812 -0.849755 0.426934 -1.49753
75 161.863 3.52251 181.257 -0.822156 0.303775 -1.47209
75 161.863 3.52251 181.257 -0.832475 0.30121 -1.47209
75 161.249 2.71632 180.448 -0.768813 0.372971 -1.41853
75 160.884 3.2106 179.611 -0.819818 0.453573 -1.38666
75 160.884 3.2106 179.611 -0.823472 0.465001 -1.38666
75 160.663 4.42267 180.055 -0.946186 0.435427 -1.36743
75 160.467 4.33602 181.211 -0.956626 0.33411 -1.3503
75 160.467 4.33602 181.211 -0.974329 0.331967 -1.3503
75 159.859 2.1988 180.739 -0.787773 0.374921 -1.29728
75 159.859 2.1988 180.739 -0.786079 0.377057 -1.29728
75 158.881 5.16954 179.797 -1.05967 0.466533 -1.21193
75 158.642 5.89458 179.711 -1.15295 0.485396 -1.19103
75 158.11 2.5917 180.501 -0.891681 0.426815 -1.14463
75 158.11 2.5917 180.501 -0.89357 0.431158 -1.14463
75 157.427 1.59799 182.539 -0.801111 0.241998 -1.08496
75 157.103 3.2799 182.301 -0.953439 0.250231 -1.05669
75 156.654 4.82165 179.357 -1.1046 0.510808 -1.01752
75 156.478 5.02434 177.884 -1.14587 0.6633 -1.00215
75 156.903 4.69119 179.437 -1.14125 0.550124 -1.03927
75 157.31 4.7045 181.06 -1.16343 0.412488 -1.07483
75 157.769 2.81844 180.553 -1.01585 0.457176 -1.11482
75 158.106 2.18504 180.189 -0.963107 0.493638 -1.14426
75 158.708 4.08908 180.651 -1.1319 0.459508 -1.19681
75 159.418 5.96535 181.2 -1.31566 0.413277 -1.25876
75 159.992 5.09054 180.897 19.086 7.47635 -14.6583
75 159.992 5.09054 180.897 -1.29654 0.438538 -1.30882
75 161.011 2.51385 179.607 7.51019 13.1599 -15.054
0 161.011 2.51385 180 -1.07756 0.572393 -89.4565
H_VAL   H_STEP_SIZE 70 0.1
ROLL KP KI KD 5 5 12
PITCH KP KI KD 5 5 12
YAW KP KI KD 5 0 12
70 161.866 3.14646 181.429 -0.0675393 -0.0403229 -1.47239
70 161.866 3.14646 181.429 -0.0743795 -0.0444068 -1.47239
70 161.866 3.14646 181.429 -0.0812862 -0.0485303 -1.47239
70 161.866 3.14646 181.429 -0.0881929 -0.0526537 -1.47239
70 161.86 3.06949 181.185 -0.0879716 -0.0339986 -1.47187
70 161.86 3.06949 181.185 -0.0941796 -0.0359063 -1.47187
70 161.86 3.06949 181.185 -0.100328 -0.0377957 -1.47187
70 161.86 3.06949 181.185 -0.106536 -0.0397034 -1.47187
70 161.86 3.06949 181.185 -0.112684 -0.0416111 -1.47187
70 161.86 3.06949 181.185 -0.118952 -0.0435188 -1.47187
70 161.86 3.06949 181.185 -0.12516 -0.0454265 -1.47187
70 161.86 3.06949 181.185 -0.131428 -0.0473526 -1.47187
70 161.86 3.06949 181.185 -0.137696 -0.0492787 -1.47187
70 161.86 3.06949 181.185 -0.143904 -0.0511864 -1.47187
70 161.86 3.06949 181.185 -0.150171 -0.0531124 -1.47187
70 161.86 3.06949 181.185 -0.156439 -0.0550385 -1.47187
70 161.86 3.06949 181.185 -0.162647 -0.0569462 -1.47187
70 161.86 3.06949 181.185 -0.168915 -0.0588723 -1.47187
70 161.86 3.06949 181.185 -0.175183 -0.0607983 -1.47187
70 161.86 3.06949 181.185 -0.181391 -0.062706 -1.47187
70 161.86 3.06949 181.185 -0.187658 -0.0646321 -1.47187
70 161.86 3.06949 181.185 -0.193986 -0.0665765 -1.47187
70 161.86 3.06949 181.185 -0.200254 -0.0685026 -1.47187
70 161.86 3.06949 181.185 -0.206581 -0.070447 -1.47187
70 161.86 3.06949 181.185 -0.212849 -0.072373 -1.47187
70 161.86 3.06949 181.185 -0.219714 -0.0744825 -1.47187
70 161.86 3.06949 181.185 -0.226041 -0.076427 -1.47187
70 161.86 3.06949 181.185 -0.232309 -0.078353 -1.47187
70 161.86 3.06949 181.185 -0.238577 -0.0802791 -1.47187
70 161.86 3.06949 181.185 -0.245382 -0.0823702 -1.47187
70 161.86 3.06949 181.185 -0.251709 -0.0843146 -1.47187
70 161.86 3.06949 181.185 -0.258037 -0.086259 -1.47187
70 161.86 3.06949 181.185 -0.263767 -0.0881851 -1.47187
70 161.86 3.06949 181.185 -0.270035 -0.0899461 -1.47187
70 161.86 3.06949 181.185 -0.276303 -0.0918721 -1.47187
70 161.86 3.06949 181.185 -0.283168 -0.0939816 -1.47187
70 161.86 3.06949 181.185 -0.289436 -0.0959077 -1.47187
70 161.86 3.06949 181.185 -0.295763 -0.0978521 -1.47187
70 161.86 3.06949 181.185 -0.302091 -0.0999605 -1.47187
70 161.619 2.96938 181.06 -0.299377 -0.0905239 -1.45086
70 161.619 2.96938 181.06 -0.304778 -0.0912459 -1.45086
70 161.619 2.96938 181.06 -0.31018 -0.0920347 -1.45086
70 161.619 2.96938 181.06 -0.31553 -0.092816 -1.45086
70 161.619 2.96938 181.06 -0.320983 -0.0936122 -1.45086
70 161.619 2.96938 181.06 -0.325875 -0.0943266 -1.45086
70 161.619 2.96938 181.06 -0.331786 -0.0951898 -1.45086
70 161.619 2.96938 181.06 -0.337136 -0.0959711 -1.45086
70 161.852 3.01064 180.828 -0.346432 -0.0745445 -1.47112
70 161.852 3.01064 180.828 -0.351725 -0.0733008 -1.47112
70 162.419 3.51875 180.544 -0.404697 -0.0455539 -1.52062
70 162.847 4.08866 179.805 -0.467899 0.0268336 -1.55801
70 163.756 5.31566 179.368 -29.145 10.2362 -22.779
70 163.756 5.31566 179.368 -0.618246 0.0906117 -1.63729
70 163.756 5.31566 179.368 -0.644839 0.10519 -1.63729
70 166.504 7.5983 179.397 -0.874472 0.117404 -1.87714
70 166.504 7.5983 179.397 -0.922232 0.131864 -1.87714
70 167.807 8.04513 178.32 -1.00848 0.246732 -1.99085
70 169.135 7.40144 177.36 -0.999725 0.361427 -2.10672
70 170.518 6.70832 176.987 -0.980422 0.429628 -2.22744
70 172.073 6.01834 177.772 -0.955063 0.392584 -2.36313
70 173.874 5.34073 179.023 -0.926097 0.306822 -2.5203
70 175.253 4.75163 178.935 -0.89971 0.332489 -2.64063
70 176.314 5.25583 177.185 -0.968042 0.508187 -2.73318
70 176.314 5.25583 177.185 -0.994343 0.542909 -2.73318
70 177.923 9.2432 177.064 -1.39018 0.588893 -2.87363
70 178.808 9.66617 178.146 -1.49218 0.524524 -2.95089
70 179.606 5.63365 178.988 -1.19467 0.47444 -3.02051
70 179.961 1.95312 177.71 -0.889122 0.609053 -3.05147
70 180.19 1.25692 176.446 -0.822615 0.750915 -3.07147
70 180.478 4.7042 177.689 -1.12384 0.680389 -3.0966
70 180.588 8.15515 180.188 -1.45728 0.484553 -3.10614
70 180.568 4.81511 179.861 -0.537296 0.526089 -3.13102
70 180.188 1.94828 177.591 -0.981033 0.734987 -3.07129
H_VAL   H_STEP_SIZE 70 0.1
ROLL KP KI KD 5 12 12
PITCH KP KI KD 5 12 12
YAW KP KI KD 5 0 12
70 164.509 3.46229 180.933 -0.0998353 0.00383571 -1.70299
70 164.509 3.46229 180.933 -0.122614 0.00471088 -1.70299
70 164.509 3.46229 180.933 -0.147648 0.00567269 -1.70299
70 164.509 3.46229 180.933 -0.170652 0.00655652 -1.70299
70 164.509 3.46229 180.933 -0.193882 0.00744902 -1.70299
70 164.509 3.46229 180.933 -0.216886 0.00833285 -1.70299
70 164.529 2.8691 181.893 -0.179879 -0.0883575 -1.70477
70 164.529 2.8691 181.893 -0.190515 -0.108547 -1.70477
70 164.529 2.8691 181.893 -0.20105 -0.128544 -1.70477
70 164.529 2.8691 181.893 -0.211787 -0.148925 -1.70477
70 164.529 2.8691 181.893 -0.222423 -0.169307 -1.70477
70 164.523 2.78653 181.65 -0.225349 -0.166558 -1.70427
70 164.523 2.78653 181.65 -0.234169 -0.181415 -1.70427
70 164.523 2.78653 181.65 -0.242989 -0.196272 -1.70427
70 164.523 2.78653 181.65 -0.251893 -0.21127 -1.70427
70 164.523 2.78653 181.65 -0.260713 -0.226127 -1.70427
70 164.519 2.81749 181.423 -0.271855 -0.217906 -1.70387
70 164.519 2.81749 181.423 -0.281356 -0.227771 -1.70387
70 164.519 2.81749 181.423 -0.290948 -0.237731 -1.70387
70 164.519 2.81749 181.423 -0.300449 -0.247596 -1.70387
70 164.519 2.81749 181.423 -0.309949 -0.257462 -1.70387
70 164.519 2.81749 181.423 -0.319541 -0.267421 -1.70387
70 164.519 2.81749 181.423 -0.329132 -0.277381 -1.70387
70 164.519 2.81749 181.423 -0.337909 -0.286495 -1.70387
70 164.519 2.81749 181.423 -0.347501 -0.296454 -1.70387
70 164.519 2.81749 181.423 -0.357092 -0.306413 -1.70387
70 164.519 2.81749 181.423 -0.366684 -0.316373 -1.70387
70 164.519 2.81749 181.423 -0.375461 -0.325487 -1.70387
70 164.519 2.81749 181.423 -0.384961 -0.335352 -1.70387
70 164.519 2.81749 181.423 -0.394553 -0.345312 -1.70387
70 164.519 2.81749 181.423 -0.404144 -0.355271 -1.70387
70 164.519 2.81749 181.423 -0.413736 -0.365231 -1.70387
70 164.519 2.81749 181.423 -0.422422 -0.375096 -1.70387
70 164.519 2.81749 181.423 -0.432014 -0.38421 -1.70387
70 164.519 2.81749 181.423 -0.441696 -0.394263 -1.70387
70 164.519 2.81749 181.423 -0.451106 -0.404035 -1.70387
70 164.281 2.82805 181.316 -0.461886 -0.402904 -1.68313
70 164.281 2.82805 181.316 -0.471712 -0.410477 -1.68313
70 164.281 2.82805 181.316 -0.480611 -0.417977 -1.68313
70 164.281 2.82805 181.316 -0.490437 -0.424907 -1.68313
70 164.281 2.82805 181.316 -0.50017 -0.432407 -1.68313
70 164.281 2.82805 181.316 -0.510922 -0.440694 -1.68313
70 164.281 2.82805 181.316 -0.520655 -0.448843 -1.68313
70 164.061 2.83133 181.321 -0.530822 -0.456943 -1.66391
70 164.061 2.83133 181.321 -0.540627 -0.463903 -1.66391
70 163.707 2.82379 181.33 -0.549821 -0.472606 -1.63305
70 163.246 2.85536 181.114 -0.562605 -0.459654 -1.59282
70 163.246 2.85536 181.114 -0.572938 -0.462724 -1.59282
70 162.657 2.82614 181.242 -0.580172 -0.47985 -1.54143
70 161.958 2.96811 181.051 -0.605792 -0.466092 -1.48045
70 161.035 3.36163 180.793 -0.6583 -0.441568 -1.39986
70 159.383 3.67333 180.318 -0.708935 -0.393779 -1.25566
70 157.85 3.94124 179.603 -0.762747 -0.312446 -1.12192
70 156.318 4.69351 179.461 -0.867111 -0.268759 -0.988218
70 154.922 5.66049 179.966 -1.00638 -0.281131 -0.866441
70 153.739 6.94731 180.088 -1.19075 -0.271565 -0.763174
70 152.36 7.58383 179.029 -1.35857 -0.153754 -0.642838
70 152.36 7.58383 179.029 -1.47398 -0.11055 -0.642838
70 152.36 7.58383 179.029 -1.58939 -0.0636777 -0.642838
70 148.959 6.30126 177.106 -1.58238 0.157317 -0.346019
70 148.959 6.30126 177.106 -1.66849 0.242393 -0.346019
70 146.816 3.15563 177.472 71.728 -8.22138 49.7153
70 145.658 2.29493 178.79 -1.4911 0.371871 -0.158991
70 145.658 2.29493 178.79 -1.414 0.304926 -0.057967
70 144.724 2.8647 179.714 -1.47496 0.254551 0.0235265
70 143.993 4.68983 179.714 -1.68443 0.281425 0.0873241
70 142.984 5.99949 179.467 -1.88178 0.33821 0.175342
70 141.902 5.29887 179.767 -1.88597 0.339135 0.269845
70 140.735 3.83462 180.516 -1.79218 0.286492 0.371655
70 139.408 2.95766 180.604 -1.73466 0.286691 0.487449
70 138.14 3.97886 179.558 -1.84394 0.394003 0.59814
70 138.14 3.97886 179.558 -1.87864 0.424872 0.59814
70 137.074 5.92016 178.753 -2.12239 0.542619 0.691164
70 136.079 6.77052 178.894 -2.29069 0.575887 0.777981
