H_VAL   H_STEP_SIZE 60 0.1
ROLL KP KI KD 5 12 12
PITCH KP KI KD 5 12 12
YAW KP KI KD 0 0 0
60 166.813 2.05863 181.161 0.0302321 -0.0172069 0
60 166.813 2.05863 181.161 0.0374878 -0.0213365 0
60 166.813 2.05863 181.161 0.0447435 -0.0254662 0
60 166.813 2.05863 181.161 0.0520676 -0.0296348 0
60 166.813 2.05863 181.161 0.0587757 -0.0334528 0
60 166.805 2.76737 180.089 -0.00183546 0.0653051 0
60 166.805 2.76737 180.089 -0.0104742 0.0851568 0
60 166.805 2.76737 180.089 -0.0183931 0.103524 0
60 166.805 2.76737 180.089 -0.0269518 0.123376 0
60 166.805 2.76737 180.089 -0.0349507 0.141929 0
60 166.805 2.8548 180.329 -0.0436694 0.162152 0
60 166.81 2.85495 180.329 -0.0612433 0.154812 0
60 166.81 2.85495 180.329 -0.0719614 0.169544 0
60 166.832 3.21836 181.178 -0.120174 0.0941766 0
60 166.832 3.21836 181.178 -0.137792 0.089878 0
60 166.826 3.24478 180.951 -0.158267 0.108665 0
60 166.826 3.24478 180.951 -0.178065 0.109176 0
60 166.837 3.19194 181.405 -0.19089 0.0635267 0
60 166.837 3.19194 181.405 -0.20947 0.0536963 0
60 166.844 3.03835 181.733 -0.210135 0.00957837 0
60 166.844 3.03835 181.733 -0.22381 -0.00630938 0
60 166.833 2.97722 181.265 -0.232544 0.0245081 0
60 166.833 2.97722 181.265 -0.244938 0.0183621 0
60 166.833 2.97722 181.265 -0.258447 0.0117901 0
60 166.955 3.30842 181.415 -0.303405 -0.00902977 0
60 166.955 3.30842 181.415 -0.322929 -0.0184371 0
60 166.955 3.30842 181.415 -0.344193 -0.02849 0
60 166.955 2.58484 181.678 -0.297019 -0.0623486 0
60 166.955 2.58484 181.678 -0.301278 -0.0773688 0
60 166.955 2.58484 181.678 -0.305538 -0.0925362 0
60 166.963 3.02803 181.844 -0.350788 -0.123994 0
60 166.963 3.02803 181.844 -0.364288 -0.142743 0
60 167.083 3.25901 181.867 -0.402467 -0.163695 0
60 167.083 3.25901 181.867 -0.421312 -0.182933 0
60 167.06 2.82044 181.589 -0.392423 -0.171913 0
60 166.943 2.57733 181.679 -0.377943 -0.196008 0
60 166.943 2.57733 181.679 -0.382404 -0.210432 0
60 166.728 2.90831 181.837 -0.420194 -0.241678 0
60 166.728 2.90831 181.837 -0.431363 -0.260098 0
60 166.942 2.33668 181.767 14.5736 1.56161 -0
60 166.942 2.33668 181.767 -0.390638 -0.289376 0
60 167.186 2.12502 182.66 4.55469 -0.389265 0
60 167.186 2.12502 182.66 -0.364662 -0.425267 0
60 167.079 2.43738 182.929 -0.390751 -0.488944 0
60 167.079 2.43738 182.929 -0.391871 -0.531106 0
60 166.962 2.91399 181.831 -11.5267 25.0858 0
60 166.962 2.91399 181.831 -0.446883 -0.493809 0
60 166.962 2.91399 181.831 -0.459174 -0.51371 0
60 166.962 2.91399 181.831 -0.470462 -0.531998 0
60 166.962 2.91399 181.831 -0.481863 -0.55437 0
60 166.961 3.99173 181.494 -0.607949 -0.534966 0
60 167.078 4.46264 181.428 -0.691388 -0.539317 0
60 167.276 3.95106 180.787 -0.683359 -0.486488 0
60 167.281 3.47091 180.963 -0.671712 -0.499146 0
60 167.281 3.47091 180.963 -0.694901 -0.498898 0
60 167.281 3.47091 180.963 -0.718317 -0.498654 0
60 166.847 2.26152 182.45 -0.629581 -0.636595 0
60 166.735 2.07751 183.009 -0.610092 -0.719676 0
60 166.604 2.33572 181.773 -0.603513 -0.763127 0
60 166.604 2.33572 181.773 -0.624973 -0.672511 0
60 166.594 2.64432 181.118 -0.657405 -0.619731 0
60 166.594 2.64432 181.118 -0.662935 -0.622811 0
60 166.806 2.80699 180.671 -0.684813 -0.581293 0
60 166.948 2.15749 182.323 -0.634826 -0.724878 0
60 166.948 2.15749 182.323 -0.629908 -0.753967 0
60 166.844 2.02001 182.538 -0.610517 -0.808278 0
60 166.839 2.45497 181.781 -0.646994 -0.763757 0
60 166.839 2.45497 181.781 -0.64861 -0.782504 0
60 167.028 3.31694 180.262 -0.728595 -0.661745 0
60 167.028 3.31694 180.262 -0.750249 -0.645169 0
60 167.057 2.83338 181.475 -0.726322 -0.740214 0
60 167.057 2.83338 181.475 -0.735985 -0.750999 0
60 166.934 2.02128 181.5 -0.671717 -0.764091 0
60 166.934 2.02128 181.5 -0.663251 -0.776303 0
60 166.939 1.98207 181.842 -0.651556 -0.821801 0
60 167.05 2.27718 181.296 -0.671266 -0.787876 0
60 167.05 2.27718 181.296 -0.668545 -0.795886 0
60 167.184 2.53103 182.129 -0.693209 -0.892692 0
60 167.184 2.53103 182.129 -0.696318 -0.917353 0
60 167.053 2.37809 181.423 -0.683645 -0.870081 0
60 167.053 2.37809 181.423 -0.683474 -0.879655 0
60 167.061 2.56692 181.79 -0.702523 -0.926618 0
60 167.061 2.56692 181.79 -0.706437 -0.944211 0
60 167.431 3.0814 182.414 -0.757188 -1.01862 0
60 167.431 3.0814 182.414 -0.774679 -1.05481 0
60 167.406 2.96717 181.365 -0.77848 -0.98281 0
60 167.285 2.74979 181.228 -0.77185 -0.979248 0
60 167.285 2.74979 181.228 -0.779633 -0.984666 0
60 167.162 2.191 181.053 -0.734632 -0.97357 0
60 167.162 2.191 181.053 -0.730478 -0.975247 0
60 166.827 1.92682 182.299 -0.698471 -1.10811 0
60 166.827 1.92682 182.299 -0.687809 -1.1389 0
60 166.928 2.89623 180.909 -0.779973 -1.02108 0
60 166.928 2.89623 180.909 -0.791847 -1.01954 0
60 167.398 3.58679 180.972 -0.876975 -1.02493 0
60 167.517 2.99452 181.134 -0.849128 -1.04015 0
60 167.534 3.03342 181.829 -1.7702 -17.2895 -0
60 167.534 3.03342 181.829 -0.881263 -1.127 0
60 167.386 2.82766 180.543 -0.874835 -1.01717 0
60 167.386 2.82766 180.543 -0.884374 -1.00785 0
60 167.386 2.82766 180.543 -0.893914 -0.99853 0
60 167.389 1.76354 180.771 -0.801749 -1.01039 0
60 167.389 1.76354 180.771 -0.788332 -1.00603 0
60 167.405 2.24544 181.63 -0.824741 -1.09052 0
60 167.405 2.24544 181.63 -0.82175 -1.10452 0
60 167.378 2.97944 180.214 -0.897358 -0.967309 0
60 167.378 2.97944 180.214 -0.910047 -0.951056 -0
60 167.511 2.90558 180.894 -0.915802 -1.00848 0
60 167.497 2.39806 180.262 -0.877313 -0.944883 0
60 167.497 2.39806 180.262 -0.877585 -0.929513 0
60 167.401 2.02997 181.491 -0.83841 -1.04585 0
60 167.39 1.87763 180.783 -0.816979 -0.992574 0
60 167.39 1.87763 180.783 -0.805174 -0.988123 0
60 167.286 2.62315 181.329 -0.868802 -1.03852 0
60 167.286 2.62315 181.329 -0.873929 -1.04618 0
60 167.507 2.46205 180.73 -0.864087 -0.99812 0
60 167.507 2.46205 180.73 -0.865723 -0.99289 0
60 167.408 1.84007 182.162 -0.80098 -1.14034 0
60 167.408 1.84007 182.162 -0.789215 -1.16595 0
60 167.272 2.00301 180.684 -0.794911 -1.0332 0
60 167.031 2.96285 180.337 -0.874042 -0.995302 0
60 167.031 2.96285 180.337 -0.886377 -0.981671 0
60 167.238 3.18113 179.433 -0.921767 -0.872969 0
60 167.238 3.18113 181.211 -0.938931 -42.3496 -0
60 167.517 2.64004 181.21 -0.897684 -1.00031 0
60 167.64 2.3643 181.638 -0.873164 -1.05195 0
60 167.637 2.50322 181.423 -0.886344 -1.04513 0
60 167.637 2.50322 181.423 -0.88886 -1.0547 0
60 167.637 2.50322 181.423 -0.891376 -1.06426 0
60 167.621 2.59008 180.626 -0.903118 -0.992403 0
60 167.621 2.59008 180.626 -0.90749 -0.984953 0
60 167.276 2.44622 180.849 -0.896247 -1.00168 0
60 167.276 2.44622 180.849 -0.897557 -0.998962 0
60 167.279 3.12956 180.925 -0.964656 -1.00359 0
60 167.279 3.12956 180.925 -0.980552 -1.00244 0
60 167.628 2.55285 180.967 -0.942485 -1.00544 0
60 167.508 1.8665 180.895 -0.883757 -0.998714 0
60 167.508 1.8665 180.895 -0.872562 -0.996996 0
60 167.508 1.8665 180.895 -0.862454 -0.995277 0
60 167.515 2.65256 181.096 -0.929737 -1.01385 0
60 167.634 2.99662 181.131 -0.968119 -1.01956 0
60 167.634 2.99662 181.131 -0.981431 -1.02295 0
60 167.739 2.35094 180.713 -0.928988 -0.983737 0
60 167.739 2.35094 180.713 -0.928251 -0.978522 0
60 167.739 2.35094 180.713 -0.927448 -0.972484 0
60 167.63 2.42634 181.069 -0.934231 -1.00239 0
60 167.63 2.42634 181.069 -0.935113 -1.00442 0
60 167.63 2.42634 181.069 -0.936063 -1.00661 0
60 167.735 2.4897 180.497 -0.943164 -0.952537 0
60 167.735 2.4897 180.497 -0.945414 -0.942238 0
60 167.631 2.54045 181.081 -2.13315 -14.572 0
60 167.631 2.54045 181.866 -0.955498 -0.986269 0
60 167.644 2.33948 181.866 -0.936959 -1.07562 0
60 167.746 2.4282 181.066 -3.0085 17.5773 -0
60 167.746 2.4282 181.066 -0.944722 -1.02555 0
60 167.956 3.33969 180.121 -1.04008 -0.929626 0
60 168.12 4.31774 178.49 -1.15667 -0.751118 0
60 168.045 5.13022 177.309 -1.27521 -0.585739 0
60 168.045 5.13022 177.309 -1.33384 -0.50742 0
60 167.778 7.16364 175.804 -1.60506 -0.268413 0
60 167.805 8.30055 173.839 -1.8185 0.034508 0
60 167.78 8.802 172.504 -1.99398 0.317733 0
60 167.918 9.6536 170.955 -2.21 0.642317 0
60 167.796 10.2161 170.208 -2.43207 0.945754 0
60 167.796 10.2161 170.208 -2.59935 1.17576 0
60 167.694 9.51525 172.231 -2.69018 1.18939 0
60 167.318 3.30559 182.443 -2.5866 0.861643 0
60 167.072 359.272 187.415 100 -100 0
60 166.621 356.583 191.274 60.9726 -0.583837 0
60 166.609 355.577 191.853 22.0035 -14.3099 0
60 167.234 356.998 188.207 -34.4389 84.079 -0
60 167.926 359.434 183.167 -58.1646 100 -0
60 168.504 2.30946 178.851 -1.66997 -0.127009 0
60 168.777 4.8424 175.406 -60.4897 0.118681 -0
60 168.703 5.48923 174.662 -2.01012 0.423107 0
60 168.522 4.88662 177.381 -2.02104 0.309729 0
60 167.987 3.10495 181.247 -1.91243 0.035249 0
60 167.279 0.606847 184.908 -1.70196 -0.30342 0
60 166.704 359.021 187.389 -1.51584 -0.619635 0
60 166.704 359.021 187.389 -1.44396 -0.756655 0
60 166.447 358.112 186.123 -1.28132 -0.767356 0
60 166.771 359.132 183.473 -1.29224 -0.609912 0
60 167.036 0.655574 181.342 -1.37562 -0.447217 0
60 167.722 2.66532 179.941 -1.53557 -0.317551 0
60 167.722 2.66532 179.941 -1.54161 -0.295243 0
60 168.307 3.51417 180.59 -1.63725 -0.341234 0
60 168.222 2.78978 182.016 -1.59375 -0.480345 0
60 167.962 0.76177 182.615 -1.41122 -0.55723 0
60 167.962 0.76177 182.615 -1.3762 -0.592615 0
60 167.378 0.089556 182.314 -1.28046 -0.600331 0
60 167.154 0.796959 181.127 -17.756 27.1082 0
60 167.154 0.796959 181.127 -1.25973 -0.526651 0
60 166.811 2.31256 180.96 -1.37962 -0.512885 0
60 166.713 2.98825 181.155 -1.44652 -0.532369 0
60 166.713 2.98825 181.155 -1.45952 -0.536586 0
60 167.184 2.13788 182.546 -1.39179 -0.674429 0
60 167.184 2.13788 182.546 -1.38645 -0.708328 0
60 167.519 1.336 182.565 -1.2996 -0.743845 0
60 167.519 1.336 182.565 -1.27718 -0.777824 0
60 167.413 1.77687 182.731 -1.29583 -0.831426 0
60 167.403 1.89062 181.706 -1.29253 -0.773747 0
60 167.169 2.1396 181.509 -1.30588 -0.770369 0
60 167.057 1.97162 181.953 -1.285 -0.823113 0
60 167.045 1.31376 181.648 -1.27607 -0.844221 0
60 167.045 1.31376 181.648 -1.19555 -0.833215 0
60 167.286 1.33 182.569 -1.16844 -0.942046 0
60 167.286 1.33 182.569 -1.1439 -0.982088 0
60 167.519 2.0196 181.603 -1.18683 -0.92171 0
60 167.519 2.0196 181.603 -1.17825 -0.936446 0
60 167.41 2.46085 181.769 -1.2145 -0.967983 0
60 167.41 2.46085 181.769 -1.21625 -0.985127 0
60 167.419 2.39771 182.339 -1.21111 -1.06328 0
60 167.545 2.32569 183.02 -1.20382 -1.16695 0
60 167.525 1.96948 182.058 7.11856 21.2435 0
60 167.399 1.8018 181.466 2.75605 12.6846 0
60 167.399 1.8018 181.466 -1.1336 -1.10849 0
60 167.399 1.8018 181.466 -1.12101 -1.12001 0
60 167.29 1.97682 181.949 -1.12483 -1.17972 0
60 167.42 2.11911 182.769 -1.12995 -1.28107 0
60 167.42 2.11911 182.769 -1.1242 -1.31978 0
60 167.636 1.62959 182.019 -1.06774 -1.28078 0
60 167.746 1.45283 181.537 -1.03379 -1.25521 0
60 167.746 1.45283 181.537 -1.01367 -1.26735 0
60 167.746 1.45283 181.537 -0.990233 -1.28149 0
60 167.537 358.678 184.698 63.8531 -75.1219 0
60 167.537 358.678 184.698 -0.638086 -1.66099 0
60 167.501 356.827 186.806 -0.355557 -1.97204 0
60 167.501 356.827 186.806 -0.235656 -2.09784 0
60 167.501 356.827 186.806 -0.115754 -2.22364 0
60 167.501 356.827 186.806 0.0122954 -2.35799 0
60 165.866 348.552 191.476 0.882689 -2.90672 0
60 165.866 348.552 191.476 1.17532 -3.12886 0
60 166.716 350.278 189.523 1.33363 -3.18862 0
60 167.657 356.114 184.883 1.04142 -2.93326 0
60 168.058 3.34282 180.004 0.493093 -2.55625 0
60 167.766 11.0733 174.011 -0.231112 -1.98997 0
60 167.052 14.7177 171.05 -77.0887 60.464 0
60 167.109 14.9411 171.103 -1.0483 -1.35569 0
60 166.957 13.8105 172.75 -1.19609 -1.32202 0
60 166.862 4.51973 178.905 -0.581192 -1.71523 0
60 166.74 358.104 183.355 77.7264 -100 0
60 166.74 358.104 183.355 0.0485165 -2.11626 0
60 166.759 353.193 187.647 0.638494 -2.614 0
60 167.629 354.677 186.345 0.704881 -2.62904 0
60 168.421 0.465107 182.234 -100 93.2926 -0
60 168.421 0.465107 182.234 0.394185 -2.4039 0
60 168.421 0.465107 174.868 0.438427 -2.43291 0
60 168.274 9.66555 174.868 -0.521511 -1.65832 0
60 167.877 10.825 175.017 -0.790187 -1.54098 0
60 167.739 8.3544 177.548 -0.734393 -1.65613 0
60 167.739 8.3544 177.548 -0.863157 -1.58221 0
60 167.487 0.20892 184.403 -0.221384 -2.16322 0
60 167.519 357.124 187.179 0.126202 -2.50373 0
60 167.919 355.845 186.48 0.354821 -2.57277 0
60 168.421 357.155 184.087 -30.1141 53.2197 -0
60 168.421 357.155 184.087 0.498246 -2.5487 0
60 168.537 1.09734 180.57 0.193383 -2.23708 0
60 168.228 6.18444 177.062 -0.260322 -1.89653 0
60 167.989 7.31476 177.423 -0.445176 -1.84498 0
60 167.777 6.21678 179.166 25.0975 -42.4953 0
60 167.777 6.21678 179.166 -0.540182 -1.88172 0
60 167.628 3.02143 180.903 -0.288945 -2.02559 0
60 167.508 0.764884 182.503 -0.0650989 -2.19245 0
60 167.703 359.414 183.277 0.0928504 -2.29591 0
60 168.061 359.887 182.177 -10.9002 23.3642 0
60 168.061 359.887 182.177 0.171596 -2.27444 0
60 168.203 2.05079 181.363 -0.00281661 -2.21451 0
60 168.203 2.05079 181.363 0.00433281 -2.22281 0
60 168.203 2.05079 181.363 0.011342 -2.23095 0
60 168.312 3.95759 180.751 -0.185378 -2.17382 0
60 168.312 3.95759 180.751 -0.219292 -2.16898 0
60 168.325 1.8801 181.919 -0.0413721 -2.28454 0
60 168.197 0.83432 183.081 0.064628 -2.41048 0
60 168.197 0.83432 183.081 0.0974398 -2.45504 0
60 168.201 1.15733 182.192 0.096029 -2.40704 0
60 168.201 1.15733 182.192 0.124323 -2.43305 0
60 168.315 3.02356 180.885 -0.0326247 -2.33074 0
60 168.315 3.02356 180.885 -0.0462564 -2.32882 0
60 168.543 3.39208 180.686 -0.0972634 -2.30715 0
60 168.543 3.39208 180.686 -0.118768 -2.30097 0
60 168.543 3.39208 180.686 -0.140483 -2.29473 0
60 168.543 3.39208 180.686 -0.161987 -2.28855 0
60 168.316 0.987057 182.749 0.0604274 -2.49181 0
60 168.316 0.987057 182.749 0.0923513 -2.53233 0
60 168.436 1.41413 181.985 0.0788731 -2.49263 0
60 168.436 1.41413 181.985 0.0994199 -2.51589 0
60 168.438 2.76258 181.201 -0.0244795 -2.45229 0
60 168.438 2.76258 181.201 -0.0325359 -2.45712 0
60 168.434 3.59499 180.94 -0.126483 -2.43504 0
60 168.546 2.79904 180.856 18.4384 -0.474498 -0
60 168.546 2.79904 180.856 -0.0929843 -2.4242 0
60 168.545 2.4567 180.822 -0.0665102 -2.41808 0
60 168.545 2.4567 180.822 -0.068047 -2.41478 0
60 168.545 2.4567 180.822 -0.0696883 -2.41125 0
60 168.322 2.87451 181.215 -0.110064 -2.44449 0
60 168.322 2.87451 181.215 -0.120512 -2.44963 0
60 168.193 3.04535 180.66 -0.147831 -2.40035 0
60 168.654 2.7207 180.5 -0.132579 -2.37901 0
60 168.654 2.7207 179.939 -0.139811 -2.36877 -0
60 168.983 0.419645 179.235 30.6626 14.1463 -0
60 168.983 0.419645 179.235 0.120202 -2.19614 0
60 169.379 356.848 177.98 0.359377 -2.11495 -0
60 169.379 356.848 177.98 0.640858 -1.97148 0
60 169.573 355.354 176.583 0.921475 -1.75574 0
60 170.257 354.066 175.122 1.20946 -1.50563 0
60 170.961 352.903 173.563 1.52749 -1.20146 0
60 171.831 352.046 171.603 1.82161 -0.833502 0
60 172.466 351.183 169.97 2.13854 -0.453514 0
60 172.648 350.834 169.503 2.41506 -0.16863 0
60 172.346 352.564 172.024 2.48863 -0.177035 0
60 171.115 357.335 177.265 2.19565 -0.534654 0
60 169.868 3.3099 182.94 1.68684 -1.0414 0
60 169.082 8.46204 188.312 1.1248 -1.6494 0
60 168.656 12.4127 193.182 0.570931 -2.32975 0
60 168.446 13.4395 194.606 0.226315 -2.76859 0
60 168.403 10.4812 189.746 0.300995 -2.54919 0
60 168.701 6.24253 183.497 0.573396 -2.08 0
60 169.287 1.94912 177.651 0.949296 -1.50981 0
60 169.991 358.424 172.963 1.34239 -0.923345 0
60 170.219 357.043 174.424 1.57699 -0.576929 0
60 169.215 0.843035 179.619 1.57932 -100 0
60 168.551 4.06795 184.324 -73.9639 -100 0
60 168.068 6.70798 188.899 0.803851 -2.05188 0
60 167.832 7.9768 191.14 0.596001 -2.44219 0
60 167.832 7.9768 191.14 0.468357 -2.65721 0
60 167.972 7.58166 183.613 0.391833 -2.55424 0
60 168.63 3.71249 179.794 0.453859 -2.21153 0
60 169.169 1.50353 176.346 52.2252 -1.53763 0
60 169.548 0.138952 174.722 0.964748 -1.29085 0
60 169.548 0.138952 174.722 1.0165 -1.14678 0
60 168.992 1.17878 180.919 1.06764 -84.8157 0
60 168.604 3.00284 183.41 -41.6079 -59.7941 0
60 168.268 4.89235 185.228 0.653835 -2.0579 0
60 168.1 5.75692 185.788 -22.1104 -16.8605 0
60 168.118 5.73714 183.71 0.451885 -2.30052 0
60 168.24 5.14865 181.567 0.38201 47.8407 -0
60 168.533 4.22336 180.424 21.984 24.702 -0
60 168.533 4.22336 180.424 0.412355 -1.88976 0
60 168.761 3.66844 180.245 0.427388 -1.85953 0
60 168.835 4.13852 182.478 0.352306 -2.05749 0
60 168.926 5.13346 184.184 0.217403 -2.25672 0
60 168.934 5.84954 183.909 0.0832298 -2.30443 0
60 168.77 5.83226 182.878 0.00511563 -2.27104 0
60 168.592 5.03278 181.654 0.00844939 -2.19382 0
60 168.529 4.00727 180.287 0.0461631 -2.0779 0
60 168.536 3.18705 180.435 0.0875607 -2.0769 0
60 168.571 2.92389 181.904 0.0948339 -2.20161 0
60 168.591 2.94615 182.828 0.0813055 -2.30554 0
60 168.591 2.94615 182.828 0.0683881 -2.34824 0
60 168.335 2.0615 182.399 20.721 7.63641 0
60 167.96 1.87902 180.774 4.40446 35.5645 0
60 167.96 1.87902 180.774 0.168888 -2.23635 0
60 167.938 2.2394 179.545 0.14059 -2.09827 0
60 168.059 3.00136 179.968 0.0703548 -2.10845 0
60 168.19 3.28488 180.57 0.0279202 -2.14523 0
60 168.454 2.92111 181.908 0.0438395 -2.26514 0
60 168.582 2.61537 182.679 0.0618941 -2.35954 0
60 168.676 2.25305 181.719 0.0570306 -2.3956 -0
60 168.665 2.43551 181.047 0.0751173 -2.26792 0
60 168.665 2.43551 181.047 0.0740585 -2.26945 0
60 168.649 3.65575 180.363 -0.0421861 -2.20643 0
60 168.645 4.23637 180.306 -0.125487 -2.18773 0
60 168.677 4.14571 181.217 -0.160282 -2.25495 0
60 168.677 4.14571 181.217 -0.198254 -2.26018 0
60 168.554 3.23224 181.13 -0.148285 -2.25699 0
60 168.554 3.23224 181.13 -0.166375 -2.2603 0
60 168.444 3.20698 181.361 -0.18221 -2.2859 0
60 168.417 3.65283 180.37 -0.24052 -2.20291 0
60 168.436 4.05018 180.986 -0.306423 -2.24594 0
60 168.566 3.89278 181.426 3.33444 -12.5277 -0
60 168.566 3.89278 181.426 -0.360503 -2.29507 0
60 168.548 3.14118 180.89 -0.313892 -2.24839 0
60 168.337 2.67865 182.001 -0.287374 -2.34977 0
60 168.337 2.67865 182.001 -0.293638 -2.37365 0
60 168.318 3.01187 180.999 -0.334278 -2.29384 0
60 168.458 3.98084 181.67 -0.437626 -2.35655 0
60 168.458 3.98084 181.67 -0.472042 -2.37154 0
60 168.429 4.187 180.77 -5.32246 18.6347 0
60 168.429 4.187 180.77 -0.563324 -2.30194 0
60 168.704 3.46281 182.3 -0.531254 -2.44988 0
60 168.704 3.46281 182.3 -0.556526 -2.47847 0
60 168.914 2.7149 181.759 -0.499619 -2.44907 0
60 168.914 2.7149 181.759 -0.506657 -2.46583 0
60 168.794 1.99306 182.036 -0.440339 -2.51112 0
60 168.657 1.7728 180.751 -0.409516 -2.40334 0
60 168.549 2.43373 181.049 -0.45656 -2.42582 0
60 168.549 2.43373 181.049 -0.457591 -2.42742 0
60 168.658 2.24122 180.683 -0.439827 -2.39315 0
60 168.658 2.24122 180.683 -0.436745 -2.38691 0
60 168.665 1.4645 181.526 -0.354598 -2.46632 0
70 168.655 0.949709 180.899 -0.286033 -2.41896 0
70 168.536 0.983027 180.559 -0.258212 -2.3851 0
70 168.536 0.983027 180.559 -0.228253 -2.37548 0
70 168.421 1.67924 180.515 -0.269964 -2.3618 0
70 168.3 1.82751 180.187 -0.270466 -2.32043 0
70 168.3 1.82751 180.187 -0.258547 -2.30361 0
70 168.3 1.82751 180.187 -0.246394 -2.28645 0
70 168.3 1.82751 180.187 -0.234358 -2.26945 0
70 168.3 1.82751 180.187 -0.222322 -2.25246 0
70 168.547 2.09121 181.015 -0.235114 -2.31364 0
70 168.547 2.09121 181.015 -0.228212 -2.31458 0
70 168.547 2.09121 181.015 -0.221865 -2.31545 0
70 167.838 3.00851 179.974 -0.299086 -2.22158 0
70 167.838 3.00851 179.974 -0.312527 -2.2 0
70 167.716 1.94984 180.095 -0.214513 -2.19106 0
70 167.961 0.834088 181.931 -0.101672 -2.35797 0
70 167.961 0.834088 181.931 -0.0656064 -2.36458 0
70 167.961 0.834088 181.931 -0.0327897 -2.38501 0
70 168.305 2.26055 180.462 -0.154551 -2.2457 0
70 168.305 2.26055 180.462 -0.151882 -2.23473 0
70 168.701 4.16738 178.684 -0.342538 -2.0424 0
70 168.864 4.2728 179.956 -0.390553 -2.10846 0
70 168.798 3.78401 181.407 10.9871 -2.21669 0
70 168.798 3.78401 181.407 -0.420204 -2.22592 0
70 168.676 3.21161 181.354 -0.388075 -2.2295 0
70 168.676 3.21161 181.354 -0.405897 -2.23768 0
70 168.044 3.39042 179.548 -0.439998 -2.07907 0
70 168.027 3.38212 178.627 -0.462591 -1.96286 0
70 168.027 3.38212 178.627 -0.484091 -1.9122 0
70 167.943 3.38794 179.666 -0.506194 -1.96924 0
70 167.847 3.31417 180.352 -0.520385 -2.00849 0
70 167.879 3.18026 181.604 -0.528004 -2.11112 0
70 167.879 3.18026 181.604 -0.54515 -2.12576 0
70 167.879 3.18026 181.604 -0.563627 -2.13933 0
70 167.962 2.9163 180.768 -0.552044 -2.06196 0
70 168.187 3.29667 180.456 -0.60354 -2.02463 0
70 168.187 3.29667 180.456 -0.623006 -2.01355 0
70 168.388 4.07512 179.608 -0.72315 -1.91464 0
70 168.417 3.76666 180.382 6.44301 -19.9677 -0
70 168.417 3.76666 180.382 -0.764791 -1.93893 0
70 168.297 3.32151 180.225 -0.750696 -1.91075 0
70 168.297 3.32151 180.225 -0.770888 -1.89473 0
70 168.082 3.01991 180.891 -0.760972 -1.94507 0
70 168.082 3.01991 180.891 -0.775722 -1.94313 0
70 168.3 2.74012 180.281 -0.758956 -1.87485 0
70 168.3 2.74012 180.281 -0.767201 -1.85871 0
70 168.3 2.74012 180.281 -0.774778 -1.84388 0
70 168.283 2.92428 179.609 -0.801621 -1.75903 0
70 168.184 3.53608 180.366 -0.87112 -1.80118 0
70 168.184 3.53608 180.366 -0.895701 -1.78817 0
70 168.184 3.53608 180.366 -0.920282 -1.77517 0
70 168.184 3.53608 180.366 -0.945103 -1.76203 0
70 168.335 2.56463 181.989 -0.866061 -1.92276 0
70 168.335 2.56463 181.989 -0.869889 -1.94444 0
70 168.335 2.56463 181.989 -0.874054 -1.96803 0
70 168.582 3.11754 182.269 -0.934161 -2.01838 0
70 168.567 3.06088 181.688 -0.944795 -1.99338 0
70 168.567 3.06088 181.688 -0.959224 -2.00862 0
70 168.703 3.09802 182.494 -0.977503 -2.10447 0
70 168.703 3.09802 182.494 -0.992875 -2.13724 0
70 168.566 3.18636 181.585 -1.01889 -2.07723 0
70 168.464 3.60473 181.977 -10.8092 -11.2364 0
70 168.464 3.60473 181.977 -1.09951 -2.14672 0
70 168.322 3.80884 181.081 -1.14794 -2.07252 0
70 168.473 3.57002 182.319 -1.15691 -2.18752 0
70 168.455 3.16066 181.817 -1.14726 -2.17474 0
70 168.558 2.98127 181.335 -1.14912 -2.14902 0
70 168.558 2.98127 181.335 -1.16297 -2.15739 0
70 168.577 3.14049 182.041 -1.19315 -2.24206 0
70 168.444 3.56028 181.282 -1.25064 -2.19051 0
70 168.444 3.56028 181.282 -1.27599 -2.19713 0
70 168.469 3.707 182.103 -1.31626 -2.28724 0
70 168.324 3.10242 181.239 -1.28656 -2.2284 0
70 168.308 2.591 180.611 -1.25449 -2.17351 0
70 168.308 2.591 180.611 -1.25892 -2.16566 0
70 168.535 1.93173 180.309 -1.19788 -2.12706 0
70 168.535 1.93173 180.309 -1.1881 -2.11269 0
70 168.67 1.79602 181.674 -1.16476 -2.23461 0
70 168.67 1.79602 181.674 -1.15217 -2.26517 0
70 168.655 0.652596 181.56 -1.01389 -2.25359 0
70 168.411 359.814 181.823 -0.885791 -2.2946 0
70 168.29 359.481 181.674 -0.796468 -2.29774 0
70 168.416 359.93 180.683 -0.769993 -2.2127 0
70 168.643 0.6962 181.106 -0.797665 -2.25087 0
70 169.005 1.81941 181.441 -0.876289 -2.28928 0
70 169.005 1.81941 181.441 -0.864197 -2.29925 0
70 169.236 2.07318 181.231 -0.878224 -2.28756 0
70 169.236 2.07318 181.231 -0.871552 -2.29303 0
70 168.973 359.551 182.259 -0.622021 -2.39753 0
70 168.973 359.551 182.259 -0.556132 -2.42738 0
70 168.731 359.296 183.614 -0.473519 -2.58901 0
70 168.885 0.418744 182.802 -0.511519 -2.57102 0
70 168.885 0.418744 182.802 -0.469093 -2.61081 0
70 169.239 2.05162 181.459 -0.60117 -2.50646 0
70 169.571 2.49438 180.457 -0.636617 -2.42058 0
70 169.682 2.2877 180.206 -0.619969 -2.38742 0
70 169.682 2.2877 180.206 -0.617901 -2.37101 0
70 169.815 1.96782 181.21 -0.580889 -2.46365 0
70 169.695 1.50871 181.171 -0.52441 -2.46471 0
70 169.695 1.50871 181.171 -0.505497 -2.4689 0
70 169.472 1.80608 181.662 -0.516831 -2.52307 0
70 169.462 1.99426 180.874 -0.521819 -2.46469 0
70 169.462 1.99426 180.874 -0.513462 -2.46254 0
70 169.476 2.14876 181.693 -0.520001 -2.54352 0
70 169.455 2.49325 180.46 -0.547483 -2.44261 0
70 169.455 2.49325 180.46 -0.549786 -2.4315 0
70 169.464 2.80396 180.834 -7.81027 -11.1503 -0
70 169.464 2.80396 180.834 -0.588774 -2.4507 0
70 169.448 2.86724 180.15 -0.604465 -2.37563 0
70 169.353 2.18916 181.239 15.2253 -2.45526 0
70 169.353 2.18916 181.239 -0.549943 -2.46097 0
70 169.57 1.22685 180.457 -0.446254 -2.3856 0
70 169.57 0.748437 180.643 -0.372697 -2.39345 0
70 169.459 0.777356 181.567 -0.340215 -2.47676 0
70 169.22 1.01756 180.211 -0.327392 -2.36611 0
70 169.22 1.01756 180.211 -0.295592 -2.34835 0
70 169.227 2.1271 180.661 -0.377084 -2.37678 0
70 169.227 2.1271 180.661 -0.371564 -2.37007 0
70 169.214 2.19178 179.977 -0.37234 -2.29614 0
70 169.131 2.24505 181.825 -0.373202 -2.44948 0
70 169.159 2.52916 182.54 -0.397019 -2.53564 0
70 169.138 2.87799 181.308 -0.4327 -2.45782 0
70 169.138 2.87799 181.308 -0.443223 -2.46495 0
70 169.162 3.49782 182.057 -0.520141 -2.55226 0
70 169.222 3.18568 180.416 -0.514675 -2.42065 0
70 169.222 3.18568 180.416 -0.531938 -2.40859 0
70 169.152 3.17709 181.797 -0.548418 -2.52226 0
70 169.152 3.17709 181.797 -0.566822 -2.54137 0
70 169.131 3.02504 180.977 -0.568433 -2.47576 0
70 169.172 2.96456 182.812 -0.576509 -2.64935 0
70 169.379 2.27876 182.744 -0.525276 -2.68267 0
70 169.579 1.87095 180.975 -0.485849 -2.55984 0
70 169.579 1.87095 180.975 -0.47475 -2.55985 0
70 169.713 2.73485 181.626 -0.547075 -2.62279 0
70 169.713 2.73485 181.626 -0.554538 -2.63671 0
70 169.911 3.32769 180.178 -0.625483 -2.49591 0
70 170.085 3.12903 182.456 -0.626132 -2.70644 0
70 170.201 2.75975 182.766 -0.604688 -2.77026 0
70 170.062 2.49324 181.826 -0.585998 -2.71382 0
70 169.856 2.60436 183.107 -0.598992 -2.85452 0
70 169.856 2.60436 183.107 -0.603715 -2.90052 0
70 169.351 2.43876 181.033 -0.592182 -2.74291 0
70 169.23 2.34453 180.796 -0.584191 -2.7211 0
70 169.36 2.51022 181.499 -0.59926 -2.78495 0
70 169.36 2.51022 181.499 -0.601925 -2.79627 0
70 169.69 2.48519 180.569 -0.601913 -2.70631 0
70 170.07 2.32887 182.386 -0.58787 -2.88585 0
70 170.07 2.32887 182.386 -0.586661 -2.916 0
70 170.143 1.90234 180.624 -0.541948 -2.76986 0
70 169.923 1.89562 180.742 -0.530856 -2.77382 0
70 169.689 2.25669 180.548 -0.555077 -2.75019 0
70 169.675 2.43295 179.875 -0.568936 -2.67748 0
70 169.675 2.43295 181.572 -0.569961 -2.65375 0
70 169.822 2.16581 181.572 -0.54191 -2.81581 0
70 170.026 0.958083 180.889 -0.424833 -2.76532 0
70 170.026 0.958083 180.889 -0.394042 -2.76346 0
70 170.026 0.958083 180.889 -0.363549 -2.76162 0
70 170.15 1.73891 181.185 -0.417741 -2.79201 0
70 170.143 2.75837 180.122 -0.502018 -2.69408 0
70 170.061 2.37889 181.816 -0.475516 -2.82986 0
70 170.061 2.37889 181.816 -0.475363 -2.84941 0
70 169.808 0.897158 181.574 -0.329779 -2.84384 0
70 169.337 0.296962 181.753 -0.239765 -2.87403 0
70 168.993 0.645028 181.674 -0.226398 -2.88357 0
70 168.993 0.645028 181.674 -0.189218 -2.8985 0
70 168.87 1.25539 180.122 -0.217081 -2.74591 0
70 168.768 1.48469 181.298 -0.213701 -2.84485 0
70 169.002 1.19381 181.957 -0.165717 -2.91651 0
70 169.224 0.512878 181.889 -0.0757394 -2.93133 0
70 169.224 0.512878 181.889 -0.0357359 -2.95087 0
70 169.196 359.562 183.412 0.104196 -3.13497 0
70 169.211 359.713 181.814 0.155289 -3.03319 0
70 169.223 0.588447 181.091 0.129562 -2.98272 0
70 169.238 1.81254 181.552 0.054463 -3.02791 0
70 169.238 1.81254 181.552 0.067662 -3.0412 0
70 169.345 1.87864 180.865 0.0730712 -2.98374 0
70 169.459 0.608186 183.393 0.204079 -3.2205 0
70 169.65 359.503 184.212 0.348618 -3.33403 0
70 169.746 358.746 183.684 0.483007 -3.3523 0
70 169.746 358.746 183.684 0.566847 -3.4147 0
70 169.78 359.693 183.423 0.537268 -3.44012 0
70 169.692 0.905682 181.461 0.465063 -3.28264 0
70 169.674 1.98618 179.719 0.379385 -3.10354 0
70 169.448 2.63905 180.128 0.321643 -3.11826 0
70 169.217 1.95274 180.069 0.383448 -3.09436 0
70 169.217 1.95274 180.069 0.393417 -3.0735 0
70 169.017 1.10874 182.867 0.48692 -3.33346 0
70 169.017 1.09769 182.981 0.517473 -3.38924 0
70 169.12 1.44625 181.749 0.509215 -3.30472 0
70 169.369 2.21795 182.163 0.457571 -3.3597 0
70 169.369 2.21795 182.163 0.461115 -3.38706 0
70 169.561 2.53616 180.001 0.43214 -3.18919 0
70 169.561 2.53616 180.001 0.428668 -3.16676 0
70 169.713 2.49611 181.72 0.429524 -3.33079 0
70 169.69 1.90346 180.631 0.485023 -3.24136 0
70 169.69 1.90346 180.631 0.495219 -3.23409 0
70 169.366 1.57227 182.908 0.541493 -3.47409 0
70 169.23 1.9914 180.878 0.520797 -3.33081 0
70 169.23 1.9914 181.41 0.529876 -3.32877 0
70 169.245 2.74687 181.41 0.456228 -3.38445 0
70 169.141 3.22075 181.341 0.397923 -3.38641 0
70 169.094 2.88612 179.93 0.413455 -3.24227 0
70 169.137 2.33733 182.064 0.453639 -3.41782 0
70 169.137 2.33733 182.064 0.454748 -3.44292 0
70 169.571 2.3802 180.447 0.451496 -3.30474 0
70 169.704 2.77616 181.17 -8.79808 -20.1828 -0
70 169.704 2.77616 181.17 0.407971 -3.36121 0
70 169.436 2.90943 179.693 0.387045 -3.22601 0
70 169.436 2.90943 179.693 0.374973 -3.19649 0
70 169.027 2.85379 181.539 0.368841 -3.36399 0
70 169.031 2.83171 181.767 0.361155 -3.39999 0
70 169.23 2.45861 180.807 0.390061 -3.31735 0
70 169.597 2.4937 181.722 0.38512 -3.40188 0
70 169.794 2.30897 179.976 0.399405 -3.26027 0
70 169.782 1.913 179.251 0.437004 -3.1733 0
70 169.574 1.54895 180.716 0.446998 -3.13683 0
70 169.574 1.54895 180.716 0.498214 -3.25867 0
70 169.574 1.54895 180.716 0.515909 -3.2532 0
70 169.245 2.38316 181.605 0.533604 -3.24773 0
70 169.245 2.38316 181.605 0.460854 -3.33881 -0
70 169.468 2.31575 181.134 0.438187 -3.38017 -0
70 169.468 2.31575 181.134 0.463972 -3.3212 0
70 169.477 1.62844 182.336 0.530652 -3.43838 0
70 169.477 1.62844 182.336 0.546824 -3.46745 0
70 169.57 0.873293 180.54 0.642655 -3.30771 0
70 169.452 0.893647 180.312 0.672782 -3.27417 0
70 169.457 1.31922 180.697 0.661452 -3.2985 0
70 169.682 1.94483 180.175 0.686016 -3.29261 0
70 169.682 1.94483 180.175 0.640835 -3.23004 0
70 169.596 2.13016 181.919 0.630775 -3.39619 0
70 169.485 2.34547 182.057 0.614034 -3.4324 0
70 169.465 2.56517 180.927 0.592587 -3.3408 0
70 169.486 2.58432 181.964 0.587004 -3.43418 0
70 169.486 2.58432 181.964 0.582423 -3.45696 0
70 169.577 1.8814 180.861 0.654532 -3.35835 0
70 169.706 1.23913 182.872 0.726767 -3.54548 0
70 169.706 1.23913 182.872 0.751016 -3.58601 0
70 169.939 1.91897 181.778 0.712573 -3.52625 0
70 169.939 1.91897 181.778 0.723223 -3.54325 0
70 169.842 2.03287 183.056 0.721221 -3.69467 0
70 169.842 1.89299 182.01 0.728753 -3.73912 0
70 169.71 1.8937 182.01 0.752227 -3.67174 0
70 169.727 2.01892 183.172 0.750467 -3.80768 0
70 169.819 2.66384 181.157 0.75822 -3.85417 0
70 169.819 2.66384 181.157 0.695469 -3.68253 0
70 169.819 2.66384 181.157 0.68958 -3.68638 0
70 170.055 3.70547 181.127 0.572227 -3.68709 0
70 169.914 3.77397 180.333 0.536831 -3.60567 0
70 169.964 3.74681 181.939 1.13923 -41.1252 -0
70 169.964 3.74681 181.939 0.478181 -3.75594 0
70 170.053 3.36306 181.097 9.4138 18.3475 0
70 170.053 3.36306 181.097 0.461073 -3.70426 0
70 169.95 3.43483 181.567 0.433059 -3.75222 0
70 169.795 3.09838 180.161 0.442469 -3.6319 0
70 169.795 3.09838 180.161 0.426045 -3.61317 0
70 169.236 2.55112 181.046 0.461552 -3.6778 0
70 169.236 2.55112 181.046 0.458048 -3.6793 0
70 169.332 2.1817 180.088 0.493324 -3.57856 0
70 169.332 2.1817 180.088 0.498018 -3.55981 0
70 169.332 2.1817 180.088 0.502328 -3.54106 0
70 169.332 2.1817 180.088 0.507032 -3.52065 0
70 170.054 3.12467 181.191 -21.5167 -29.266 -0
70 170.054 2.22943 181.846 0.411516 -3.60467 0
70 170.065 2.72191 181.846 0.439476 -3.68039 0
70 170.045 1.98129 181.092 0.509343 -3.61976 0
70 170.172 2.038 181.784 0.512804 -3.68623 0
70 170.172 2.038 181.784 0.520154 -3.70334 0
70 170.365 2.63768 180.107 0.465149 -3.54582 0
70 170.384 2.91257 180.935 0.431752 -3.61131 0
70 170.409 3.10168 181.524 0.401295 -3.67023 0
70 170.152 3.07166 180.494 0.389042 -3.57743 0
70 170.152 3.07166 180.494 0.373377 -3.56636 0
70 170.179 2.97288 181.635 0.369096 -3.67601 0
70 170.138 2.38832 180.321 0.414905 -3.55898 0
70 170.036 2.26014 180.541 0.4274 -3.5666 0
70 169.948 2.48066 181.943 0.408298 -3.6964 0
70 170.06 2.68756 180.923 0.406284 -3.71688 0
70 170.045 2.68756 180.923 0.381775 -3.62684 0
70 170.196 3.0279 182.329 0.339562 -3.77096 0
70 170.196 3.0279 182.329 0.325973 -3.7996 0
70 170.268 3.30154 180.511 0.283498 -3.63748 0
70 170.312 3.3934 182.127 -1.88208 -2.58643 0
70 170.312 3.3934 182.127 0.232517 -3.79819 0
70 170.073 2.93051 182.094 11.0226 -3.05862 0
70 170.073 2.93051 182.094 0.239034 -3.84548 0
70 170.218 2.80491 183.575 0.241033 -4.03081 0
70 170.295 2.73677 181.726 0.238975 -3.89994 0
70 170.501 2.67649 181.027 0.237028 -3.84388 0
70 170.539 2.80834 182.3 0.217675 -3.97183 0
70 170.539 2.80834 182.3 0.208641 -4.00014 0
70 170.503 2.55284 181.132 0.226565 -3.90404 0
70 170.302 1.94249 182.923 0.282491 -4.08307 0
70 170.302 1.94249 182.923 0.291861 -4.12428 0
70 170.264 1.87422 180.965 0.308612 -3.95684 0
70 170.173 2.87832 181.397 0.22553 -3.99749 0
70 170.173 2.87832 181.397 0.215001 -4.0065 0
70 169.892 3.04576 179.464 0.187579 -3.81894 0
70 169.892 3.04576 179.464 0.172367 -3.78445 0
80 169.814 2.68428 180.929 0.196241 -3.90609 0
80 170.256 2.03712 180.404 0.249857 -3.85641 0
80 170.514 1.88661 182.226 3.7739 -46.4186 -0
80 170.514 1.88661 182.226 0.281926 -4.03209 0
80 170.76 2.31202 182.716 0.246386 -4.11241 0
80 170.948 2.73757 180.331 0.202441 -3.89456 0
80 170.948 2.73757 180.331 0.194328 -3.87973 0
80 171.049 4.03011 179.97 0.0485638 -3.82738 0
80 170.868 4.41492 178.168 -0.0273996 -3.61599 0
80 170.868 4.41492 178.168 -0.0711798 -3.55545 0
80 170.715 4.48675 180.134 -0.118561 -3.70343 0
80 170.715 4.48675 180.134 -0.163891 -3.68529 0
80 170.347 4.18902 179.548 -0.178998 -3.60771 0
80 170.257 4.6998 180.285 -0.263201 -3.64905 0
80 170.257 4.6998 180.285 -0.313127 -3.63417 0
80 170.146 5.82106 178.085 -0.483695 -3.38336 0
80 170.578 6.10656 179.928 -7.22719 -46.3736 -0
80 170.557 5.68978 179.434 9.07249 8.06949 0
80 170.657 5.04489 178.917 -0.696967 -3.38582 0
80 170.959 4.91841 180.503 -0.703072 -3.29239 -0
80 170.959 4.91841 180.503 -0.750921 -3.41987 0
80 170.97 5.43176 178.359 -0.858038 -3.20952 0
80 170.97 5.43176 178.359 -0.923116 -3.15364 0
80 170.873 5.73734 178.847 -1.02209 -3.15038 0
80 170.065 5.61579 176.459 4.3776 52.6857 0
80 170.065 5.61579 176.459 -1.15889 -2.79111 0
80 169.698 5.68851 178.325 -1.24194 -2.87186 0
80 169.617 5.74056 179.025 -1.31849 -2.88584 0
80 169.357 5.3479 178.31 -1.35655 -2.76782 0
80 169.461 5.37536 180.496 -1.42372 -2.92064 0
80 169.819 5.58841 180.728 -1.50878 -2.93269 0
80 170.167 5.42406 178.51 -1.56174 -2.70965 0
80 170.497 5.45179 178.152 -1.63001 -2.62132 0
80 170.653 5.83201 179.096 -1.73926 -2.64425 0
80 170.403 6.70968 176.994 -1.90166 -2.40883 0
80 170.403 6.70968 176.994 -2.00218 -2.31628 0
80 170.346 6.81295 179.884 -2.10634 -2.53473 0
80 169.93 6.6228 180.699 -2.18148 -2.59795 0
80 169.361 5.78139 178.58 -2.19071 -2.36495 0
80 169.141 5.09943 178.527 -2.19217 -2.30767 0
80 169.271 5.1812 178.874 -2.25874 -2.29188 0
80 169.377 5.40056 176.47 -2.34173 -1.99704 0
80 169.566 5.89205 176.044 -2.46502 -1.84677 0
80 170.156 6.69119 178.619 -2.62704 -2.01527 0
80 170.422 7.20194 179.337 -2.78374 -2.03951 0
80 170.376 6.92819 178.511 -2.85785 -1.91427 0
80 170.386 6.30126 180.529 -2.88866 -2.07702 0
80 169.807 4.67903 177.884 -2.8389 -1.82578 0
80 169.425 4.03294 176.345 -2.82349 -1.61894 0
80 169.425 4.03294 176.345 -2.85869 -1.52002 0
80 169.347 4.16866 177.396 -2.90601 -1.54058 0
80 169.45 5.25334 175.531 -3.05095 -1.28028 0
80 170.018 6.38972 178.14 -3.22436 -1.41894 0
80 170.617 7.32683 180.601 -3.40449 -1.60353 0
80 170.617 7.32683 180.601 -3.50177 -1.59618 0
80 170.862 7.23331 178.967 -3.59938 -1.40977 0
80 171.027 6.1299 179.676 -3.5878 -1.44082 0
80 170.714 5.03185 177.648 -3.56158 -1.21377 0
80 170.411 5.04221 176.164 -3.62413 -0.988253 0
80 170.397 5.53749 178.509 -3.72913 -1.11021 0
80 170.325 6.16997 179.371 -3.85682 -1.13842 0
80 170.325 6.16997 179.371 -3.93846 -1.10383 0
80 170.289 6.44528 178.821 -4.05007 -1.00934 0
80 170.348 5.87676 179.921 -4.07672 -1.08075 0
80 170.282 4.87434 178.228 -4.0484 -0.882995 0
80 170.112 4.10931 176.443 -4.02616 -0.630589 0
80 170.177 4.08697 178.05 -4.06131 -0.684921 0
80 170.177 4.08697 178.05 -4.09802 -0.621836 0
80 170.266 4.90317 177.886 -4.22219 -0.541107 0
80 170.454 5.55634 179.658 -4.3465 -0.664431 0
80 170.643 5.89014 181.173 -4.45067 -0.798323 0
80 170.703 5.07534 179.952 -4.44783 -0.685097 0
80 170.695 3.93192 179.745 -4.39871 -0.640754 0
80 170.691 3.38049 179.47 -4.37897 -0.587779 0
80 170.637 3.9783 177.911 -4.45699 -0.407867 0
80 170.895 5.36884 179.162 -4.61794 -0.455647 0
80 170.961 6.28373 180.612 -4.76558 -0.548525 0
80 170.961 6.28373 180.612 -4.84886 -0.540774 0
80 170.923 6.33779 179.928 -4.93816 -0.465112 0
80 170.923 6.33779 179.928 -5.03005 -0.442745 0
80 170.704 4.96141 179.943 -4.9779 -0.421682 0
80 170.536 4.38898 178.523 -4.97728 -0.255437 0
80 170.719 5.04751 180.294 -20.4076 -41.5776 -0
80 170.719 5.04751 180.294 -5.14042 -0.345776 0
