H_VAL   H_STEP_SIZE 70 0.05
ROLL KP KI KD 5 12 12
PITCH KP KI KD 5 12 12
YAW KP KI KD 5 5 12
70 350.616 3.00181 181.281 -0.0571436 -0.028393 0.974961
70 350.616 3.00181 181.281 -0.0703107 -0.0349353 1.07189
70 350.616 3.00181 181.281 -0.0834778 -0.0414777 1.16881
70 350.616 3.00181 181.281 -0.0976787 -0.0485331 1.27334
70 350.616 3.00181 181.281 -0.110845 -0.0550755 1.37027
70 350.616 3.00181 181.281 -0.124141 -0.061682 1.46814
70 350.509 2.39801 183.071 13.9675 -41.8756 3.82146
70 350.509 2.39801 183.071 -0.0838782 -0.273055 1.6743
70 350.509 2.39801 183.071 -0.084149 -0.322213 1.78177
70 350.637 2.44176 182.5 -0.0891113 -0.305593 1.86924
70 350.637 2.44176 182.5 -0.090326 -0.335613 1.95839
70 350.637 2.44176 182.5 -0.0915406 -0.372413 2.06462
70 350.637 2.44176 182.5 -0.0928497 -0.404275 2.16231
70 350.632 2.58417 182.166 -0.10883 -0.40264 2.26047
70 350.632 2.58417 182.166 -0.113159 -0.428593 2.35915
70 350.632 2.58417 182.166 -0.117529 -0.454797 2.45878
70 350.632 2.58417 182.166 -0.121899 -0.481 2.55841
70 350.627 2.60298 181.938 -0.127971 -0.485777 2.65758
70 350.627 2.60298 181.938 -0.132709 -0.506755 2.75726
70 350.627 2.60298 181.938 -0.137493 -0.527936 2.856
70 350.627 2.60298 181.938 -0.142231 -0.548914 2.95473
70 350.627 2.60298 181.938 -0.146969 -0.569892 3.05346
70 350.627 2.60298 181.938 -0.151707 -0.590871 3.15219
70 350.621 2.62178 181.71 -0.158375 -0.589155 3.25238
70 350.621 2.62178 181.71 -0.163572 -0.605313 3.35211
70 350.621 2.62178 181.71 -0.16872 -0.621317 3.45089
70 350.621 2.62178 181.71 -0.173867 -0.637321 3.54967
70 350.621 2.62178 181.71 -0.17946 -0.65471 3.65701
70 350.621 2.62178 181.71 -0.184608 -0.670714 3.75579
70 350.616 2.64058 181.481 -0.191912 -0.667363 3.8636
70 350.616 2.64058 181.481 -0.197522 -0.678499 3.96338
70 350.616 2.64058 181.481 -0.203079 -0.689529 4.06221
70 350.616 2.64058 181.481 -0.20869 -0.700665 4.16199
70 350.616 2.64058 181.481 -0.214247 -0.711695 4.26082
70 350.616 2.64058 181.481 -0.219857 -0.722831 4.36061
70 350.616 2.64058 181.481 -0.225414 -0.73386 4.45944
70 350.616 2.64058 181.481 -0.230971 -0.744996 4.55922
70 350.616 2.64058 181.481 -0.237063 -0.756981 4.6666
70 350.616 2.64058 181.481 -0.242673 -0.768117 4.76638
70 350.616 2.64058 181.481 -0.24823 -0.779147 4.86521
70 350.616 2.64058 181.481 -0.253787 -0.790177 4.96404
70 350.616 2.64058 181.481 -0.259344 -0.801207 5.06382
70 350.616 2.64058 181.481 -0.264954 -0.813297 5.17121
70 350.616 2.64058 181.481 -0.270992 -0.824327 5.27004
70 350.616 2.64058 181.481 -0.276603 -0.835463 5.36982
70 350.616 2.64058 181.481 -0.28216 -0.846493 5.46865
70 350.616 2.64058 181.481 -0.28777 -0.857629 5.56843
70 350.723 2.66129 181.25 -0.295512 -0.84434 5.65802
70 350.723 2.66129 181.25 -0.301578 -0.850337 5.75588
70 350.723 2.66129 181.25 -0.308163 -0.85691 5.87169
70 350.723 2.66129 181.25 -0.315211 -0.863944 5.94093
70 350.723 2.66129 181.25 -0.322201 -0.87092 5.94093
70 350.949 2.66506 181.245 -0.328723 -0.876451 5.92122
70 350.949 2.66506 181.245 -0.334814 -0.882327 5.92122
70 350.949 2.66506 181.245 -0.341489 -0.888769 5.92122
70 350.949 2.66506 181.245 -0.347638 -0.895144 5.92122
70 351.175 2.66879 181.239 -0.354247 -0.900098 5.90149
70 351.175 2.66879 181.239 -0.360478 -0.90591 5.90149
70 351.515 2.67432 181.231 -0.367283 -0.911009 5.87185
70 351.515 2.67432 181.231 -0.373641 -0.91664 5.87185
70 351.766 2.67003 181.226 -0.37909 -0.921409 5.8499
70 351.766 2.67003 181.226 -0.385288 -0.926889 5.8499
70 352.103 2.68329 181.104 -0.392876 -0.920138 5.8205
70 352.103 2.68329 181.104 -0.399363 -0.922976 5.8205
70 352.446 2.68066 181.21 -0.405635 -0.936971 5.79057
70 352.787 2.68583 181.202 -0.412615 -0.941362 5.76083
70 352.787 2.68583 181.202 -0.419221 -0.94635 5.76083
70 353.128 2.69092 181.193 -0.426344 -0.950497 5.73105
70 353.487 2.69444 181.072 -0.433389 -0.944029 5.69976
70 353.487 2.69444 181.072 -0.440119 -0.946141 5.69976
70 353.831 2.6928 181.178 -0.446244 -0.958355 5.66974
70 353.831 2.6928 181.178 -0.453003 -0.962439 5.66974
70 354.398 2.70637 181.05 -0.461154 -0.953631 5.62027
70 354.854 2.71208 181.039 -0.468684 -0.954223 5.58042
70 354.854 2.71208 181.039 -0.475867 -0.955629 5.58042
70 355.543 2.71585 181.137 -0.483455 -0.967545 5.52032
70 356.125 2.71878 181.009 -0.491106 -0.957452 5.46956
70 356.928 2.72442 181.105 -0.499011 -0.967921 5.39945
70 357.727 2.73575 180.971 -0.507579 -0.95762 5.32972
70 358.53 2.74344 180.952 -0.51601 -0.955713 5.25966
70 358.53 2.74344 180.952 -0.523883 -0.9552 5.25966
70 359.448 2.75158 180.93 -0.532645 -0.952296 5.17954
70 0.360906 2.75832 180.679 -0.540807 -0.923881 5.09988
70 1.40214 2.76791 180.997 -0.55002 -0.951552 5.00901
70 2.66059 2.77448 180.853 -0.559113 -0.937022 4.89123
70 3.91648 2.77718 180.708 -0.567943 -0.919582 4.76338
70 5.30381 2.79512 180.788 -0.578352 -0.921773 4.61283
70 6.69027 2.69301 180.761 -0.577201 -0.914967 4.4504
70 8.03729 2.76184 180.036 -0.590736 -0.838938 4.27911
70 9.64206 2.75177 179.883 -0.598042 -0.803257 4.07179
70 11.4005 2.80027 180.297 -0.610776 -0.819206 3.83703
70 13.1117 2.8124 180.369 -0.621089 -0.811371 3.58927
70 14.8389 2.63151 179.774 -0.61231 -0.739335 3.32319
70 16.8102 3.21255 178.949 -0.673781 -0.635597 3.03189
70 18.9028 3.13787 178.552 -0.684937 -0.552331 2.69967
70 21.1073 2.90167 178.646 -0.678249 -0.508306 2.33769
70 23.5606 3.32424 179.075 -0.731276 -0.49876 1.93092
70 26.3566 3.57245 179.164 -0.776804 -0.465933 1.46971
70 29.6444 3.51103 178.478 -0.794997 -0.359886 0.952188
70 32.7635 3.54663 177.409 -0.823386 -0.195738 0.403109
70 36.4043 3.83359 176.939 -0.875982 -0.0753159 -0.201763
70 40.0829 4.34981 177.195 -0.959403 -0.0199184 -0.843876
70 44.218 4.81068 178.422 -1.04817 -0.0694712 -1.56725
70 48.401 4.58142 179.832 -1.07405 -0.164019 -2.32713
70 52.3142 3.48543 180.59 -1.00742 -0.218593 -3.14134
70 56.2889 2.17231 180.404 -0.893451 -0.19145 -3.98872
70 59.4358 1.85215 179.078 -0.854879 -0.0387025 -4.75124
70 62.296 2.06608 178.091 -0.866054 0.109662 -5.56091
70 64.693 2.03437 177.635 -0.855619 0.222149 -6.3474
70 68.5203 2.38166 179.215 -4.81123 -24.8779 -47.2514
70 68.5203 2.38166 179.215 -0.882329 0.183783 -7.90083
70 70.3908 2.13248 180.04 -0.857264 0.140205 -8.69408
70 71.1647 1.84164 179.813 -0.82349 0.181515 -9.41073
70 71.3448 1.66842 179.372 -0.795762 0.247244 -10.0025
70 70.5686 2.9713 180.427 -0.779844 0.282831 -10.6486
70 69.4794 4.37445 181.864 -33.6846 -33.3619 14.4148
70 67.4496 4.6221 181.749 -6.86105 2.7361 36.4806
70 65.1361 4.04365 180.145 12.3655 37.5124 43.2838
70 65.1361 4.04365 180.145 -1.1293 0.208242 -10.5528
70 61.3931 3.10091 178.031 -1.07017 0.442765 -10.2262
70 58.3475 3.33075 177.491 -1.10972 0.563496 -9.96041
70 54.8531 4.22868 177.428 -1.22561 0.647467 -9.65547
70 51.0836 5.69795 178.056 -1.42114 0.659196 -9.32651
70 47.1518 6.91984 178.618 -1.62613 0.663534 -8.9834
70 43.3311 6.76928 179.296 -1.70205 0.63849 -8.64998
70 39.3983 5.01624 180.037 -1.60986 0.59567 -8.30678
70 30.0885 359.432 180.982 -1.33612 0.517823 -7.92388
70 24.961 357.985 180.446 32.7588 13.0427 100
70 19.4839 358.853 180.777 -0.900472 0.543156 -6.56892
70 13.7036 0.0637788 181.492 -0.933045 0.482481 -6.06449
70 7.60227 1.15281 181.76 -0.983183 0.446157 -5.53205
70 1.30713 3.00381 181.685 -1.12691 0.435905 -4.98223
70 355.088 5.25959 180.798 -1.35072 0.503877 -4.42314
70 348.238 8.09823 179.795 -1.9082 -26.4684 100
70 341.893 7.14238 180.438 -1.71049 0.56842 -3.0823
70 335.718 4.98971 180.835 -1.61141 0.543144 -2.34928
70 329.75 3.85096 179.849 -1.56099 0.639873 -1.57785
70 324.044 4.04941 177.574 -1.61247 0.885084 -0.767642
70 318.819 4.07578 177.975 -1.65215 0.921376 0.0489631
70 314.188 4.89685 179.326 -1.77013 0.854211 0.859359
70 314.188 4.89685 179.326 -1.82484 0.89013 1.2888
H_VAL   H_STEP_SIZE 50 0.1
ROLL KP KI KD 5 12 12
PITCH KP KI KD 5 12 12
YAW KP KI KD 5 5 12
50 350.715 1.96636 181.309 0.0388556 -0.0309434 0.966174
50 350.715 1.96636 181.309 0.0475454 -0.0379336 1.06034
50 350.715 1.96636 181.309 0.057113 -0.045483 1.16205
50 350.697 2.86834 180.118 -21.0045 27.7603 1.66943
50 350.697 2.86834 180.118 -0.024649 0.0717263 1.36246
50 350.697 2.86834 180.118 -0.0357738 0.0914666 1.45773
50 350.697 2.86834 180.118 -0.0459884 0.109592 1.55394
50 350.697 2.86834 180.118 -0.0562029 0.129332 1.65675
50 350.7 2.85906 180.232 -0.0665204 0.135394 1.75363
50 350.7 2.85906 180.232 -0.0767372 0.151416 1.85076
50 350.7 2.85906 180.232 -0.0869539 0.167438 1.94789
50 350.7 2.85906 180.232 -0.0971707 0.18346 2.04501
50 350.7 2.85906 180.232 -0.107387 0.199482 2.14214
50 350.7 2.85906 180.232 -0.117604 0.215504 2.24775
50 350.705 2.84048 180.46 -0.125966 0.209707 2.34435
50 350.705 2.84048 180.46 -0.13664 0.220805 2.44143
50 350.705 2.84048 180.46 -0.146456 0.231902 2.5385
50 350.705 2.84048 180.46 -0.156367 0.243108 2.63652
50 350.705 2.84048 180.46 -0.166088 0.254206 2.7336
50 350.705 2.84048 180.46 -0.175999 0.265303 2.83067
50 350.705 2.84048 180.46 -0.185815 0.276401 2.92775
50 350.705 2.84048 180.46 -0.195631 0.287499 3.03331
50 350.705 2.84048 180.46 -0.206209 0.299566 3.13038
50 350.705 2.84048 180.46 -0.21612 0.310664 3.22746
50 350.705 2.84048 180.46 -0.225936 0.321762 3.32453
50 350.705 2.84048 180.46 -0.235848 0.332967 3.42255
50 350.705 2.84048 180.46 -0.245664 0.344065 3.51963
50 350.705 2.84048 180.46 -0.255479 0.355162 3.6167
50 350.931 2.84276 180.455 -0.265619 0.366941 3.69382
50 350.931 2.84276 180.455 -0.275484 0.378162 3.78886
50 350.931 2.84276 180.455 -0.285349 0.390362 3.89222
50 351.157 2.84501 180.449 -0.29638 0.402237 3.96777
50 351.157 2.84501 180.449 -0.306298 0.413581 4.06078
50 351.497 2.84828 180.44 -0.316611 0.425833 4.12429
50 351.497 2.84828 180.44 -0.326692 0.437475 4.21513
50 351.975 2.84398 180.429 -0.33551 0.44913 4.25653
50 351.975 2.84398 180.429 -0.345498 0.461017 4.34302
50 352.431 2.84043 180.532 -0.355207 0.462175 4.38624
50 353.11 2.85369 180.4 -0.366495 0.484624 4.40746
50 354.043 2.84615 180.492 -0.375977 0.488569 4.40148
50 354.839 2.8576 180.358 -0.387161 0.511632 4.39861
50 355.759 2.8547 180.563 -0.329794 -4.28277 -17.0459
50 355.759 2.8547 180.563 -0.40731 0.515598 4.42971
50 356.909 2.74609 180.303 -0.405881 0.552394 4.3729
50 358.066 2.743 180.734 -0.41338 0.520077 4.30447
50 359.325 2.75266 180.589 -0.422277 0.54084 4.21534
50 0.461924 2.75668 180.103 -0.430698 0.600349 4.12738
50 1.84997 2.76407 180.528 -0.439576 0.573792 4.00421
50 3.33901 2.6538 180.496 -0.436191 0.586936 3.85984
50 4.94189 2.7593 179.996 -0.452767 0.648209 3.69367
50 6.43767 2.67145 180.539 -0.451809 0.613323 3.52177
50 8.04565 2.67165 180.387 -0.458119 0.638678 3.32517
50 9.75802 2.64664 180.004 -0.461804 0.690474 3.10592
50 11.6352 2.61742 180.771 -0.464466 0.633464 2.85573
50 13.3839 2.64498 180.844 -0.472321 0.630405 2.59221
50 15.0646 2.5455 180.01 -0.468022 0.718488 2.32748
50 16.8036 2.48153 180.329 -0.465336 0.708195 2.04462
50 18.3805 2.39427 181.123 -0.45903 0.644325 1.75954
50 19.7715 2.46189 180.736 -0.465618 0.677958 1.47966
50 21.0386 2.41569 179.787 -0.462842 0.774739 1.19756
50 22.4352 2.40962 180.341 -0.462927 0.748164 0.891331
50 22.4352 2.40962 180.341 -0.463453 0.76302 0.703204
50 24.5738 2.40268 180.769 -0.463301 0.732553 0.312066
50 25.54 2.28638 179.717 -0.451822 0.844242 0.0124869
50 26.5823 2.33785 180.392 -0.454803 0.80418 -0.304334
50 26.5823 2.33785 180.392 -0.453846 0.816863 -0.531924
50 28.1184 2.25814 180.972 -0.444658 0.76949 -0.929568
50 28.7702 2.2551 180.015 -0.441308 0.868945 -1.2348
50 29.2396 2.226 179.895 -0.435475 0.904404 -1.52882
50 29.6319 2.26873 180.942 -0.436023 0.819494 -1.81959
50 29.6319 2.26873 180.942 -0.433456 0.820208 -2.07731
50 29.7962 2.21629 179.411 -0.425195 0.988232 -2.35087
50 29.6357 2.21635 181.193 -0.421445 0.857036 -2.59572
50 29.3635 2.29769 181.531 -0.425131 0.821474 -2.82929
50 28.7605 2.25234 179.543 0.636077 0.990262 -3.03337
50 28.0736 2.45359 178.918 -0.416396 15.6122 12.7652
50 28.0736 2.45359 178.918 -0.435457 1.11879 -3.44282
50 27.2652 2.44518 181.772 -0.436149 0.9561 -3.62854
50 26.429 2.42275 181.786 -0.435012 0.854124 -3.78672
50 25.4453 2.36382 180.054 -0.429496 1.02277 -3.92301
50 24.6388 2.5078 179.103 -0.444546 1.14382 -4.04845
50 23.9865 2.46398 180.533 -0.44161 1.02691 -4.15939
50 23.1501 2.37151 181.854 -0.433431 0.896231 -4.28728
50 22.1769 2.55853 181.134 -0.45254 0.95169 -4.37697
50 21.2429 2.48309 179.536 -0.448408 1.11703 -4.47951
50 20.5537 2.52752 179.777 -0.455326 1.12286 -4.59444
50 19.8845 2.52061 181.072 -0.457708 1.01014 -4.70498
50 18.9125 2.58236 180.848 -0.466974 1.03079 -4.78262
50 18.0786 2.60566 179.586 -0.474099 1.16482 -4.87727
50 17.4072 2.57154 180.882 -0.475482 1.06545 -4.96691
50 16.6135 2.56775 181.71 -0.479248 0.987586 -5.0403
50 16.6135 2.56775 181.71 -0.483257 0.971413 -5.20999
50 14.9448 2.72891 179.642 -0.503046 1.15863 -5.16384
50 14.293 2.66611 180.014 -0.504316 1.1505 -5.22546
50 13.7329 2.62644 181.646 -0.50652 1.00831 -5.29077
50 13.0327 2.63994 181.89 -0.513195 0.968667 -5.33743
50 12.0628 2.76078 179.939 -0.53045 1.1368 -5.35469
50 11.2857 2.78954 180.186 -0.541368 1.13666 -5.3824
50 10.6083 2.67265 181.479 -0.539392 1.03391 -5.41137
50 9.93131 2.7725 181.37 -0.554798 1.03273 -5.43463
50 9.93131 2.7725 179.662 -0.563309 1.02405 -5.51184
50 8.9587 2.85283 179.662 -0.580598 1.2019 -5.49526
50 8.16684 2.81008 180.719 -0.586285 1.11734 -5.48782
50 7.62358 2.76312 181.769 -0.589949 1.01025 -5.49689
50 7.62358 2.76312 181.769 -0.598175 0.992794 -5.53391
50 5.84589 2.85294 179.625 -0.615805 1.19934 -5.37878
50 5.07581 2.90884 180.789 -0.631678 1.1126 -5.31158
50 4.29949 2.82931 181.843 -0.635231 1.01126 -5.24383
50 4.29949 2.82931 181.843 -0.644992 0.992173 -5.24383
50 2.74661 2.97665 179.7 -0.66977 1.19153 -5.10831
50 1.85897 2.88417 180.87 -0.673849 1.10665 -5.03085
50 1.31702 2.89425 182.144 -0.685895 0.985785 -4.98282
50 0.389101 2.99071 181.708 -0.706229 1.00137 -4.8972
50 359.308 2.98608 179.903 -0.719118 1.14956 -4.79096
50 359.308 2.98608 179.903 -0.732326 1.17312 -4.77083
50 358.306 2.96877 181.075 -0.743734 1.07505 -4.65628
50 357.771 2.93276 182.579 -0.751792 0.916719 -4.57664
50 356.957 3.04311 182.03 -0.77489 0.939491 -4.46671
50 356.332 3.09387 180.099 -0.794346 1.10624 -4.37082
50 355.86 3.1056 179.997 -0.810951 1.13551 -4.27968
50 355.451 3.14986 181.73 -0.831215 0.983677 -4.19055
50 355.022 3.09589 182.773 -0.842673 0.860398 -4.09451
50 354.287 3.16825 180.961 -0.863966 0.995623 -3.96743
50 353.906 3.12243 179.592 -0.877069 1.12857 -3.871
50 353.604 3.13025 181.665 2.94456 -7.17051 100
50 353.31 3.14324 183.283 -1.18408 -33.064 2.45523
50 353.31 3.14324 183.283 -0.928659 0.76031 -3.61029
50 352.732 3.02422 183.063 -0.932319 0.733547 -3.47937
50 351.845 3.12004 179.763 -0.959482 27.5782 5.33861
50 351.845 3.12004 179.763 -0.972361 1.04964 -3.22811
50 351.428 3.20128 181.847 -0.997238 0.852449 -3.10725
50 351.121 3.10407 183 -1.00474 0.709528 -2.9856
50 350.593 3.19104 180.377 -1.02877 0.913079 -2.84274
50 350.465 3.23739 179.81 -1.05087 0.979899 -2.73114
50 350.373 3.21603 181.534 -1.06911 0.838155 -2.6129
50 350.409 3.10985 182.789 -1.07542 0.706203 -2.51519
50 350.236 3.16773 180.729 -1.09135 0.666314 0.605557
50 350.094 3.25505 179.706 -3.15335 24.7485 0.997218
50 350.041 3.18896 181.772 -1.14051 0.970581 -2.18681
50 350.041 3.18896 181.772 -1.15241 0.772783 -2.07714
50 349.846 3.09183 182.805 -1.15947 0.642324 -1.95322
50 349.56 3.15828 180.748 -1.18215 0.823388 -1.81906
50 349.519 3.17982 179.255 -1.2013 0.991463 -1.70563
50 349.585 3.19931 181.557 -1.22147 0.787286 -1.62028
50 349.73 3.13914 183.615 -1.23302 0.55737 -1.52484
50 349.73 3.25454 180.983 -3.65149 55.8536 -0.379023
50 10.1959 3.10021 178.574 2.34123 56.9345 -100
50 349.966 3.30442 179.139 -1.30174 0.936598 -1.23943
50 350.355 3.14996 180.954 -1.30591 0.788578 -1.17939
50 350.503 3.17067 182.101 -1.32491 0.667816 -1.09123
50 350.361 3.20792 180.155 -1.34605 0.839361 -0.991424
50 350.082 3.29455 179.25 -1.37299 0.949893 -0.863361
50 350.025 3.23889 181.201 -1.3878 0.796938 -0.769093
50 349.846 3.21619 182.701 -1.40435 0.64442 -0.647648
50 349.846 3.21619 182.701 -1.42245 0.606812 -0.54183
50 349.555 3.29317 180.53 -1.44838 0.790047 -0.409228
50 349.529 3.26258 179.608 -1.46499 0.895241 -0.314434
50 349.572 3.24103 181.101 -1.48224 0.77315 -0.208711
50 349.591 3.30291 181.681 -1.50556 0.713499 -0.101118
50 349.433 3.32336 180.192 -1.52767 0.842826 -0.00346291
50 349.413 3.27262 179.497 -1.54302 0.929376 0.116369
50 349.693 3.33645 181.336 -1.56846 0.787638 0.200856
50 349.72 3.2539 182.248 -1.58166 0.694901 0.306665
50 349.72 3.2539 182.248 -1.60203 0.667428 0.412599
50 349.664 3.30492 180.413 -1.62478 0.838753 0.524914
50 349.757 3.36746 179.726 -1.65356 0.927271 0.624468
50 349.925 3.3207 181.557 -1.67059 0.759004 0.698341
50 350.174 3.25643 182.349 -1.68418 0.662807 0.779817
50 350.491 3.27539 180.732 -1.70494 0.785805 0.855217
50 350.581 3.34264 179.93 -1.73108 0.869857 0.931439
50 350.962 3.22714 181.404 -1.73978 0.756373 0.989067
50 350.962 3.22714 181.404 -1.75794 0.747113 1.08383
50 351.498 3.31428 180.36 -1.78468 0.840235 1.13033
50 351.718 3.33299 180.125 -1.80691 0.877927 1.18862
50 352.225 3.25621 181.14 -1.82042 0.802128 1.232
50 352.225 3.25621 181.14 -1.8392 0.798563 1.32271
50 352.76 3.33731 179.981 -1.87452 0.918872 1.35587
50 353.596 3.26409 181.329 -3.23759 -8.38591 100
H_VAL   H_STEP_SIZE 50 0.1
ROLL KP KI KD 5 12 12
PITCH KP KI KD 5 10 12
YAW KP KI KD 5 5 12
50 354.167 2.94395 180.838 -0.0517787 0.0125413 0.657073
50 354.167 2.94395 180.838 -0.0644523 0.0151164 0.726239
50 354.167 2.94395 180.838 -0.0762255 0.0175245 0.790921
50 354.167 2.94395 180.838 -0.0880395 0.0199326 0.855604
50 354.167 2.94395 180.838 -0.100789 0.0225315 0.92541
50 354.167 2.94395 180.838 -0.112603 0.0249396 0.990093
50 354.167 2.94395 180.838 -0.125471 0.0275623 1.06054
50 354.167 2.94395 180.838 -0.137167 0.0299705 1.12522
50 354.167 2.94395 180.838 -0.149098 0.0324024 1.19055
50 354.167 2.94395 180.838 -0.161146 0.0348344 1.26163
50 354.167 2.94395 180.838 -0.174129 0.037481 1.32696
50 354.167 2.94395 180.838 -0.186996 0.0401037 1.39804
50 354.167 2.94395 180.838 -0.199044 0.0425595 1.46336
50 354.167 2.94395 180.838 -0.210975 0.0449914 1.52869
50 354.167 2.94395 180.838 -0.222906 0.0476676 1.59977
50 354.167 2.94395 180.838 -0.23589 0.05007 1.6651
50 354.131 3.58559 179.495 -0.315431 0.190158 1.73509
50 354.131 3.58559 179.495 -0.339619 0.217018 1.80202
50 354.131 3.58559 179.495 -0.36777 0.24362 1.8683
50 354.131 3.58559 179.495 -0.39366 0.270221 1.93458
50 354.131 3.58559 179.495 -0.41955 0.296823 2.00087
50 354.131 3.58559 179.495 -0.445439 0.323425 2.06715
50 354.138 3.57391 179.724 -0.198742 -4.99283 1.96879
50 354.138 3.57391 179.724 -0.496426 0.352673 2.20032
50 354.138 3.57391 179.724 -0.522312 0.375382 2.26718
50 354.138 3.57391 179.724 -0.54795 0.397871 2.33855
50 354.138 3.57391 179.724 -0.577494 0.422327 2.40541
50 354.138 3.57391 179.724 -0.601714 0.445035 2.47227
50 354.138 3.57391 179.724 -0.627352 0.467525 2.53849
50 354.138 3.57391 179.724 -0.652989 0.490014 2.60471
50 354.138 3.57391 179.724 -0.678627 0.512504 2.67093
50 354.138 3.57391 179.724 -0.704513 0.535212 2.7378
50 354.369 3.45452 179.825 -0.718456 0.547968 2.78327
50 354.369 3.45452 179.825 -0.741742 0.568831 2.84804
50 354.711 3.45546 179.815 -0.787046 0.830611 -5.07827
50 354.711 3.45546 179.815 -0.788194 0.611459 2.94434
50 354.711 3.45546 179.815 -0.811501 0.632509 3.00541
50 354.943 3.45097 179.923 -0.834334 0.642566 3.04512
50 354.943 3.45097 179.923 -0.857543 0.661666 3.1203
50 355.282 3.45674 179.798 -0.881361 0.693744 3.13259
50 355.74 3.45754 179.784 -0.904997 0.716412 3.14739
50 355.74 3.45754 179.784 -0.929925 0.739478 3.20375
50 356.312 3.45821 179.767 -0.953346 0.763113 3.20091
50 357.009 3.44817 179.746 -0.975691 0.787123 3.18295
50 357.7 3.33127 179.838 -0.987563 0.800591 3.16032
50 358.502 3.33122 179.814 -1.00796 0.823208 3.12206
50 359.305 3.3305 179.791 -1.0285 0.846375 3.078
50 359.993 3.32936 179.771 -1.04917 0.869872 3.037
50 0.91116 3.32711 179.744 -1.01688 1.51255 -18.39
50 0.91116 3.32711 179.744 -1.08985 0.916204 2.97517
50 1.829 3.20948 179.72 -1.09775 0.941106 2.89285
50 2.63106 3.20613 179.697 -1.11518 0.96593 2.81456
50 3.43209 3.20214 179.675 -1.13267 0.991279 2.73088
50 4.24448 3.20714 179.653 -1.15112 1.01724 2.63865
50 5.04811 3.20694 179.744 -1.169 1.03266 2.5412
50 5.61544 3.19776 179.614 -0.972448 4.10129 -10.7433
50 5.61544 3.19776 179.614 -1.20359 1.09128 2.4218
50 6.29952 3.07816 179.601 -1.20862 1.11732 2.31907
50 7.1156 3.0807 179.58 -1.22382 1.14415 2.19985
50 7.68639 3.08326 179.678 -1.2395 1.16028 2.0951
50 8.27118 3.07107 179.435 -1.25399 1.20728 1.98452
50 8.27426 3.07935 179.549 -1.44304 -1.16542 1.85132
50 8.95355 3.07241 179.53 -1.28387 1.25266 1.79597
50 9.63155 2.95104 179.521 -1.28511 1.27776 1.67044
50 10.1114 2.95485 179.51 -1.29792 1.30552 1.55189
50 10.5582 2.93913 179.384 -1.30878 1.34322 1.43488
50 10.5582 2.93913 179.384 -1.32084 1.3721 1.35272
50 10.8976 2.94567 179.489 -1.33367 1.39095 1.23831
50 10.8976 2.94567 179.489 -1.34576 1.41766 1.15389
50 11.2697 2.96158 179.594 -1.35967 1.43371 1.03309
50 11.2697 2.96158 179.594 -1.37222 1.45877 0.937656
50 11.6056 2.9577 179.585 -1.38438 1.48661 0.817059
50 11.6056 2.9577 179.585 -1.39781 1.51185 0.726274
50 11.9377 2.9418 179.462 -1.40878 1.54853 0.604874
50 11.9377 2.9418 179.462 -1.42078 1.57572 0.511103
50 11.9447 2.85175 179.702 -1.42455 1.58117 0.415791
50 11.9447 2.85175 179.702 -1.43461 1.60405 0.321958
50 11.9447 2.85175 179.702 -1.44476 1.62715 0.227213
50 11.8472 2.91195 180.274 -1.46083 1.5951 0.141426
50 11.8472 2.91195 180.274 -1.47219 1.60769 0.0484692
50 11.8472 2.91195 180.274 -1.48354 1.62028 -0.0444871
50 11.4978 2.85643 179.714 -1.48956 1.68703 -0.10627
50 11.4978 2.85643 179.714 -1.49992 1.71015 -0.19783
50 348.513 2.81051 180.742 -1.51018 -22.2946 100
50 11.3971 2.90302 180.172 -1.52641 1.70671 -0.342985
50 11.4086 2.83436 180.639 -1.53038 1.67211 -0.43473
50 11.4086 2.83436 180.639 -1.54016 1.67821 -0.524608
50 10.9017 2.8426 179.614 -1.55087 1.78635 -0.568022
50 10.4727 2.92036 180.423 -3.37729 -17.1008 9.36799
50 10.4727 2.87793 181.24 -0.589474 -17.3324 6.72488
50 10.1546 2.87793 181.24 -1.58767 1.6729 -0.756794
50 10.1546 2.87793 181.24 -1.59933 1.66766 -0.842085
50 9.07169 2.85182 179.66 -1.60735 1.82751 -0.817671
50 8.40977 2.90808 180.362 -1.62282 1.78716 -0.827734
50 8.07272 2.8661 181.521 -1.63042 1.69192 -0.860822
50 8.07272 2.8661 181.521 -1.64099 1.6819 -0.920998
50 7.34979 2.97901 179.809 -1.66227 1.83205 -0.915878
50 6.88312 2.95441 179.364 -1.67287 1.89476 -0.926811
50 6.33301 3.03316 180.865 -1.69297 1.78412 -0.926821
50 5.78902 2.96839 181.916 -1.70229 1.68805 -0.925667
50 5.78902 2.96839 181.916 -1.71499 1.67097 -0.964544
50 4.4586 3.06872 179.079 -1.73711 1.9145 -0.884932
50 4.4586 3.06872 179.079 -1.75099 1.94627 -0.909673
50 3.11425 3.11425 180.603 -1.7721 1.83239 -0.813664
50 2.45962 3.02389 181.884 -1.77739 1.70924 -0.766102
50 1.5288 3.11705 181.334 -1.80087 1.74537 -0.689477
50 0.806384 3.10071 180.093 -1.81559 1.85286 -0.624949
50 0.806384 3.10071 180.093 -1.83132 1.86902 -0.618483
50 0.241897 3.10111 180.452 -1.84724 1.84794 -0.558039
50 0.040283 3.10021 181.488 -1.86289 1.74807 -0.527199
50 359.699 3.09535 181.612 -1.8781 1.72615 -0.481647
50 359.442 3.21177 180.588 -1.90694 1.81549 -0.439675
50 359.308 3.21526 179.905 -1.92545 1.88753 -0.40955
50 359.308 3.21526 179.905 -1.94369 1.90882 -0.387692
50 359.333 3.09517 180.82 -1.94925 1.83283 -0.369938
50 359.346 3.09242 181.278 -1.96458 1.79083 -0.352889
50 359.327 3.09655 180.591 -1.98052 1.84942 -0.331416
50 359.436 3.09834 180.359 -2.03796 6.73734 -2.59449
50 359.436 3.09834 180.359 -2.01199 1.88835 -0.302046
50 359.575 3.09507 181.272 -2.02733 1.80739 -0.296208
50 359.575 3.09507 181.272 -2.04293 1.80195 -0.27852
50 359.662 3.09947 180.238 -2.059 1.90095 -0.26901
50 359.771 3.10019 180.006 -2.07477 1.93753 -0.262254
50 359.909 2.98468 180.919 -2.0796 1.87133 -0.258712
50 359.909 2.98468 180.919 -2.09278 1.87235 -0.244224
50 359.885 2.9856 180.003 -2.12722 23.2676 0.32836
50 359.759 2.9865 179.548 -2.11911 1.97253 -0.212786
50 359.759 2.9865 179.548 -2.13241 2.03838 -0.185719
50 359.788 2.9842 180.693 -2.14538 1.94544 -0.172569
50 359.695 2.98108 181.497 -2.15822 1.86819 -0.147931
50 359.556 2.98321 180.584 -2.2327 23.1861 -0.119018
50 359.529 3.10194 179.554 -2.18353 1.94627 0.536396
50 359.529 3.10194 179.554 -2.20965 2.06217 -0.0821881
50 359.566 3.09644 180.928 -2.22488 1.95992 -0.0674356
50 359.374 2.97093 182.423 -2.22841 1.81889 -0.0321987
50 359.374 2.97093 182.423 -2.24116 1.79261 -0.0128548
50 359.556 3.09782 180.585 -2.26616 1.94082 -0.0101268
50 359.749 3.10179 179.205 -2.28205 2.07868 -0.00994214
50 0.0298328 2.9856 181.145 -2.28708 1.93541 -0.0189726
50 0.192405 2.98858 182.975 -2.30043 1.76433 -0.020022
50 0.192405 2.98858 182.975 -2.31369 1.72768 -0.0081055
50 0.603705 2.99118 181.13 -2.3271 1.87748 -0.0348814
50 0.791426 2.9821 179.521 -2.33946 2.03945 -0.044426
50 1.3084 2.89047 181.8 -2.35233 2.06558 -0.0380084
50 1.56649 2.79565 183.057 -0.140502 -24.5694 -5.50938
50 1.56649 2.79565 183.057 -2.35601 1.70181 -0.104603
50 2.27347 2.96716 179.139 -4.09208 40.698 -8.79114
50 2.27347 2.96716 179.139 -2.39416 2.07747 -0.176451
50 2.57536 2.91358 181.998 -2.40189 1.84416 -0.210756
50 2.70466 2.59283 182.92 -2.38316 1.73934 -0.232238
50 3.24618 3.01941 181.29 -2.42709 1.85654 -0.29047
50 3.66494 2.97582 179.79 -2.43691 1.99078 -0.338277
50 4.00254 2.8519 179.556 -2.43727 2.03436 -0.388288
50 4.02828 2.88797 180.587 -2.45091 1.96522 -0.413696
50 4.06492 2.81818 181.619 -2.45561 1.87897 -0.438084
50 4.06492 2.81818 181.619 -2.46594 1.86614 -0.463546
50 4.14248 2.88825 180.584 -2.48197 1.94958 -0.493851
50 4.0197 2.87595 180.243 -2.22635 9.12006 2.06429
50 4.0197 2.87595 180.243 -2.50179 2.00034 -0.530012
50 3.92471 2.78886 181.051 -2.50328 1.9298 -0.543964
50 3.84122 2.82308 181.854 -2.51586 1.84604 -0.556516
50 3.68832 2.89074 180.71 -2.53164 1.93336 -0.564336
50 3.5511 2.86189 179.797 -2.54007 2.02219 -0.57204
50 3.5511 2.86189 179.797 -2.55055 2.04378 -0.590784
50 3.5511 2.86189 179.797 -2.56092 2.06517 -0.60935
50 3.67401 2.87241 180.137 -2.57251 2.05186 -0.639754
50 3.68239 2.76899 180.484 -2.57304 2.03371 -0.660585
50 3.68239 2.76899 180.484 -2.58148 2.04269 -0.680342
50 3.55395 2.86544 179.911 -2.60045 2.11221 -0.687905
50 3.55395 2.86544 179.911 -2.61091 2.13151 -0.706497
50 3.45092 2.76509 180.375 -2.61088 2.10355 -0.715583
50 3.22209 2.76482 180.381 -2.61928 2.114 -0.712382
50 3.21078 2.86647 179.92 -4.76488 5.88653 -100
50 3.21078 2.86647 179.92 -2.64657 2.184 -0.737693
50 3.42814 2.85204 179.456 -2.6556 2.25156 -0.772766
50 3.42814 2.85204 179.456 -2.66586 2.27939 -0.790384
50 3.9055 2.76161 180.25 -2.66705 2.22936 -0.852242
50 3.9055 2.76161 180.25 -2.67525 2.24264 -0.874234
50 4.25268 2.75702 179.898 -2.68305 2.29079 -0.928434
50 4.4726 2.8574 179.545 -2.70091 2.34403 -0.973463
50 4.4726 2.8574 179.545 -2.71119 2.36998 -1.00039
50 4.83857 2.77896 180.456 -2.7138 2.30705 -1.06176
50 4.95838 2.78893 180.682 -2.72344 2.29474 -1.10331
50 5.05341 2.75389 179.879 -2.72914 2.37404 -1.14376
50 5.04517 2.73873 179.536 -2.41831 9.61037 -1.00303
50 5.04517 2.73873 179.536 -2.74354 2.45103 -1.20798
50 5.17864 2.77405 180.334 -2.75411 2.40051 -1.25259
50 5.18656 2.675 180.682 -2.75363 2.38077 -1.28439
50 5.18656 2.675 180.682 -2.76 2.38614 -1.32069
50 5.396 2.75237 179.871 -2.77453 2.47461 -1.37139
50 5.38776 2.7362 179.528 -2.78102 2.52923 -1.40661
50 5.40698 2.77396 180.328 -2.79244 2.47814 -1.43582
50 5.32445 2.72283 181.709 -2.79551 2.36108 -1.46411
50 5.33065 2.62412 182.057 -2.79394 2.31733 -1.49666
50 5.33065 2.62412 182.057 -2.79914 2.29768 -1.53137
50 5.42281 2.69179 181.02 -2.81172 2.38575 -1.57592
50 5.40424 2.76856 180.214 -2.82641 2.46624 -1.61007
50 5.40424 2.76856 180.214 -2.83484 2.48018 -1.64545
50 5.53956 2.69794 181.132 -2.83613 2.4028 -1.69416
50 5.5527 2.72548 181.704 -2.84576 2.34303 -1.73236
50 5.52904 2.6759 180.674 -1.69455 2.42277 -1.76734
50 5.52904 2.6759 180.674 -2.85456 2.42778 -1.80105
50 5.396 2.75237 179.871 -2.86931 2.51812 -1.82509
50 5.42018 2.68641 180.905 -2.87206 2.44655 -1.86628
50 5.43333 2.71337 181.477 -3.5086 -12.5762 -2.24736
50 5.43333 2.71337 181.477 -2.88829 2.38789 -1.93896
50 5.41246 2.78474 180.557 -2.90204 2.47043 -1.973
50 5.5101 2.75185 179.868 -2.90767 2.54398 -2.01505
50 5.5101 2.75185 179.868 -2.91565 2.56407 -2.05139
H_VAL   H_STEP_SIZE 50 0.1
ROLL KP KI KD 5 5 20
PITCH KP KI KD 5 5 20
YAW KP KI KD 5 5 12
50 5.30655 2.8004 180.903 -0.0371163 0.00643778 -0.340005
50 5.30655 2.8004 180.903 -0.0407736 0.00707214 -0.373507
50 5.30655 2.8004 180.903 -0.0447206 0.00775674 -0.409664
50 5.30655 2.8004 180.903 -0.0483779 0.0083911 -0.443167
50 5.30655 2.8004 180.903 -0.0520352 0.00902546 -0.47667
50 5.30655 2.8004 180.903 -0.0560184 0.00971634 -0.513158
50 5.30655 2.8004 180.903 -0.0596757 0.0103507 -0.546661
50 5.30655 2.8004 180.903 -0.0633693 0.0109913 -0.583149
50 5.30655 2.8004 180.903 -0.0673525 0.0116822 -0.616984
50 5.30655 2.8004 180.903 -0.0710822 0.0123354 -0.651482
50 5.30655 2.8004 180.903 -0.074812 0.0129823 -0.685648
50 5.30655 2.8004 180.903 -0.0785417 0.013623 -0.719815
50 5.30655 2.8004 180.903 -0.0823076 0.0142762 -0.753981
50 5.30655 2.8004 180.903 -0.0860374 0.0149231 -0.788148
50 5.30655 2.8004 180.903 -0.090057 0.0156202 -0.824968
50 5.31452 2.47787 181.376 -0.0641481 -0.0272179 -0.860529
50 5.31452 2.47787 181.376 -0.0649949 -0.0305805 -0.895432
50 5.31452 2.47787 181.376 -0.0658336 -0.0342234 -0.927011
50 5.31452 2.47787 181.376 -0.0666804 -0.0379013 -0.961914
50 5.31452 2.47787 181.376 -0.0675191 -0.0415792 -0.996816
50 5.31452 2.47787 181.376 -0.0683659 -0.045222 -1.03172
50 5.31452 2.47787 181.376 -0.0692127 -0.0488999 -1.06629
50 5.31452 2.47787 181.376 -0.0700595 -0.0525778 -1.10119
50 5.31452 2.47787 181.376 -0.0708982 -0.0562207 -1.13576
50 5.31452 2.47787 181.376 -0.071745 -0.0598986 -1.17066
50 5.31452 2.47787 181.376 -0.0725838 -0.0635415 -1.20523
50 5.31452 2.47787 181.376 -0.0734306 -0.0672544 -1.24047
50 5.31452 2.47787 181.376 -0.0742854 -0.0709323 -1.27537
50 5.31452 2.47787 181.376 -0.0750596 -0.0746102 -1.31027
50 5.42388 2.46812 181.145 -0.0750399 -0.0571215 -1.35275
50 5.42388 2.46812 181.145 -0.0757901 -0.0586662 -1.38831
50 5.42388 2.46812 181.145 -0.0765475 -0.0602257 -1.42421
50 5.42388 2.46812 181.145 -0.0773049 -0.0617852 -1.46012
50 5.42388 2.46812 181.145 -0.0780624 -0.0633447 -1.49602
50 5.42388 2.46812 181.145 -0.078827 -0.0649191 -1.53227
50 5.42388 2.46812 181.145 -0.0795844 -0.0664787 -1.56817
50 5.42388 2.46812 181.145 -0.080349 -0.068053 -1.60442
50 5.42388 2.46812 181.145 -0.0811064 -0.0696125 -1.64033
50 5.42388 2.46812 181.145 -0.0818639 -0.0711721 -1.67623
50 5.42388 2.46812 181.145 -0.0826285 -0.0727464 -1.71248
50 5.42388 2.46812 181.145 -0.0833859 -0.074306 -1.74838
50 5.42388 2.46812 181.145 -0.0840856 -0.0757467 -1.78155
50 5.08206 2.58028 181.147 -0.0956761 -0.0775312 -1.7848
50 5.08206 2.58028 181.147 -0.0974783 -0.0791257 -1.81789
50 5.30799 2.57659 181.028 -0.0989078 -0.069189 -1.87245
50 5.30799 2.57659 181.028 -0.100676 -0.0696788 -1.90762
50 5.30799 2.57659 181.028 -0.102577 -0.0702056 -1.94545
50 5.30799 2.57659 181.028 -0.104329 -0.0706908 -1.98062
50 4.85344 2.57864 181.152 -0.106279 -0.0822381 -1.97509
50 4.85344 2.57864 181.152 -0.108049 -0.0838638 -2.00576
50 4.27619 2.56587 180.936 -0.108642 -0.0653025 -1.98278
50 3.80633 2.55545 180.947 -0.10937 -0.0659342 -1.96647
50 3.80633 2.55545 180.947 -0.110943 -0.0656787 -1.98775
50 3.24193 2.56147 181.303 -0.113087 -0.099234 -1.95545
50 2.65201 2.65201 180.512 -0.12283 -0.0313385 -1.91864
50 2.65201 2.65201 180.512 -0.125249 -0.0271365 -1.92905
50 2.21844 2.5578 181.669 -0.118695 -0.133684 -1.89815
50 2.21844 2.5578 181.669 -0.12029 -0.14011 -1.90475
50 1.37482 2.63948 179.854 -0.129667 0.0272357 -1.83059
50 0.717879 2.64901 181.244 -0.132907 -0.0922746 -1.768
50 0.180862 2.64448 182.86 -0.134918 -0.247154 -1.7101
50 359.306 2.6428 179.787 -0.137163 0.0132821 -1.61881
50 358.473 2.66013 178.546 -0.141063 0.136147 -1.52366
50 357.374 2.62563 180.633 -0.140485 -0.0300771 -1.39625
50 356.514 2.53747 183.515 -0.134842 -0.289224 -1.27676
50 355.358 2.63756 182.973 -0.145178 -0.261757 -1.13003
50 354.262 2.75078 180.138 -0.158079 -0.0213135 -0.968212
50 354.262 2.75078 180.138 -0.161459 -0.0135687 -0.901207
50 352.677 2.55498 181.426 -0.146696 -0.123942 -0.695355
50 352.002 2.70755 182.484 -0.162073 -0.224412 -0.558239
50 352.002 2.70755 182.484 -0.16508 -0.238504 -0.469499
50 350.908 2.80101 179.532 -0.177043 0.0324062 -0.276034
50 350.908 2.80101 179.532 -0.180815 0.0453702 -0.180781
50 350.026 2.62757 181.608 -0.168022 -0.14008 0.000779152
50 349.719 2.63156 182.767 -0.170451 -0.256449 0.136615
50 349.327 2.7096 180.598 -0.180026 -0.0686273 0.280777
50 349.087 2.88612 179.93 -0.199756 -0.00183295 0.414219
50 348.996 2.68435 182.098 -0.185459 -0.194775 0.536602
50 348.904 2.72881 182.796 -0.192353 -0.270308 0.649967
50 348.733 2.71075 180.611 -0.193783 -0.0830261 0.780268
50 348.591 2.72023 179.35 -0.19762 0.0379616 0.919579
50 348.432 2.5558 182.101 -0.185921 -0.19463 1.05
50 348.585 2.91174 183.17 -0.21975 -0.301533 1.15604
50 348.397 2.70648 180.619 -0.206033 -0.0912783 1.29135
50 348.58 3.10801 178.928 -0.245276 0.0647497 1.39495
50 348.58 3.10801 178.928 -0.251771 0.0831464 1.51112
50 349.37 2.66375 182.319 -0.217524 -0.211967 1.53901
50 349.843 2.62391 184.256 -0.216313 -0.405272 1.60645
50 350.265 2.70746 182.068 -0.22613 -0.236044 1.67483
50 350.446 2.83816 179.087 -0.241051 0.0277337 1.76024
50 350.787 3.17087 179.22 -0.275404 0.0325609 1.82862
50 351.41 2.64663 181.576 -0.23477 -0.166141 1.86916
50 351.786 2.66829 182.947 -0.239154 -0.297606 1.92707
50 352.207 2.83043 180.652 -0.256404 -0.108194 1.9781
50 352.621 2.82367 179.033 -0.259827 0.042035 2.02476
50 352.621 2.82367 179.033 -0.263766 0.059484 2.10462
50 353.603 2.77357 181.874 -0.26306 -0.190485 2.0936
50 354.214 2.70301 183.461 -0.259944 -0.347937 2.10784
50 354.733 2.84102 180.704 -0.275427 -0.119471 2.12737
50 355.016 3.17205 178.417 -0.309952 0.0928738 2.16285
50 355.016 3.17205 178.417 -0.317091 0.116084 2.22175
50 356.484 2.70128 181.688 -0.280669 -0.163609 2.14514
50 357.313 2.80438 182.703 -0.293118 -0.264171 2.11433
50 357.937 2.75246 180.164 -0.292112 -0.0447919 2.09459
50 358.48 3.22713 179.011 -0.339466 0.0694578 2.07702
50 359.582 2.74933 181.728 -0.304283 -0.156232 2.00567
50 0.20026 2.75986 183.548 -0.308561 -0.326241 1.96789
50 0.941199 2.87794 180.893 -4.90215 100 -15.3278
50 1.45751 3.08276 178.7 -8.289 85.1146 -10.1408
50 1.45751 3.08276 178.7 -0.351223 0.0984269 1.8747
H_VAL   H_STEP_SIZE 50 0.1
ROLL KP KI KD 5 5 5
PITCH KP KI KD 5 5 5
YAW KP KI KD 5 5 12
50 3.02066 2.7943 181.531 -0.0366058 -0.0498348 -0.135669
50 3.02066 2.7943 181.531 -0.040245 -0.0547891 -0.149156
50 3.02066 2.7943 181.531 -0.0442052 -0.0601806 -0.163834
50 3.0009 2.65891 180.733 -0.035427 0.00810316 -0.175508
50 3.0009 2.65891 180.733 -0.0378372 0.0104255 -0.189864
50 3.0009 2.65891 180.733 -0.0404622 0.0125578 -0.203045
50 2.99562 2.65295 180.504 -0.0423541 0.0355517 -0.215877
50 2.99562 2.65295 180.504 -0.0447352 0.0397432 -0.230118
50 2.99562 2.65295 180.504 -0.0472796 0.0442224 -0.243316
50 2.99562 2.65295 180.504 -0.049684 0.048455 -0.256711
50 2.99562 2.65295 180.504 -0.0520651 0.0526465 -0.269975
50 2.99562 2.65295 180.504 -0.0544694 0.0568792 -0.284415
50 2.99562 2.65295 180.504 -0.0570606 0.0614405 -0.297805
50 2.99562 2.65295 180.504 -0.059465 0.0656732 -0.3112
50 2.99562 2.65295 180.504 -0.0618694 0.0699058 -0.324595
50 2.99562 2.65295 180.504 -0.0642971 0.0741795 -0.338119
50 2.99562 2.65295 180.504 -0.0667248 0.0784533 -0.351644
50 2.99562 2.65295 180.504 -0.0691526 0.082727 -0.365169
50 2.99562 2.65295 180.504 -0.0715803 0.0870007 -0.378694
50 3.0009 2.65891 180.733 -0.074573 0.0695549 -0.392718
50 3.0009 2.65891 180.733 -0.0770548 0.0717506 -0.406291
50 3.0009 2.65891 180.733 -0.0795365 0.0739462 -0.419864
50 3.0009 2.65891 180.733 -0.0820183 0.0761419 -0.433436
50 3.0009 2.65891 180.733 -0.0845001 0.0783376 -0.447009
50 3.0009 2.65891 180.733 -0.0869818 0.0805332 -0.460581
50 3.0009 2.65891 180.733 -0.0894875 0.08275 -0.474284
50 3.0009 2.65891 180.733 -0.0919692 0.0849457 -0.487857
50 3.0009 2.65891 180.733 -0.094451 0.0871413 -0.501429
50 3.0009 2.65891 180.733 -0.0969328 0.089337 -0.515002
50 3.0009 2.65891 180.733 -0.0994145 0.0915327 -0.528575
50 3.0009 2.65891 180.733 -0.10192 0.0937494 -0.542278
50 3.0009 2.65891 180.733 -0.104402 0.0959451 -0.55585
50 3.0009 2.65891 180.733 -0.106884 0.0981408 -0.569423
50 3.0009 2.65891 180.733 -0.109366 0.100336 -0.582995
50 3.0009 2.65891 180.733 -0.111847 0.102532 -0.596568
50 3.0009 2.65891 180.733 -0.114353 0.104749 -0.610271
50 3.0009 2.65891 180.733 -0.116859 0.106966 -0.623974
50 3.0009 2.65891 180.733 -0.11934 0.109161 -0.637547
50 3.22721 2.65674 180.613 -0.121645 0.122466 -0.672204
50 3.22721 2.65674 180.613 -0.124107 0.125749 -0.68783
50 3.22721 2.65674 180.613 -0.126593 0.129063 -0.703607
50 3.22721 2.65674 180.613 -0.129055 0.132345 -0.719233
50 3.22721 2.65674 180.613 -0.131541 0.135659 -0.73501
50 3.22721 2.65674 180.613 -0.134003 0.138942 -0.750636
50 2.88375 2.65552 180.621 -0.136374 0.141511 -0.734072
50 2.88375 2.65552 180.621 -0.138825 0.144722 -0.746582
50 2.54008 2.6542 180.629 -0.141198 0.147256 -0.727212
50 2.54008 2.6542 180.629 -0.143451 0.150153 -0.736688
50 2.08157 2.6523 180.639 -0.14578 0.15238 -0.701927
50 1.62278 2.65022 180.65 -0.14822 0.154755 -0.665821
50 1.16908 2.65028 180.889 -0.150463 0.157476 -0.666804
50 1.16908 2.65028 180.889 -0.1531 0.137422 -0.623865
50 1.16908 2.65028 180.889 -0.155506 0.138196 -0.620813
50 0.133269 2.64242 180.799 -0.157413 0.147448 -0.521562
50 0.133269 2.64242 180.799 -0.159745 0.149046 -0.509109
50 359.562 2.63786 180.926 -0.111906 -1.0985 12.8512
50 359.562 2.63786 180.926 -0.163989 0.139856 -0.428583
50 359.562 2.63786 180.926 -0.166301 0.140299 -0.410774
50 358.869 2.74886 180.714 -0.179154 0.160873 -0.327146
50 358.295 2.74474 180.728 -0.18207 0.161962 -0.250099
50 358.295 2.74474 180.728 -0.185362 0.164222 -0.220682
50 357.487 2.74354 180.518 -0.18851 0.186043 -0.116095
50 357.149 2.73565 180.756 -0.191336 0.169322 -0.0458104
50 357.149 2.73565 180.756 -0.194514 0.171292 -0.00665081
50 356.805 2.73273 180.764 -0.197688 0.172664 0.0691296
50 356.348 2.72866 180.775 -0.200445 0.173575 0.152345
50 356.348 2.72866 180.775 -0.20353 0.175371 0.198704
50 356.348 2.72866 180.775 -0.206645 0.177185 0.245514
50 356.116 2.73046 180.666 -0.209902 0.189396 0.318214
50 356.116 2.73046 180.666 -0.213274 0.192415 0.366653
50 355.764 2.7315 180.788 -0.216749 0.183896 0.452704
50 355.764 2.7315 180.788 -0.21989 0.185575 0.504312
50 355.418 2.73277 180.682 -0.223118 0.19707 0.588473
50 355.418 2.73277 180.682 -0.22627 0.199729 0.643193
50 355.075 2.72968 180.69 -0.229367 0.201797 0.735748
50 355.075 2.72968 180.69 -0.232461 0.204381 0.794113
50 354.737 2.71594 180.927 -0.23429 0.184131 0.884966
50 354.737 2.71594 180.927 -0.237261 0.18456 0.945801
50 354.737 2.71594 180.927 -0.240231 0.184988 1.00664
50 354.737 2.71594 180.927 -0.243202 0.185417 1.06747
50 354.398 2.70637 181.05 -0.24533 0.174688 1.15981
50 354.384 2.73447 180.478 -0.25099 0.225098 1.23671
50 354.384 2.73447 180.478 -0.254401 0.229608 1.30072
50 354.384 2.73447 180.478 -0.257538 0.234075 1.36473
50 354.384 2.73447 180.478 -0.260706 0.238585 1.42936
50 355.077 2.72474 180.804 -0.262928 0.212326 1.43602
50 355.077 2.72474 180.804 -0.266007 0.213991 1.49104
50 355.077 2.72474 180.804 -0.269057 1.44223 -9.07327
50 355.532 2.73378 180.679 -0.273274 0.229259 1.56355
50 355.891 2.72442 180.786 -0.275361 0.222248 1.58174
50 355.891 2.72442 180.786 -0.278437 0.223962 1.63269
50 355.891 2.72442 180.786 -0.281513 0.225676 1.68365
50 356.234 2.72762 180.778 -0.284886 0.228154 1.70287
50 356.234 2.72762 180.778 -0.287961 0.229926 1.75026
50 356.576 2.61623 180.766 -0.280505 0.232679 1.76316
50 356.576 2.61623 180.766 -0.28262 0.234574 1.8079
50 356.916 2.62229 180.644 -0.285231 0.247342 1.82237
50 356.916 2.62229 180.644 -0.287546 0.250579 1.86723
50 356.916 2.62229 180.644 -0.289695 0.253556 1.90848
50 356.916 2.62229 180.644 -0.291845 0.256562 1.95013
50 356.916 2.62229 180.644 -0.293973 0.259539 1.99138
50 356.916 2.62229 180.644 -0.296102 0.262516 2.03263
50 356.916 2.62229 180.644 -0.298231 0.265522 2.07428
50 356.916 2.62229 180.644 -0.30038 0.268499 2.11553
50 357.262 2.62207 180.75 -0.30251 0.26172 2.1254
50 357.721 2.62574 180.74 -0.340611 0.366918 2.1359
50 357.721 2.62574 180.74 -0.30714 0.266986 2.16054
50 358.179 2.62925 180.729 -0.309838 0.270104 2.1521
50 358.641 2.63122 180.833 -0.312226 0.263018 2.14092
50 358.641 2.63122 180.833 -0.314457 0.264305 2.16692
50 358.871 2.63306 180.828 -0.316862 0.266091 2.17114
50 359.215 2.63574 180.82 -0.319354 0.268146 2.16369
50 359.559 2.63832 180.812 -0.346865 0.346909 -5.86041
50 359.559 2.63832 180.812 -0.324103 0.271699 2.17144
50 359.786 2.64022 180.692 -0.326567 0.283816 2.16894
50 359.786 2.64022 180.692 -0.328879 0.286381 2.18455
50 0.0184674 2.64163 180.801 -0.34721 0.330355 -3.16406
50 0.0184674 2.64163 180.801 -0.333618 0.280798 2.19306
50 0.0184674 2.64163 180.801 -0.336122 0.282492 2.20759
50 0.36025 2.64364 180.679 -0.338613 0.295644 2.18884
50 0.36025 2.64364 180.679 -0.340933 0.298329 2.19923
50 0.704669 2.64556 180.671 -0.343485 0.301775 2.17644
50 0.704669 2.64556 180.671 -0.345823 0.304505 2.18364
50 1.04903 2.64739 180.663 -0.348349 0.307981 2.15956
50 1.04903 2.64739 180.663 -0.350726 0.310809 2.1637
50 1.5075 2.53502 180.654 -0.342764 0.314469 2.12572
50 1.5075 2.53502 180.654 -0.344108 0.317351 2.1257
50 1.85221 2.65129 180.645 -0.356335 0.321139 2.09349
50 2.1932 2.53599 180.524 -0.348415 0.334908 2.05978
50 2.1932 2.53599 180.524 -0.349768 0.338955 2.0536
50 2.1932 2.53599 180.524 -0.351134 0.343393 2.04682
50 2.6542 2.54008 180.629 -0.352999 0.337394 1.99616
50 2.8808 2.5381 180.509 -0.335022 1.51 -3.3073
50 2.8808 2.5381 180.509 -0.355506 0.355322 1.95328
50 3.22681 2.54221 180.616 -0.35727 0.349722 1.91102
50 3.22681 2.54221 180.616 -0.358679 0.352945 1.89555
50 3.68493 2.54374 180.606 -0.360089 0.356167 1.88008
50 3.68444 2.54374 180.606 -0.361659 0.360392 1.82036
50 4.02735 2.54478 180.599 -0.363204 0.364464 1.76889
50 4.02735 2.54478 180.599 -0.364636 0.367878 1.746
50 4.38565 2.55777 180.705 -0.367328 0.361219 1.68939
50 4.72646 2.55426 180.583 -0.36858 0.374502 1.63298
50 4.72646 2.55426 180.583 -0.370097 0.378025 1.6015
50 4.72646 2.56008 180.69 -0.371629 -0.663142 -6.49859
50 5.07198 2.56008 180.69 -0.373843 0.375048 1.50978
50 5.07198 2.56008 180.69 -0.375428 0.377635 1.47741
50 5.41209 2.55569 180.568 -0.376613 0.391326 1.41436
50 5.41209 2.55569 180.568 -0.378143 0.394985 1.37924
50 5.41209 2.55569 180.568 -0.379688 0.398679 1.34379
50 5.6403 2.55609 180.563 -0.38127 0.402841 1.2872
70 5.6403 2.55609 180.563 -0.382818 0.406581 1.24679
70 5.6403 2.55609 180.563 -0.384352 0.410608 1.20926
70 5.6403 2.55609 180.563 -0.386038 0.414348 1.17173
70 5.86581 2.55058 180.443 -0.38705 0.429275 1.11337
70 5.86581 2.55058 180.443 -0.388549 0.434099 1.0738
70 5.86581 2.55058 180.443 -0.390033 0.438923 1.03422
70 5.86581 2.55058 180.443 -0.391532 0.443701 0.995031
70 6.09365 2.55066 180.438 -0.393038 0.448988 0.934541
70 6.09365 2.55066 180.438 -0.394537 0.453857 0.8929
70 6.09365 2.55066 180.438 -0.396022 0.45868 0.85166
70 6.09365 2.55066 180.438 -0.397522 0.46355 0.810018
70 6.3213 2.55072 180.433 -0.399011 0.468867 0.748152
70 6.3213 2.55072 180.433 -0.400511 0.473735 0.704865
70 6.3213 2.55072 180.433 -0.402011 0.478651 0.657375
70 6.3213 2.55072 180.433 -0.403626 0.483945 0.614088
70 6.3213 2.55072 180.433 -0.405111 0.488813 0.570801
70 6.3213 2.55072 180.433 -0.406611 0.493729 0.527093
70 6.096 2.44232 180.559 -0.397829 0.486741 0.504757
70 6.096 2.44232 180.559 -0.39834 0.490481 0.463495
70 6.096 2.44232 180.559 -0.398856 0.494258 0.421832
70 6.43504 2.43638 180.437 -0.398818 0.509387 0.348512
70 6.54396 2.42334 180.206 -0.398091 0.535325 0.293848
70 6.54396 2.42334 180.206 -0.398432 0.542236 0.248559
70 6.54396 2.42334 180.206 -0.398776 0.549213 0.202831
70 7.01928 2.42972 180.196 -0.399696 0.557091 0.114172
70 7.01928 2.42972 180.196 -0.400098 0.56416 0.0641293
70 7.01928 2.42972 180.196 -0.400491 0.57171 0.0107187
70 7.02646 2.45074 180.539 -0.402908 0.545751 -0.0400158
70 7.02646 2.45074 180.539 -0.403545 0.549708 -0.0901234
70 7.02646 2.45074 180.539 -0.404138 0.553666 -0.140231
70 7.36282 2.43627 180.303 -0.403305 0.579923 -0.223766
70 7.36282 2.43627 180.303 -0.403771 0.586137 -0.273348
70 7.59236 2.44349 180.412 -0.404936 0.581865 -0.349524
70 8.04355 2.4351 180.289 -0.323488 1.79989 -10.9537
70 8.04355 2.4351 180.289 -0.40527 0.605047 -0.513966
70 8.04355 2.4351 180.289 -0.405721 0.611275 -0.573304
70 8.52156 2.44145 180.278 -0.406773 0.618564 -0.678418
70 8.52156 2.44145 180.278 -0.407282 0.624884 -0.742095
70 8.52156 2.44145 180.278 -0.407839 0.631811 -0.811894
70 8.37829 2.41765 180.053 -0.406263 0.658959 -0.868853
70 8.38783 2.45111 180.51 -0.733883 -3.80409 -1.15396
70 8.04831 2.45115 180.517 -0.410101 0.630611 -0.962393
70 7.69628 2.41267 179.953 -0.407101 0.688717 -0.99349
70 7.14024 2.45082 180.536 -0.410856 0.64448 -0.99912
70 6.66957 2.45634 180.775 -0.411958 0.626719 -1.00787
70 6.08111 2.52028 179.866 -0.418344 0.709452 -1.00697
70 6.08111 2.52028 179.866 -0.419567 0.719512 -1.0489
70 5.63769 2.43595 180.454 -0.41267 0.673014 -1.0477
70 5.29769 2.4409 180.575 -0.413603 0.666607 -1.05689
70 5.29769 2.4409 180.575 -0.414157 0.670231 -1.09131
70 4.13657 2.53687 180.367 -0.423362 0.693034 -1.01936
70 3.68647 2.43293 180.724 -0.415481 0.666339 -1.00282
70 3.68647 2.43293 180.724 -0.415916 0.668633 -1.0228
70 3.0972 2.52323 179.932 -0.424783 0.745739 -0.989015
70 2.52468 2.40985 179.947 -0.415805 0.753109 -0.951441
70 2.08296 2.4251 180.758 -0.417416 0.690659 -0.921592
70 2.08296 2.4251 180.758 -0.417779 0.692645 -0.926884
70 2.08296 2.4251 180.758 -0.418139 0.694631 -0.932176
70 0.56017 2.7533 179.414 -0.450183 0.826236 -0.790627
70 359.875 2.52737 179.545 -0.43209 0.828124 -0.716913
70 359.207 2.63815 180.476 -0.443669 0.754877 -0.640052
70 358.518 2.52009 180.491 -0.435207 0.758095 -0.556401
70 357.822 2.52291 180.162 -0.436697 0.792442 -0.465632
70 357.137 2.51802 180.292 -0.437518 0.788341 -0.370159
70 356.448 2.633 180.196 -0.438629 1.72863 15.7611
70 356.448 2.633 180.196 -0.450931 0.809495 -0.227042
70 355.866 2.64715 179.751 -0.454531 0.858467 -0.12639
70 355.866 2.64715 179.751 -0.456929 0.869676 -0.0747151
70 354.819 3.00826 179.562 -0.492968 0.898444 0.0741832
70 354.613 2.8507 180.478 -0.48432 0.827857 0.158468
70 354.501 2.4953 180.693 -0.456691 0.81309 0.231647
70 354.47 3.01931 179.342 -5.58479 14.0282 1.0198
70 354.543 3.76454 178.113 -0.57584 1.05869 0.350458
70 354.991 4.44461 178.128 -0.648951 1.08358 0.374437
70 354.991 4.44461 178.128 -0.667639 1.10941 0.434127
70 355.737 3.91974 179.687 -0.636027 0.985317 0.422534
70 356.801 2.15999 180.748 -0.48182 0.895337 0.369438
70 358.511 2.8685 180.152 -0.544304 0.951727 0.256724
70 359.771 3.78731 180.008 -0.632397 0.97233 0.169134
70 0.904589 4.12722 179.624 -0.675936 1.01598 0.0815114
70 2.16354 3.66153 179.472 -0.649681 1.04202 -0.0266929
70 2.16354 3.66153 179.472 -0.661262 1.05553 -0.0326085
70 2.16354 3.66153 179.472 -0.672844 1.06916 -0.0385815
70 5.63073 2.30455 180.116 -0.557828 1.02279 -0.36836
70 6.79623 2.78751 180.409 -0.601846 1.00354 -0.514176
70 7.81416 2.54207 180.171 -0.582976 1.03062 -0.656656
70 8.8538 2.06194 179.841 -0.540545 1.06822 -0.809356
70 10.0012 2.72754 179.533 -0.597205 1.10546 -0.974391
70 10.6646 2.91638 179.153 -0.617413 1.15302 -1.11215
70 11.4803 2.04526 178.529 -0.405028 1.39141 -21.8472
70 11.4803 2.04526 178.529 -0.541784 1.24751 -1.35926
70 11.4803 2.04526 180.97 -0.538667 -22.5687 -21.6888
70 12.5878 2.42036 182.039 -0.604827 1.05699 -1.62557
70 12.5878 2.42036 182.039 -0.575186 0.953932 -1.74819
70 12.6629 2.20686 180.102 1.51343 18.0186 -3.43146
70 12.4192 2.21051 179.07 -0.555379 1.21451 -1.93791
70 12.4192 2.21051 179.07 -0.553776 1.23197 -2.03791
70 11.721 2.37462 179.527 -0.567884 1.20567 -2.07108
70 10.932 2.39235 180.923 -0.56948 1.08544 -2.08921
70 10.0509 2.47014 181.853 -0.576929 0.997552 -2.09276
70 8.76958 2.51948 181.301 -0.582246 1.04151 -2.05041
70 6.40158 3.02211 178.456 -5.50141 26.1201 -1.91225
70 6.40158 3.02211 178.456 -0.633566 1.3124 -1.94762
70 6.40158 3.02211 178.456 -0.6394 1.33548 -1.99249
70 3.27738 3.62777 178.178 -0.703161 1.38512 -1.73854
70 1.95633 2.64399 180.184 -0.620474 1.21893 -1.62847
70 0.601916 1.84684 181.708 -0.545974 1.07921 -1.50199
70 0.601916 1.84684 181.708 -0.541039 1.07249 -1.49371
70 357.455 4.14159 177.297 -0.757385 1.28798 -1.18196
70 355.648 4.35188 177.297 -0.793755 1.50556 -0.970619
70 353.831 3.35612 177.542 -0.718011 1.51621 -0.745806
70 352.63 3.37338 179.413 -0.72784 1.37159 -0.561615
70 351.655 4.63539 181.142 -0.855725 1.22187 -0.395475
70 351.655 4.63539 181.142 -0.876341 1.22034 -0.305212
70 349.695 4.95448 178.834 -0.926055 1.43074 -0.035917
70 349.164 4.91772 176.78 -0.946188 1.64071 0.121531
70 349.253 4.36282 179.027 -0.919224 1.47594 0.22653
70 349.585 4.16286 181.07 -0.918952 1.30752 0.307542
70 349.919 3.57921 181.235 -0.88143 1.29196 0.376468
70 350.565 3.38959 179.359 -0.875374 1.45767 0.42474
70 351.51 4.56076 177.464 -0.990356 1.64369 0.439589
70 352.736 6.25367 177.522 -1.16334 1.67055 0.420401
70 354.052 7.31136 178.77 -1.29481 1.5882 0.380083
70 354.052 7.31136 178.77 -1.33952 1.60821 0.447731
70 354.052 7.31136 178.77 -1.38379 1.62803 0.514729
70 357.702 359.885 180.457 -0.95654 1.53604 0.231017
70 359.195 359.882 180.457 -0.712968 1.49505 0.121705
70 359.195 359.882 180.457 -0.690245 1.49975 0.142673
70 4.998 2.63873 182.523 -20.3297 0.0173366 -46.933
70 6.60138 3.99129 181.378 -14.1524 12.4974 -37.8645
70 8.03202 4.10302 179.369 -2.03736 19.0955 -30.6887
70 9.36468 3.42987 178.339 5.50816 11.6583 -31.9152
70 9.36468 3.42987 178.339 -1.02756 1.69376 -36.615
70 10.8904 3.30222 178.306 -1.02482 1.72105 -1.19501
70 10.8904 3.30222 178.306 -1.03322 1.7455 -1.27365
70 13.9376 2.18936 180.887 -0.935961 1.52491 -1.64896
70 15.1447 1.82942 182.415 -0.899739 1.37948 -1.87952
70 15.1447 1.82942 182.415 -0.894644 1.36641 -2.0033
70 17.0898 1.30062 182.469 -0.838972 1.34789 -2.31567
70 18.3369 2.27366 178.939 -0.87051 1.50886 -2.52493
70 18.3369 2.27366 178.939 -0.916811 1.67747 -2.72785
70 18.6068 3.24933 177.842 -1.00994 1.8022 -2.9096
70 18.4797 3.81795 177.753 -1.07185 1.83933 -3.05432
70 17.9805 5.14205 179.422 -1.20585 1.71701 -3.16582
70 17.2571 4.62875 181.387 -1.1845 1.55353 -3.25138
H_VAL   H_STEP_SIZE 50 0.1
ROLL KP KI KD 5 20 5
PITCH KP KI KD 5 20 5
YAW KP KI KD 5 5 12
50 350.721 3.8578 180.658 -0.137223 0.0295225 0.964645
50 350.721 3.8578 180.658 -0.193243 0.0415747 1.0597
50 350.721 3.8578 180.658 -0.245152 0.0527424 1.15475
50 350.721 3.8578 180.658 -0.301172 0.0647946 1.25733
50 350.721 3.8578 180.658 -0.353594 0.0760729 1.35333
50 350.721 3.8578 180.658 -0.406016 0.0873512 1.44932
50 350.721 3.8578 180.658 -0.46255 0.099514 1.55284
50 350.721 3.8578 180.658 -0.514973 0.110792 1.64884
50 350.721 3.8578 180.658 -0.567395 0.122071 1.74483
50 350.721 3.8578 180.658 -0.620332 0.133459 1.84177
50 350.721 3.8578 180.658 -0.673268 0.145825 1.94717
50 350.721 3.8578 180.658 -0.730316 0.157232 2.04411
50 350.747 3.55569 181.553 -0.752867 0.0771166 2.13869
50 350.747 3.55569 181.553 -0.794942 0.0563383 2.23539
50 350.747 3.55569 181.553 -0.836608 0.0355601 2.33209
50 350.747 3.55569 181.553 -0.878682 0.0149836 2.42786
50 350.712 3.76238 180.42 -0.946056 0.130356 2.52883
50 350.712 3.76238 180.42 -0.995562 0.150286 2.63433
50 350.712 3.76238 180.42 -1.04555 0.171958 2.73134
50 350.712 3.76238 180.42 -1.09938 0.192081 2.8293
50 350.712 3.76238 180.42 -1.14504 0.212416 2.92726
50 350.712 3.76238 180.42 -1.19935 0.232328 3.02522
50 350.712 3.76238 180.42 -1.24886 0.252258 3.12223
50 350.712 3.76238 180.42 -1.29836 0.272188 3.21925
50 350.712 3.76238 180.42 -1.34835 0.292312 3.31721
50 350.712 3.76238 180.42 -1.39834 0.312435 3.41516
50 350.829 3.51731 180.627 -1.42463 0.312625 3.50262
50 350.829 3.51731 180.627 -1.46572 0.325264 3.59951
50 351.055 3.52022 180.619 -1.53528 0.407439 6.31032
50 351.055 3.52022 180.619 -1.55143 0.352435 3.77867
50 351.055 3.52022 180.619 -1.59263 0.365332 3.87352
50 351.281 3.52309 180.612 -1.63415 0.379043 3.9471
50 351.281 3.52309 180.612 -1.67545 0.392198 4.03989
50 351.621 3.52729 180.602 -1.71718 0.406443 4.10178
50 351.621 3.52729 180.602 -1.75823 0.419855 4.19063
50 351.961 3.53136 180.591 -1.80018 0.43468 4.24783
50 352.438 3.52604 180.577 -1.84128 0.449901 4.2921
50 352.438 3.52604 180.577 -1.88944 0.466693 4.38785
50 352.892 3.53103 180.563 -1.93139 0.482623 4.42845
50 353.461 3.53697 180.545 -1.97395 0.499433 4.45639
50 354.163 3.53304 180.524 -1.97725 0.720264 -11.8663
50 354.163 3.53304 180.524 -2.05706 0.533276 4.53423
50 354.961 3.54015 180.499 -2.09957 0.552625 4.5246
50 355.761 3.54659 180.475 -2.14223 0.572729 4.50872
50 356.577 3.53827 180.564 -2.1835 0.581406 4.48598
50 357.489 3.54741 180.422 -2.22996 0.614647 4.45297
50 358.409 3.55059 180.508 -2.27246 0.625567 4.40568
50 359.441 3.55593 180.476 -2.31894 0.645868 4.34084
50 0.473044 3.56013 180.444 -2.36184 0.667067 4.26714
50 1.73414 3.44922 180.406 -2.39745 0.691626 4.1643
50 3.10493 3.44815 180.251 -2.43596 0.727754 4.03841
50 4.6034 3.45696 180.206 -2.47542 0.76094 3.88612
50 6.31747 3.34437 180.275 -2.50617 0.781796 3.70199
50 7.92799 3.23505 180.236 -2.5304 0.811357 3.51243
50 9.53601 3.12335 180.2 -2.55044 0.844093 3.30372
50 11.1707 3.24687 180.144 -2.58913 0.877735 3.08319
50 12.6594 3.13118 180.115 -2.60984 0.911039 2.86121
50 14.0277 3.24214 180.063 -2.50786 1.3203 -28.3464
50 15.5443 3.24572 180.021 -2.71315 0.984043 2.39108
50 16.9534 3.15202 180.111 -1.7954 0.131596 -30.6509
50 16.9534 3.15202 180.111 -2.73174 1.04183 1.99939
50 18.799 3.24195 180.626 -2.7723 1.01701 1.67344
50 20.4549 3.0824 180.261 -2.78557 1.07039 1.36186
50 22.0448 3.03636 179.993 -2.80589 1.12531 1.04281
50 23.5953 2.95059 180.088 -2.82017 1.15069 0.709831
50 25.027 3.01749 179.803 -2.84639 1.2114 0.373619
50 26.2929 3.08876 180.104 -2.87762 1.22052 0.0592146
50 27.9871 3.01251 179.726 -2.89509 1.29211 -0.321434
50 29.4175 3.0136 180.161 -2.91674 1.28978 -0.696832
50 30.8256 3.01341 180.124 -2.93984 1.32331 -1.06048
50 32.0331 2.84268 179.904 -2.9436 1.37468 -1.41796
50 33.3363 2.93813 180.2 -2.97016 1.38349 -1.81919
50 34.6332 2.96406 180.638 -2.99299 1.3683 -2.22811
50 36.0135 2.93725 180.856 -3.01172 1.35897 -2.65645
50 37.184 2.94275 180.464 -3.03248 1.40125 -3.07755
50 38.34 2.8642 179.855 -2.36032 6.78927 -30.4062
50 39.2462 2.82891 179.726 -2.71801 2.78354 -25.0109
50 39.2462 2.82891 179.726 -3.07639 1.57375 -4.26938
50 39.7103 2.66525 180.623 -3.07358 1.51938 -4.66187
50 39.7204 2.75183 181.201 -3.09275 1.47189 -5.01287
50 39.7204 2.75183 181.201 -3.10605 1.46368 -5.3597
50 39.4364 2.66174 180.629 -3.10902 1.52103 -5.65315
50 39.2511 2.75931 179.872 -3.13074 1.62309 -5.98326
50 38.624 2.72565 180.141 -3.14099 1.63593 -6.272
50 37.9133 2.61992 180.557 -3.14327 1.6264 -6.54848
50 37.9133 2.61992 180.557 -3.15186 1.64171 -6.88208
50 36.5322 2.86678 179.9 -3.18743 1.72867 -7.09087
50 35.6243 2.98169 179.889 -3.21758 1.76928 -7.32775
50 34.3459 2.64731 180.022 -3.20407 1.79498 -7.52291
50 32.973 2.74908 180.384 -3.22424 1.79294 -7.7015
50 31.3034 2.88472 180.504 -3.24954 1.80119 -7.60037
50 29.5258 3.01719 180.63 -3.2806 1.80643 -7.44524
50 27.6393 3.17298 180.874 -3.31903 1.79474 -7.28061
50 25.4586 3.01224 180.847 -3.33191 1.8011 -7.09031
50 23.1277 2.81592 180.595 -3.3348 1.83161 -6.8869
50 20.7647 3.14955 180.006 -3.38722 1.90897 -6.68069
50 18.4724 3.09495 180.427 -3.40928 1.89863 -6.48065
50 16.1637 3.03676 180.959 -3.42897 1.86097 -6.27918
50 13.835 3.14078 181.12 -3.46446 1.84352 -6.07596
50 11.4071 3.40466 180.582 -3.52271 1.89993 -5.86408
50 9.09034 3.37201 180.422 -3.55632 1.93269 -5.66191
50 6.80893 3.50147 180.825 -3.60775 1.90537 -5.46282
50 4.49936 3.4706 180.552 -3.64511 1.94248 -5.26127
50 2.42849 3.4553 180.615 -3.68347 1.95093 -5.08055
50 0.378596 3.44728 181.135 -3.72139 1.90448 -4.894
50 358.548 3.54082 181.306 -3.77172 1.87839 -4.70978
50 356.58 3.53484 180.679 -3.81341 1.94019 -4.49585
50 354.743 3.52238 180.85 -3.8504 1.92997 -4.27481
50 352.915 3.60268 181.256 -3.90129 1.88792 -4.04607
50 351.629 3.62482 180.838 -3.94506 1.92634 -3.85228
50 350.621 3.46743 181.204 -3.96808 1.88783 -3.65909
50 349.483 3.6527 181.602 -4.02741 1.83644 -3.4706
50 348.537 3.57409 181.164 -4.06533 1.86101 -3.27284
50 348.537 3.57409 181.164 -4.10889 1.85407 -3.154
50 347.169 3.65766 181.334 -4.16242 1.82725 -2.9065
50 346.454 3.69338 181.015 -4.21326 1.85175 -2.70727
50 345.975 3.55306 181.242 -4.24509 1.82414 -2.52426
50 345.422 3.66826 181.162 -4.29644 1.82277 -2.3298
50 345.422 3.66826 181.162 -4.34704 1.81599 -2.18383
50 345.053 3.52778 181.384 -4.37478 1.78554 -2.00197
50 345.045 3.55763 181.157 -4.41944 1.79176 -1.85056
50 345.045 3.55763 181.157 -4.46199 1.78513 -1.71268
50 345.045 3.55763 181.157 -4.50496 1.77843 -1.56329
50 345.423 3.5402 181.261 -4.54607 1.76081 -1.44716
50 345.423 3.5402 181.261 -4.5884 1.75033 -1.29979
50 345.423 3.5402 181.261 -4.63032 1.73995 -1.15383
50 345.423 3.5402 181.261 -4.67264 1.72947 -1.00647
50 346.082 3.5695 181.125 -4.71833 1.73456 -0.92115
50 346.566 3.56854 181.111 -4.75237 1.8659 -12.0802
50 346.566 3.56854 181.111 -4.805 1.72532 -0.685527
50 347.162 3.6833 181.106 -4.86041 1.72085 -0.604289
50 347.826 3.34299 181.161 -4.8721 1.71025 -0.533935
50 348.539 3.68799 181.176 -4.93993 1.70206 -0.471884
50 348.539 3.68799 181.176 -4.98722 1.69477 -0.354202
50 349.24 3.33817 181.235 -4.99167 1.68 -0.30305
50 350.026 3.47722 181.107 -5.0395 1.68552 -0.265145
50 350.729 3.3647 181.077 -5.0666 1.6845 -0.226636
50 351.408 3.49009 181.065 -5.1161 1.68204 -0.199288
50 352.114 3.36855 181.151 -5.1448 1.67006 -0.169138
50 352.908 3.38116 181.127 -5.31917 1.92837 -18.6352
50 352.908 3.38116 181.127 -5.21812 1.66023 -0.0749855
50 353.702 3.39947 180.989 -5.25678 1.67096 -0.0715512
50 354.635 3.39591 181.077 -5.29317 1.66014 -0.0892609
50 355.663 3.40938 181.046 -5.33207 1.65983 -0.121719
50 356.704 3.41156 181.016 -5.36947 1.66042 -0.163839
50 357.733 3.30837 180.982 -5.3962 1.66243 -0.214722
50 358.879 3.31953 180.949 -5.43149 1.66556 -0.284268
50 0.0256937 3.21481 180.916 -5.45527 1.66982 -0.363746
50 1.28932 3.45315 180.878 -7.72778 1.67198 -0.392946
50 2.66709 3.34955 180.954 -4.53241 0.936317 -32.642
50 2.66709 3.34955 180.954 -5.57229 1.67273 -0.590441
50 3.81848 3.24778 180.809 -5.59501 1.69145 -0.712114
50 4.85214 3.37096 180.89 -5.63878 1.68726 -0.830647
50 5.99237 3.26065 180.862 -5.65913 1.69335 -0.966945
50 7.03623 3.3875 180.826 -5.70648 1.70187 -1.1078
50 8.17026 3.27477 180.8 -5.72844 1.70979 -1.26118
50 9.10022 3.28502 180.774 -5.75967 1.71861 -1.40387
50 10.2561 3.29419 180.741 -5.79361 1.72937 -1.57869
50 11.1865 3.30255 180.714 -5.82489 1.73987 -1.73604
50 11.8577 3.3008 180.695 -5.85833 1.75141 -1.88589
50 12.6741 3.30809 180.671 -5.89548 1.76489 -2.06262
50 13.2689 3.20183 180.667 -4.88933 1.81415 -4.01466
50 13.2689 3.20183 180.667 -5.95189 1.7886 -2.33436
50 13.9371 2.98552 180.79 -5.96119 1.788 -2.50203
50 13.9371 2.98552 180.79 -5.98297 1.79476 -2.61595
50 13.9371 2.98552 180.79 -6.00496 1.80146 -2.72877
50 14.3127 3.23542 180.866 -6.05487 1.79981 -2.87775
50 14.3127 3.23542 180.866 -6.08603 1.80381 -3.00405
50 14.3127 3.23542 180.866 -6.11955 1.80812 -3.1214
50 14.3127 3.23542 180.866 -6.15041 1.81209 -3.23764
50 15.5679 2.67295 180.908 -6.11363 1.81101 -3.48609
50 16.0433 3.4434 180.558 -6.20871 1.85163 -3.65896
50 16.0433 3.4434 180.558 -6.24748 1.8669 -3.79217
50 16.2757 2.485 181.15 -6.17014 1.81045 -3.94763
50 16.696 2.72549 180.411 -6.19786 1.87774 -4.12226
50 16.696 2.72549 180.411 -6.21021 1.8982 -4.26013
50 16.8672 2.58967 181.007 -6.20901 1.86141 -4.42807
50 16.8672 2.58967 181.007 -6.21771 1.86012 -4.56747
70 16.7024 2.41881 180.688 -6.20446 1.89764 -4.69379
70 16.7024 2.41881 180.688 -6.20579 1.90816 -4.83304
70 16.5035 2.77759 181.566 -6.25271 1.80794 -4.96489
70 16.3679 2.59801 180.322 -6.24536 1.93082 -5.09083
70 15.9626 3.47333 181.597 -14.8197 -10.5268 4.24993
70 15.6886 2.52369 181.504 -6.37185 1.81707 -5.31343
70 15.6886 2.52369 181.504 -6.2941 1.80568 -5.41948
70 15.5548 2.35278 180.258 -6.27799 1.94067 -5.54757
70 15.1521 3.47644 181.735 -6.38885 1.82194 -5.64112
70 15.0953 2.51355 181.528 2.99469 1.7006 7.07362
70 14.5454 2.51083 181.528 -6.34651 1.79078 -5.8429
70 13.8208 2.26182 180.534 -6.32255 1.88464 -5.89416
70 13.0239 2.70194 181.422 -6.3649 1.80566 -5.92518
70 11.9909 2.82655 181.662 -6.38928 1.7646 -5.91503
70 10.823 2.74502 181.007 -6.39734 1.80465 -5.81312
70 9.66567 2.49606 180.939 -6.38614 1.8103 -5.71212
70 8.39999 2.15864 181.22 -6.35722 1.7843 -5.60166
70 7.03396 1.79814 181.152 -6.31307 1.78218 -5.48246
70 5.63917 1.53049 180.728 -6.26523 1.81786 -5.36074
70 3.92275 1.54884 181.667 -6.23537 1.7362 -5.21095
70 2.10998 2.10998 182.368 -11.1546 -4.4669 32.9139
70 0.616983 2.87943 181.703 -6.3205 1.66342 -4.92092
70 0.616983 2.87943 181.703 -6.33878 1.63673 -4.91278
70 358.65 3.66221 180.845 -6.45143 1.71367 -4.71621
70 354.867 1.60787 182.594 -6.27689 1.52242 -4.3393
70 352.889 1.02595 182.014 -0.553336 7.14457 41.9219
70 352.889 1.02595 182.014 -6.14595 1.47747 -4.02536
70 348.863 2.88485 181.2 -24.2886 9.39943 90.091
70 346.827 3.68214 182.154 -14.0839 -7.82497 44.0821
70 344.952 2.57829 182.418 4.40193 -1.21157 40.6144
70 344.952 2.57829 182.418 -6.30841 1.29868 -2.85311
70 341.558 2.12141 181.271 -6.2241 1.33921 -2.50961
70 340.193 2.53256 182.185 -10.2626 -7.58194 29.676
70 340.193 2.53256 182.185 -6.28137 1.23562 -1.887
70 338.944 2.96676 182.881 -6.34057 1.10499 -1.57127
70 338.944 2.96676 182.881 -6.36187 1.03513 -1.36454
70 336.431 2.44514 181.21 -5.10564 1.12156 -0.934531
70 336.431 2.44514 181.21 -6.33639 1.11367 -0.704771
70 335.667 2.19118 182.348 -6.3079 0.967615 -0.419451
70 335.16 3.6081 182.315 -6.43772 0.919963 -0.137199
70 335.16 3.6081 182.315 -6.4821 0.871295 0.101907
70 335.188 2.7778 181.784 -6.4262 0.886816 0.33829
70 335.188 2.7778 181.784 -6.44031 0.857725 0.596669
70 335.188 2.7778 181.784 -6.45455 0.828351 0.834359
70 336.966 3.27568 182.305 -6.52455 0.740532 0.905949
70 338.109 3.3389 181.462 -6.56393 0.786374 1.00485
70 338.109 3.3389 181.462 -6.59854 0.768685 1.23556
70 341.116 2.89271 182.22 -6.58736 0.673223 1.17186
70 342.874 3.02356 181.497 -6.61979 0.704021 1.1811
70 344.837 3.37833 181.604 -6.68048 0.673621 1.17145
70 347.035 3.36004 181.993 -6.71489 0.608489 1.11917
70 349.568 2.64965 181.277 -6.67513 0.64707 1.01802
70 351.983 2.34682 180.968 -6.65269 0.668616 0.904652
70 354.533 2.78375 181.853 -6.69872 0.572774 0.75492
70 357.194 3.62251 181.924 -6.80423 0.533239 0.575791
70 0.0256937 3.21481 180.916 -6.80403 0.611033 0.348889
70 2.88013 2.30892 180.515 -6.73298 0.659221 0.0928727
70 5.64242 1.87999 180.825 -6.68092 0.639024 -0.179104
70 8.54472 2.19148 181.56 -6.69806 0.560418 -0.489679
70 11.5368 2.90301 181.32 -6.77483 0.567073 -0.838875
70 14.4207 3.80332 180.791 -6.90002 0.616834 -1.20461
70 17.2935 3.23403 180.668 -6.88333 0.63855 -1.59934
70 20.0898 2.10153 180.676 -6.77498 0.647885 -1.99907
70 22.7058 0.843063 180.65 -6.66667 0.671365 -2.37797
70 26.8871 0.745008 180.647 -5.58937 0.56996 -52.1117
70 28.7817 0.809936 180.384 -7.22209 3.25814 -47.4504
70 29.1111 0.958069 179.978 -7.76169 4.17649 -10.541
70 32.3298 0.850002 179.635 -5.67448 5.66385 -100
70 33.8087 0.559746 179.472 -6.19197 0.991501 -30.3932
70 34.816 0.409892 179.391 -4.79411 0.964638 -4.94145
70 34.816 0.409892 179.391 -6.17473 1.0177 -5.24667
70 35.5499 0.436898 179.86 -6.10559 1.01911 -5.59593
70 36.0941 1.31137 179.575 -6.13667 1.09399 -5.96252
70 36.1486 2.54706 178.93 -6.23921 1.21941 -6.28458
70 36.046 2.66216 178.535 -6.25845 1.34056 -6.59538
70 35.1768 0.666721 179.068 -6.0456 1.3696 -6.8277
70 33.8996 358.119 179.733 -5.68939 1.36373 -7.01891
70 32.5103 358.817 180.462 -5.60761 1.33035 -7.1898
70 30.9284 0.671884 178.984 -5.67253 1.49458 -7.30667
70 30.9284 0.671884 178.984 -5.60972 1.56756 -7.56764
70 25.9076 1.60934 178.808 -5.63435 1.65773 -7.1295
70 23.0257 0.454138 181.076 -5.4942 1.51782 -6.87799
70 19.7629 0.339582 182.614 -5.41238 1.36538 -6.59327
70 16.4903 1.09122 181.926 -5.41146 1.37378 -6.30768
70 16.4903 1.09122 181.926 -5.36402 1.33893 -6.30768
70 10.9971 4.25589 178.671 -5.66963 1.66733 -5.82831
70 7.3804 3.98647 177.675 -5.70296 1.86337 -5.51269
70 3.86707 2.35598 178.43 -5.58464 1.89288 -5.20609
70 0.112997 1.83819 179.884 -5.52572 1.82287 -4.86998
70 356.257 3.85952 181.501 -5.73761 1.67749 -4.494
70 352.417 4.75347 182.957 -5.8943 1.49105 -4.08438
70 348.461 3.20515 182.512 -5.79841 1.47084 -3.62544
70 344.951 2.32692 180.77 -5.72483 1.6201 -3.17264
70 341.301 2.47008 179.128 -5.73958 1.8219 -2.67303
70 338.12 3.8362 178.289 -5.90389 1.98863 -2.18587
70 335.142 4.53561 178.648 -6.03502 2.04355 -1.68675
70 332.856 3.48053 179.776 -5.9901 1.98923 -1.24651
70 330.521 2.60304 181.392 -5.92395 1.83801 -0.760656
70 328.331 3.2365 182.465 -6.00873 1.69264 -0.264441
70 325.307 2.9485 180.56 -3.22134 20.2797 70.6813
70 325.307 2.9485 180.167 -6.03433 1.8253 0.634341
70 323.909 1.99951 180.167 -5.9375 1.88897 1.09753
70 322.738 1.52207 180.874 -5.86733 1.8351 1.5498
70 321.68 1.60793 182.013 -5.84578 1.70484 2.00531
70 320.879 1.69285 182.784 -5.82728 1.57884 2.44212
70 320.418 1.4716 182.352 -5.77787 1.5594 2.85706
70 320.658 1.06625 181.109 -5.70136 1.64083 3.2115
70 320.658 1.06625 181.109 -5.65347 1.63596 3.58222
70 321.099 0.0328927 182.318 -5.49103 1.48921 -3.854
70 321.646 359.341 183.289 -5.3095 1.31235 4.20286
70 321.646 359.341 183.289 -5.20005 1.22913 4.56113
70 324.347 358.837 183.236 -5.03023 1.15135 4.6684
70 326.467 359.415 182.337 -4.96479 1.16895 4.81102
70 328.517 0.793503 181.413 -5.00988 1.22219 4.94063
70 330.888 2.38375 181.327 -5.13394 1.21588 5.02127
70 333.523 3.43456 182.452 -5.25423 1.07343 5.0554
70 336.609 2.83783 183.277 -5.22308 0.9152 5.03851
70 339.708 2.1055 182.585 -5.14856 0.916381 4.97023
70 343.302 2.65395 182.257 -12.2676 -2.50237 0.137604
70 347.072 3.71471 182.624 -13.6175 -3.22973 1.33739
70 355.233 3.36499 181.975 -6.37103 2.07127 -93.6104
70 359.792 2.41011 181.035 -5.73817 1.82194 3.6684
70 4.4984 2.89772 180.574 -5.30442 0.930402 3.26465
70 9.70723 4.13273 181.145 -5.44237 0.88916 2.77515
70 15.2793 3.77961 182.27 -5.47049 0.770618 2.20167
70 20.8115 2.82438 182.045 -5.42596 0.745543 1.58108
70 26.8993 2.1276 181.495 -5.37035 0.762679 0.853741
70 33.3533 2.26702 180.759 -5.37505 0.819682 -0.0078485
70 39.97 3.60859 180.52 -5.5173 0.853064 -0.886841
70 46.5158 3.57257 180.464 -5.55863 0.875972 -1.84929
70 53.132 3.02505 179.641 -5.54099 0.98658 -2.87951
70 59.7822 3.29286 179.043 -5.59518 1.11024 -4.02452
70 66.2126 3.09666 179.494 -5.60616 1.12389 -5.12331
70 72.514 2.13777 180.002 -5.51909 1.11856 -6.32016
70 78.3717 0.267032 179.783 -5.28921 1.18003 -7.52698
70 84.0006 357.787 178.747 -4.9111 1.34921 -8.77016
70 88.7006 357.495 179.079 -4.70638 1.38969 -9.97928
70 96.8416 359.577 180.096 -14.921 -3.94313 -5.8863
70 100.14 0.690736 180.427 -16.8698 3.0325 -12.6479
70 103.041 2.41746 178.992 -3.75781 1.88581 -13.8501
70 105.379 3.56931 176.662 -4.95564 1.82146 -14.0647
70 106.873 3.37852 175.079 -4.9804 2.12554 -14.195
70 108.158 1.03108 175.651 -4.79051 2.29041 -14.3072
70 108.54 358.678 176.931 -4.50413 2.36143 -14.3406
70 108.281 358.18 178.404 -4.32913 2.36745 -14.318
70 107.545 0.166478 178.417 -4.36411 2.44656 -14.2537
70 105.977 3.56365 177.373 -24.6093 68.6034 -100
70 104.276 5.25489 176.816 -4.79965 2.80516 -13.9685
70 101.887 4.50604 177.744 -6.28823 2.27991 -18.19
70 99.2017 1.65273 179.299 -4.62924 2.82686 -13.5256
70 96.0243 359.035 180.212 -4.34436 2.80183 -13.2483
70 92.4245 358.768 179.296 -4.20059 2.9211 -12.9342
70 88.3658 0.108913 178.139 -4.20915 3.10437 -12.58
70 83.9214 2.38846 178.021 -4.35886 3.21557 -12.1921
70 78.9842 3.91526 179.158 -4.52152 3.20487 -11.7613
70 73.6616 3.69622 181.105 -4.55061 3.06042 -11.2968
70 67.9311 2.36915 182.691 -4.45874 2.88729 -10.7967
70 61.4944 1.6209 183.17 -4.37664 2.77159 -10.235
70 54.9054 1.88036 182.124 -4.37734 2.80724 -9.66002
70 48.1615 3.51099 179.693 -4.54136 3.03713 -9.07151
70 41.3905 3.98961 177.887 -4.63758 3.29151 -8.48063
70 34.5355 4.39258 176.719 -4.74448 3.5435 -7.88242
70 28.0196 3.84426 178.335 -4.75335 3.50883 -7.3138
70 21.5237 4.05312 180.399 -4.83263 3.35646 -6.74692
70 15.4402 5.49491 182.035 -5.0592 3.17789 -6.21604
70 9.40745 7.47684 181.229 -5.41323 3.23667 -5.68958
70 358.645 4.85319 177.88 -5.51294 3.40725 -5.19881
70 358.678 2.7893 177.742 14.7622 5.02961 -5.50504
70 349.486 3.62609 178.146 -11.5558 2.42321 -2.95944
70 345.475 6.13964 179.971 -5.62479 3.71235 -3.38856
70 341.986 7.52449 181.657 -5.89629 3.58611 -2.92891
70 338.706 7.78459 181.463 -6.1097 3.57981 -2.45644
70 335.793 6.28476 179.704 -6.14749 3.74902 -1.98439
70 333.297 2.96224 178.463 -5.96915 3.8999 -1.54303
70 331.117 0.844702 178.561 -5.77883 3.98223 -1.08915
70 329.059 1.52399 179.232 -5.7875 4.00669 -0.623543
